clon,clat,cdep,slip,lon1,lat1,dep1,lon2,lat2,dep2,lon3,lat3,dep3,lon4,lat4,dep4
9421927.951549724,31860786.971653614,803.021348330031,0.39676602261490757,9421590.405571423,31860390.52026549,286.6064606908667,9422014.680560015,31861300.38091472,286.6064606908667,9422265.497528024,31861183.423041746,1319.4362359691952,9421841.222539432,31860273.56239251,1319.4362359691952
9422352.226538314,31861696.83230285,803.021348330031,0.38059768815934014,9422014.680560015,31861300.38091472,286.6064606908667,9422438.955548603,31862210.241563953,286.6064606908667,9422689.772516614,31862093.283690974,1319.4362359691952,9422265.497528024,31861183.423041746,1319.4362359691952
9422776.501526905,31862606.69295208,803.021348330031,0.3886963197274333,9422438.955548603,31862210.241563953,286.6064606908667,9422863.230537195,31863120.102213185,286.6064606908667,9423114.047505205,31863003.144340206,1319.4362359691952,9422689.772516614,31862093.283690974,1319.4362359691952
9423200.776515495,31863516.553601317,803.021348330031,0.5487405691142637,9422863.230537195,31863120.102213185,286.6064606908667,9423287.505525785,31864029.96286242,286.6064606908667,9423538.322493795,31863913.00498944,1319.4362359691952,9423114.047505205,31863003.144340206,1319.4362359691952
9423625.051504087,31864426.41425055,803.021348330031,0.635403706280676,9423287.505525785,31864029.96286242,286.6064606908667,9423711.780514374,31864939.82351165,286.6064606908667,9423962.597482387,31864822.86563867,1319.4362359691952,9423538.322493795,31863913.00498944,1319.4362359691952
9424049.326492675,31865336.274899773,803.021348330031,0.5965585301833821,9423711.780514374,31864939.82351165,286.6064606908667,9424136.055502966,31865849.68416088,286.6064606908667,9424386.872470977,31865732.7262879,1319.4362359691952,9423962.597482387,31864822.86563867,1319.4362359691952
9424473.601481268,31866246.135549005,803.021348330031,0.6215182460660845,9424136.055502966,31865849.68416088,286.6064606908667,9424560.330491556,31866759.544810113,286.6064606908667,9424811.147459568,31866642.586937133,1319.4362359691952,9424386.872470977,31865732.7262879,1319.4362359691952
9424897.876469856,31867155.996198237,803.021348330031,0.29518251785716293,9424560.330491556,31866759.544810113,286.6064606908667,9424984.605480148,31867669.405459344,286.6064606908667,9425235.422448156,31867552.447586365,1319.4362359691952,9424811.147459568,31866642.586937133,1319.4362359691952
9425322.151458448,31868065.85684747,803.021348330031,0.3399407240304878,9424984.605480148,31867669.405459344,286.6064606908667,9425408.880468737,31868579.266108576,286.6064606908667,9425659.697436748,31868462.308235597,1319.4362359691952,9425235.422448156,31867552.447586365,1319.4362359691952
9425746.426447038,31868975.7174967,803.021348330031,0.7083273189796156,9425408.880468737,31868579.266108576,286.6064606908667,9425833.155457329,31869489.126757808,286.6064606908667,9426083.97242534,31869372.168884832,1319.4362359691952,9425659.697436748,31868462.308235597,1319.4362359691952
9426170.70143563,31869885.578145936,803.021348330031,0.758157254596424,9425833.155457329,31869489.126757808,286.6064606908667,9426257.430445919,31870398.98740704,286.6064606908667,9426508.24741393,31870282.02953406,1319.4362359691952,9426083.97242534,31869372.168884832,1319.4362359691952
9426594.97642422,31870795.438795168,803.021348330031,0.40612517812242216,9426257.430445919,31870398.98740704,286.6064606908667,9426681.705434509,31871308.848056268,286.6064606908667,9426932.52240252,31871191.890183292,1319.4362359691952,9426508.24741393,31870282.02953406,1319.4362359691952
9427019.25141281,31871705.299444396,803.021348330031,0.7173259328359846,9426681.705434509,31871308.848056268,286.6064606908667,9427105.980423098,31872218.708705503,286.6064606908667,9427356.797391111,31872101.750832524,1319.4362359691952,9426932.52240252,31871191.890183292,1319.4362359691952
9427443.5264014,31872615.160093628,803.021348330031,0.980138959164657,9427105.980423098,31872218.708705503,286.6064606908667,9427530.25541169,31873128.56935473,286.6064606908667,9427781.0723797,31873011.611481752,1319.4362359691952,9427356.797391111,31872101.750832524,1319.4362359691952
9427867.80138999,31873525.020742863,803.021348330031,1.0899678967473025,9427530.25541169,31873128.56935473,286.6064606908667,9427954.53040028,31874038.430003967,286.6064606908667,9428205.347368293,31873921.472130988,1319.4362359691952,9427781.0723797,31873011.611481752,1319.4362359691952
9428292.076378582,31874434.881392095,803.021348330031,1.2177236080285092,9427954.53040028,31874038.430003967,286.6064606908667,9428378.805388872,31874948.2906532,286.6064606908667,9428629.622356882,31874831.33278022,1319.4362359691952,9428205.347368293,31873921.472130988,1319.4362359691952
9428716.351367174,31875344.742041323,803.021348330031,1.2941913161652174,9428378.805388872,31874948.2906532,286.6064606908667,9428803.080377461,31875858.15130243,286.6064606908667,9429053.897345474,31875741.19342945,1319.4362359691952,9428629.622356882,31874831.33278022,1319.4362359691952
9429140.626355764,31876254.602690555,803.021348330031,1.29752793942946,9428803.080377461,31875858.15130243,286.6064606908667,9429227.355366053,31876768.011951663,286.6064606908667,9429478.172334064,31876651.054078683,1319.4362359691952,9429053.897345474,31875741.19342945,1319.4362359691952
9422178.768517734,31860670.01378064,1835.8511236083596,1.6767156226339426,9421841.222539432,31860273.56239251,1319.4362359691952,9422265.497528024,31861183.423041746,1319.4362359691952,9422516.314496035,31861066.465168767,2352.2660112475237,9422092.039507445,31860156.60451953,2352.2660112475237
9422603.043506326,31861579.874429874,1835.8511236083596,1.7715367479429973,9422265.497528024,31861183.423041746,1319.4362359691952,9422689.772516614,31862093.283690974,1319.4362359691952,9422940.589484626,31861976.325817995,2352.2660112475237,9422516.314496035,31861066.465168767,2352.2660112475237
9423027.318494916,31862489.7350791,1835.8511236083596,2.018932046913164,9422689.772516614,31862093.283690974,1319.4362359691952,9423114.047505205,31863003.144340206,1319.4362359691952,9423364.864473216,31862886.18646723,2352.2660112475237,9422940.589484626,31861976.325817995,2352.2660112475237
9423451.593483506,31863399.595728334,1835.8511236083596,2.7012528746753817,9423114.047505205,31863003.144340206,1319.4362359691952,9423538.322493795,31863913.00498944,1319.4362359691952,9423789.139461808,31863796.047116462,2352.2660112475237,9423364.864473216,31862886.18646723,2352.2660112475237
9423875.868472097,31864309.456377566,1835.8511236083596,3.1820197917096924,9423538.322493795,31863913.00498944,1319.4362359691952,9423962.597482387,31864822.86563867,1319.4362359691952,9424213.414450398,31864705.907765694,2352.2660112475237,9423789.139461808,31863796.047116462,2352.2660112475237
9424300.14346069,31865219.317026798,1835.8511236083596,3.599698042370781,9423962.597482387,31864822.86563867,1319.4362359691952,9424386.872470977,31865732.7262879,1319.4362359691952,9424637.68943899,31865615.768414922,2352.2660112475237,9424213.414450398,31864705.907765694,2352.2660112475237
9424724.418449279,31866129.177676026,1835.8511236083596,3.326752280936151,9424386.872470977,31865732.7262879,1319.4362359691952,9424811.147459568,31866642.586937133,1319.4362359691952,9425061.964427577,31866525.629064154,2352.2660112475237,9424637.68943899,31865615.768414922,2352.2660112475237
9425148.693437869,31867039.03832526,1835.8511236083596,3.46901132658963,9424811.147459568,31866642.586937133,1319.4362359691952,9425235.422448156,31867552.447586365,1319.4362359691952,9425486.239416169,31867435.489713386,2352.2660112475237,9425061.964427577,31866525.629064154,2352.2660112475237
9425572.968426457,31867948.898974493,1835.8511236083596,3.3882869936137987,9425235.422448156,31867552.447586365,1319.4362359691952,9425659.697436748,31868462.308235597,1319.4362359691952,9425910.514404759,31868345.350362618,2352.2660112475237,9425486.239416169,31867435.489713386,2352.2660112475237
9425997.24341505,31868858.759623725,1835.8511236083596,3.0636701654292686,9425659.697436748,31868462.308235597,1319.4362359691952,9426083.97242534,31869372.168884832,1319.4362359691952,9426334.78939335,31869255.211011853,2352.2660112475237,9425910.514404759,31868345.350362618,2352.2660112475237
9426421.51840364,31869768.62027296,1835.8511236083596,3.9156830401929787,9426083.97242534,31869372.168884832,1319.4362359691952,9426508.24741393,31870282.02953406,1319.4362359691952,9426759.06438194,31870165.07166108,2352.2660112475237,9426334.78939335,31869255.211011853,2352.2660112475237
9426845.793392232,31870678.48092218,1835.8511236083596,3.94088757718996,9426508.24741393,31870282.02953406,1319.4362359691952,9426932.52240252,31871191.890183292,1319.4362359691952,9427183.33937053,31871074.932310313,2352.2660112475237,9426759.06438194,31870165.07166108,2352.2660112475237
9427270.06838082,31871588.341571417,1835.8511236083596,2.5085249964500425,9426932.52240252,31871191.890183292,1319.4362359691952,9427356.797391111,31872101.750832524,1319.4362359691952,9427607.614359122,31871984.792959545,2352.2660112475237,9427183.33937053,31871074.932310313,2352.2660112475237
9427694.343369413,31872498.20222065,1835.8511236083596,2.1407901597298915,9427356.797391111,31872101.750832524,1319.4362359691952,9427781.0723797,31873011.611481752,1319.4362359691952,9428031.889347712,31872894.653608777,2352.2660112475237,9427607.614359122,31871984.792959545,2352.2660112475237
9428118.618358001,31873408.06286988,1835.8511236083596,2.269096696460531,9427781.0723797,31873011.611481752,1319.4362359691952,9428205.347368293,31873921.472130988,1319.4362359691952,9428456.164336301,31873804.51425801,2352.2660112475237,9428031.889347712,31872894.653608777,2352.2660112475237
9428542.893346593,31874317.923519112,1835.8511236083596,2.8914193431262682,9428205.347368293,31873921.472130988,1319.4362359691952,9428629.622356882,31874831.33278022,1319.4362359691952,9428880.439324893,31874714.37490724,2352.2660112475237,9428456.164336301,31873804.51425801,2352.2660112475237
9428967.168335183,31875227.784168348,1835.8511236083596,2.2878834897994103,9428629.622356882,31874831.33278022,1319.4362359691952,9429053.897345474,31875741.19342945,1319.4362359691952,9429304.714313483,31875624.235556472,2352.2660112475237,9428880.439324893,31874714.37490724,2352.2660112475237
9429391.443323772,31876137.64481758,1835.8511236083596,1.6306814001271164,9429053.897345474,31875741.19342945,1319.4362359691952,9429478.172334064,31876651.054078683,1319.4362359691952,9429728.989302073,31876534.096205704,2352.2660112475237,9429304.714313483,31875624.235556472,2352.2660112475237
9422429.585485747,31860553.05590766,2868.6808988866883,1.8413403863225812,9422092.039507445,31860156.60451953,2352.2660112475237,9422516.314496035,31861066.465168767,2352.2660112475237,9422767.131464047,31860949.507295787,3385.0957865258524,9422342.856475456,31860039.64664655,3385.0957865258524
9422853.860474335,31861462.916556887,2868.6808988866883,2.579774154554658,9422516.314496035,31861066.465168767,2352.2660112475237,9422940.589484626,31861976.325817995,2352.2660112475237,9423191.406452637,31861859.367945015,3385.0957865258524,9422767.131464047,31860949.507295787,3385.0957865258524
9423278.135462927,31862372.777206123,2868.6808988866883,2.767651055617009,9422940.589484626,31861976.325817995,2352.2660112475237,9423364.864473216,31862886.18646723,2352.2660112475237,9423615.681441227,31862769.22859425,3385.0957865258524,9423191.406452637,31861859.367945015,3385.0957865258524
9423702.410451517,31863282.637855355,2868.6808988866883,2.198670829688973,9423364.864473216,31862886.18646723,2352.2660112475237,9423789.139461808,31863796.047116462,2352.2660112475237,9424039.956429819,31863679.089243483,3385.0957865258524,9423615.681441227,31862769.22859425,3385.0957865258524
9424126.68544011,31864192.498504587,2868.6808988866883,1.9720361742693775,9423789.139461808,31863796.047116462,2352.2660112475237,9424213.414450398,31864705.907765694,2352.2660112475237,9424464.231418407,31864588.949892715,3385.0957865258524,9424039.956429819,31863679.089243483,3385.0957865258524
9424550.960428698,31865102.35915382,2868.6808988866883,1.9191160441239823,9424213.414450398,31864705.907765694,2352.2660112475237,9424637.68943899,31865615.768414922,2352.2660112475237,9424888.506406998,31865498.810541943,3385.0957865258524,9424464.231418407,31864588.949892715,3385.0957865258524
9424975.23541729,31866012.21980305,2868.6808988866883,2.100752229654685,9424637.68943899,31865615.768414922,2352.2660112475237,9425061.964427577,31866525.629064154,2352.2660112475237,9425312.781395588,31866408.67119118,3385.0957865258524,9424888.506406998,31865498.810541943,3385.0957865258524
9425399.51040588,31866922.080452286,2868.6808988866883,2.1010984237636543,9425061.964427577,31866525.629064154,2352.2660112475237,9425486.239416169,31867435.489713386,2352.2660112475237,9425737.05638418,31867318.531840406,3385.0957865258524,9425312.781395588,31866408.67119118,3385.0957865258524
9425823.78539447,31867831.94110151,2868.6808988866883,1.8970083348792386,9425486.239416169,31867435.489713386,2352.2660112475237,9425910.514404759,31868345.350362618,2352.2660112475237,9426161.33137277,31868228.392489642,3385.0957865258524,9425737.05638418,31867318.531840406,3385.0957865258524
9426248.060383061,31868741.801750746,2868.6808988866883,1.9730508883440785,9425910.514404759,31868345.350362618,2352.2660112475237,9426334.78939335,31869255.211011853,2352.2660112475237,9426585.606361361,31869138.253138874,3385.0957865258524,9426161.33137277,31868228.392489642,3385.0957865258524
9426672.335371649,31869651.662399977,2868.6808988866883,2.0904061000838356,9426334.78939335,31869255.211011853,2352.2660112475237,9426759.06438194,31870165.07166108,2352.2660112475237,9427009.881349951,31870048.1137881,3385.0957865258524,9426585.606361361,31869138.253138874,3385.0957865258524
9427096.610360242,31870561.52304921,2868.6808988866883,2.8392733128914065,9426759.06438194,31870165.07166108,2352.2660112475237,9427183.33937053,31871074.932310313,2352.2660112475237,9427434.156338543,31870957.974437334,3385.0957865258524,9427009.881349951,31870048.1137881,3385.0957865258524
9427520.88534883,31871471.383698437,2868.6808988866883,2.5758005734797638,9427183.33937053,31871074.932310313,2352.2660112475237,9427607.614359122,31871984.792959545,2352.2660112475237,9427858.43132713,31871867.835086565,3385.0957865258524,9427434.156338543,31870957.974437334,3385.0957865258524
9427945.160337422,31872381.24434767,2868.6808988866883,1.9214268963161176,9427607.614359122,31871984.792959545,2352.2660112475237,9428031.889347712,31872894.653608777,2352.2660112475237,9428282.706315722,31872777.695735797,3385.0957865258524,9427858.43132713,31871867.835086565,3385.0957865258524
9428369.435326012,31873291.104996905,2868.6808988866883,2.008745565689463,9428031.889347712,31872894.653608777,2352.2660112475237,9428456.164336301,31873804.51425801,2352.2660112475237,9428706.981304312,31873687.55638503,3385.0957865258524,9428282.706315722,31872777.695735797,3385.0957865258524
9428793.710314604,31874200.965646137,2868.6808988866883,1.8062709923865041,9428456.164336301,31873804.51425801,2352.2660112475237,9428880.439324893,31874714.37490724,2352.2660112475237,9429131.256292904,31874597.417034265,3385.0957865258524,9428706.981304312,31873687.55638503,3385.0957865258524
9429217.985303193,31875110.826295372,2868.6808988866883,1.6849134753985244,9428880.439324893,31874714.37490724,2352.2660112475237,9429304.714313483,31875624.235556472,2352.2660112475237,9429555.531281494,31875507.277683493,3385.0957865258524,9429131.256292904,31874597.417034265,3385.0957865258524
9429642.260291785,31876020.686944596,2868.6808988866883,1.6069969873401653,9429304.714313483,31875624.235556472,2352.2660112475237,9429728.989302073,31876534.096205704,2352.2660112475237,9429979.806270085,31876417.13833273,3385.0957865258524,9429555.531281494,31875507.277683493,3385.0957865258524
9422680.402453756,31860436.098034684,3901.510674165016,1.5722587727965898,9422342.856475456,31860039.64664655,3385.0957865258524,9422767.131464047,31860949.507295787,3385.0957865258524,9423017.948432056,31860832.549422808,4417.925561804181,9422593.673443466,31859922.688773576,4417.925561804181
9423104.677442346,31861345.95868391,3901.510674165016,1.5707250238481527,9422767.131464047,31860949.507295787,3385.0957865258524,9423191.406452637,31861859.367945015,3385.0957865258524,9423442.223420646,31861742.41007204,4417.925561804181,9423017.948432056,31860832.549422808,4417.925561804181
9423528.952430937,31862255.819333144,3901.510674165016,1.671386618304644,9423191.406452637,31861859.367945015,3385.0957865258524,9423615.681441227,31862769.22859425,3385.0957865258524,9423866.498409238,31862652.27072127,4417.925561804181,9423442.223420646,31861742.41007204,4417.925561804181
9423953.227419527,31863165.679982375,3901.510674165016,1.7745768840533196,9423615.681441227,31862769.22859425,3385.0957865258524,9424039.956429819,31863679.089243483,3385.0957865258524,9424290.773397828,31863562.131370503,4417.925561804181,9423866.498409238,31862652.27072127,4417.925561804181
9424377.502408119,31864075.54063161,3901.510674165016,2.4928988043301845,9424039.956429819,31863679.089243483,3385.0957865258524,9424464.231418407,31864588.949892715,3385.0957865258524,9424715.04838642,31864471.992019735,4417.925561804181,9424290.773397828,31863562.131370503,4417.925561804181
9424801.777396709,31864985.401280843,3901.510674165016,3.969468315925896,9424464.231418407,31864588.949892715,3385.0957865258524,9424888.506406998,31865498.810541943,3385.0957865258524,9425139.323375009,31865381.852668963,4417.925561804181,9424715.04838642,31864471.992019735,4417.925561804181
9425226.0523853,31865895.26193007,3901.510674165016,4.170421448824573,9424888.506406998,31865498.810541943,3385.0957865258524,9425312.781395588,31866408.67119118,3385.0957865258524,9425563.5983636,31866291.7133182,4417.925561804181,9425139.323375009,31865381.852668963,4417.925561804181
9425650.32737389,31866805.1225793,3901.510674165016,4.201288726443087,9425312.781395588,31866408.67119118,3385.0957865258524,9425737.05638418,31867318.531840406,3385.0957865258524,9425987.87335219,31867201.573967427,4417.925561804181,9425563.5983636,31866291.7133182,4417.925561804181
9426074.60236248,31867714.98322853,3901.510674165016,4.2600980671757815,9425737.05638418,31867318.531840406,3385.0957865258524,9426161.33137277,31868228.392489642,3385.0957865258524,9426412.14834078,31868111.434616663,4417.925561804181,9425987.87335219,31867201.573967427,4417.925561804181
9426498.87735107,31868624.843877766,3901.510674165016,4.310763139760856,9426161.33137277,31868228.392489642,3385.0957865258524,9426585.606361361,31869138.253138874,3385.0957865258524,9426836.423329372,31869021.295265894,4417.925561804181,9426412.14834078,31868111.434616663,4417.925561804181
9426923.152339663,31869534.704526998,3901.510674165016,4.26107823450807,9426585.606361361,31869138.253138874,3385.0957865258524,9427009.881349951,31870048.1137881,3385.0957865258524,9427260.698317964,31869931.155915126,4417.925561804181,9426836.423329372,31869021.295265894,4417.925561804181
9427347.427328253,31870444.56517623,3901.510674165016,4.2578977574547805,9427009.881349951,31870048.1137881,3385.0957865258524,9427434.156338543,31870957.974437334,3385.0957865258524,9427684.973306552,31870841.016564354,4417.925561804181,9427260.698317964,31869931.155915126,4417.925561804181
9427771.702316843,31871354.42582546,3901.510674165016,4.049267533515345,9427434.156338543,31870957.974437334,3385.0957865258524,9427858.43132713,31871867.835086565,3385.0957865258524,9428109.248295143,31871750.877213586,4417.925561804181,9427684.973306552,31870841.016564354,4417.925561804181
9428195.97730543,31872264.286474697,3901.510674165016,3.983009320936406,9427858.43132713,31871867.835086565,3385.0957865258524,9428282.706315722,31872777.695735797,3385.0957865258524,9428533.523283733,31872660.737862818,4417.925561804181,9428109.248295143,31871750.877213586,4417.925561804181
9428620.252294024,31873174.14712392,3901.510674165016,3.7278029748607677,9428282.706315722,31872777.695735797,3385.0957865258524,9428706.981304312,31873687.55638503,3385.0957865258524,9428957.798272325,31873570.59851205,4417.925561804181,9428533.523283733,31872660.737862818,4417.925561804181
9429044.527282614,31874084.007773157,3901.510674165016,3.006933409969087,9428706.981304312,31873687.55638503,3385.0957865258524,9429131.256292904,31874597.417034265,3385.0957865258524,9429382.073260915,31874480.459161285,4417.925561804181,9428957.798272325,31873570.59851205,4417.925561804181
9429468.802271206,31874993.86842239,3901.510674165016,2.063874449911553,9429131.256292904,31874597.417034265,3385.0957865258524,9429555.531281494,31875507.277683493,3385.0957865258524,9429806.348249506,31875390.319810513,4417.925561804181,9429382.073260915,31874480.459161285,4417.925561804181
9429893.077259794,31875903.72907162,3901.510674165016,1.681419156652724,9429555.531281494,31875507.277683493,3385.0957865258524,9429979.806270085,31876417.13833273,3385.0957865258524,9430230.623238096,31876300.18045975,4417.925561804181,9429806.348249506,31875390.319810513,4417.925561804181
9422931.219421767,31860319.1401617,4934.340449443344,1.6704845164462365,9422593.673443466,31859922.688773576,4417.925561804181,9423017.948432056,31860832.549422808,4417.925561804181,9423268.765400067,31860715.59154983,5450.755337082509,9422844.490411477,31859805.730900597,5450.755337082509
9423355.494410358,31861229.000810932,4934.340449443344,1.5539671525373233,9423017.948432056,31860832.549422808,4417.925561804181,9423442.223420646,31861742.41007204,4417.925561804181,9423693.040388659,31861625.45219906,5450.755337082509,9423268.765400067,31860715.59154983,5450.755337082509
9423779.769398946,31862138.861460168,4934.340449443344,1.506777496702642,9423442.223420646,31861742.41007204,4417.925561804181,9423866.498409238,31862652.27072127,4417.925561804181,9424117.315377248,31862535.312848292,5450.755337082509,9423693.040388659,31861625.45219906,5450.755337082509
9424204.04438754,31863048.7221094,4934.340449443344,1.4274383250186644,9423866.498409238,31862652.27072127,4417.925561804181,9424290.773397828,31863562.131370503,4417.925561804181,9424541.59036584,31863445.173497528,5450.755337082509,9424117.315377248,31862535.312848292,5450.755337082509
9424628.31937613,31863958.582758635,4934.340449443344,1.4601710209109289,9424290.773397828,31863562.131370503,4417.925561804181,9424715.04838642,31864471.992019735,4417.925561804181,9424965.86535443,31864355.034146756,5450.755337082509,9424541.59036584,31863445.173497528,5450.755337082509
9425052.594364721,31864868.44340786,4934.340449443344,1.5985868272446773,9424715.04838642,31864471.992019735,4417.925561804181,9425139.323375009,31865381.852668963,4417.925561804181,9425390.140343022,31865264.894795988,5450.755337082509,9424965.86535443,31864355.034146756,5450.755337082509
9425476.86935331,31865778.304057095,4934.340449443344,1.594552791875394,9425139.323375009,31865381.852668963,4417.925561804181,9425563.5983636,31866291.7133182,4417.925561804181,9425814.415331611,31866174.75544522,5450.755337082509,9425390.140343022,31865264.894795988,5450.755337082509
9425901.144341901,31866688.164706323,4934.340449443344,1.68010111057807,9425563.5983636,31866291.7133182,4417.925561804181,9425987.87335219,31867201.573967427,4417.925561804181,9426238.690320201,31867084.616094448,5450.755337082509,9425814.415331611,31866174.75544522,5450.755337082509
9426325.41933049,31867598.025355555,4934.340449443344,1.8193561823860087,9425987.87335219,31867201.573967427,4417.925561804181,9426412.14834078,31868111.434616663,4417.925561804181,9426662.965308791,31867994.476743683,5450.755337082509,9426238.690320201,31867084.616094448,5450.755337082509
9426749.694319082,31868507.886004787,4934.340449443344,2.3682600404095187,9426412.14834078,31868111.434616663,4417.925561804181,9426836.423329372,31869021.295265894,4417.925561804181,9427087.240297383,31868904.337392915,5450.755337082509,9426662.965308791,31867994.476743683,5450.755337082509
9427173.969307672,31869417.74665402,4934.340449443344,3.125863411400395,9426836.423329372,31869021.295265894,4417.925561804181,9427260.698317964,31869931.155915126,4417.925561804181,9427511.515285973,31869814.198042147,5450.755337082509,9427087.240297383,31868904.337392915,5450.755337082509
9427598.244296264,31870327.607303254,4934.340449443344,3.8799414085449504,9427260.698317964,31869931.155915126,4417.925561804181,9427684.973306552,31870841.016564354,4417.925561804181,9427935.790274564,31870724.058691375,5450.755337082509,9427511.515285973,31869814.198042147,5450.755337082509
9428022.519284854,31871237.46795248,4934.340449443344,3.636746010745857,9427684.973306552,31870841.016564354,4417.925561804181,9428109.248295143,31871750.877213586,4417.925561804181,9428360.065263154,31871633.91934061,5450.755337082509,9427935.790274564,31870724.058691375,5450.755337082509
9428446.794273445,31872147.32860171,4934.340449443344,2.971407401556278,9428109.248295143,31871750.877213586,4417.925561804181,9428533.523283733,31872660.737862818,4417.925561804181,9428784.340251744,31872543.77998984,5450.755337082509,9428360.065263154,31871633.91934061,5450.755337082509
9428871.069262035,31873057.189250942,4934.340449443344,1.9019932359380054,9428533.523283733,31872660.737862818,4417.925561804181,9428957.798272325,31873570.59851205,4417.925561804181,9429208.615240335,31873453.640639074,5450.755337082509,9428784.340251744,31872543.77998984,5450.755337082509
9429295.344250625,31873967.049900178,4934.340449443344,1.5558358053051935,9428957.798272325,31873570.59851205,4417.925561804181,9429382.073260915,31874480.459161285,4417.925561804181,9429632.890228925,31874363.501288306,5450.755337082509,9429208.615240335,31873453.640639074,5450.755337082509
9429719.619239217,31874876.91054941,4934.340449443344,1.5356821487296548,9429382.073260915,31874480.459161285,4417.925561804181,9429806.348249506,31875390.319810513,4417.925561804181,9430057.165217517,31875273.361937534,5450.755337082509,9429632.890228925,31874363.501288306,5450.755337082509
9430143.894227805,31875786.77119864,4934.340449443344,1.6201818624425277,9429806.348249506,31875390.319810513,4417.925561804181,9430230.623238096,31876300.18045975,4417.925561804181,9430481.440206105,31876183.22258677,5450.755337082509,9430057.165217517,31875273.361937534,5450.755337082509
9423182.036389777,31860202.182288725,5967.170224721674,1.4534551662379822,9422844.490411477,31859805.730900597,5450.755337082509,9423268.765400067,31860715.59154983,5450.755337082509,9423519.58236808,31860598.63367685,6483.585112360837,9423095.307379488,31859688.773027617,6483.585112360837
9423606.31137837,31861112.04293796,5967.170224721674,1.3062478819120233,9423268.765400067,31860715.59154983,5450.755337082509,9423693.040388659,31861625.45219906,5450.755337082509,9423943.85735667,31861508.49432608,6483.585112360837,9423519.58236808,31860598.63367685,6483.585112360837
9424030.58636696,31862021.903587185,5967.170224721674,1.1002476610993457,9423693.040388659,31861625.45219906,5450.755337082509,9424117.315377248,31862535.312848292,5450.755337082509,9424368.132345261,31862418.354975313,6483.585112360837,9423943.85735667,31861508.49432608,6483.585112360837
9424454.86135555,31862931.76423642,5967.170224721674,0.9742208904165188,9424117.315377248,31862535.312848292,5450.755337082509,9424541.59036584,31863445.173497528,5450.755337082509,9424792.40733385,31863328.21562455,6483.585112360837,9424368.132345261,31862418.354975313,6483.585112360837
9424879.13634414,31863841.62488565,5967.170224721674,0.8629452278785157,9424541.59036584,31863445.173497528,5450.755337082509,9424965.86535443,31864355.034146756,5450.755337082509,9425216.68232244,31864238.076273777,6483.585112360837,9424792.40733385,31863328.21562455,6483.585112360837
9425303.41133273,31864751.48553488,5967.170224721674,0.594224100426332,9424965.86535443,31864355.034146756,5450.755337082509,9425390.140343022,31865264.894795988,5450.755337082509,9425640.95731103,31865147.93692301,6483.585112360837,9425216.68232244,31864238.076273777,6483.585112360837
9425727.686321322,31865661.346184112,5967.170224721674,0.42930462291472504,9425390.140343022,31865264.894795988,5450.755337082509,9425814.415331611,31866174.75544522,5450.755337082509,9426065.23229962,31866057.79757224,6483.585112360837,9425640.95731103,31865147.93692301,6483.585112360837
9426151.961309912,31866571.206833344,5967.170224721674,0.3455005755182338,9425814.415331611,31866174.75544522,5450.755337082509,9426238.690320201,31867084.616094448,5450.755337082509,9426489.507288212,31866967.658221472,6483.585112360837,9426065.23229962,31866057.79757224,6483.585112360837
9426576.236298501,31867481.06748258,5967.170224721674,0.42167416313688383,9426238.690320201,31867084.616094448,5450.755337082509,9426662.965308791,31867994.476743683,5450.755337082509,9426913.782276802,31867877.518870704,6483.585112360837,9426489.507288212,31866967.658221472,6483.585112360837
9427000.511287091,31868390.92813181,5967.170224721674,0.6609642174326583,9426662.965308791,31867994.476743683,5450.755337082509,9427087.240297383,31868904.337392915,5450.755337082509,9427338.057265393,31868787.379519936,6483.585112360837,9426913.782276802,31867877.518870704,6483.585112360837
9427424.786275683,31869300.788781047,5967.170224721674,0.956700201953977,9427087.240297383,31868904.337392915,5450.755337082509,9427511.515285973,31869814.198042147,5450.755337082509,9427762.332253983,31869697.240169168,6483.585112360837,9427338.057265393,31868787.379519936,6483.585112360837
9427849.061264275,31870210.64943027,5967.170224721674,1.27355469066782,9427511.515285973,31869814.198042147,5450.755337082509,9427935.790274564,31870724.058691375,5450.755337082509,9428186.607242575,31870607.100818396,6483.585112360837,9427762.332253983,31869697.240169168,6483.585112360837
9428273.336252864,31871120.510079507,5967.170224721674,1.2425451132221847,9427935.790274564,31870724.058691375,5450.755337082509,9428360.065263154,31871633.91934061,5450.755337082509,9428610.882231165,31871516.96146763,6483.585112360837,9428186.607242575,31870607.100818396,6483.585112360837
9428697.611241454,31872030.370728735,5967.170224721674,1.1532321049806038,9428360.065263154,31871633.91934061,5450.755337082509,9428784.340251744,31872543.77998984,5450.755337082509,9429035.157219755,31872426.82211686,6483.585112360837,9428610.882231165,31871516.96146763,6483.585112360837
9429121.886230044,31872940.231377963,5967.170224721674,1.1659643807920406,9428784.340251744,31872543.77998984,5450.755337082509,9429208.615240335,31873453.640639074,5450.755337082509,9429459.432208344,31873336.682766095,6483.585112360837,9429035.157219755,31872426.82211686,6483.585112360837
9429546.161218636,31873850.0920272,5967.170224721674,1.2572422360102764,9429208.615240335,31873453.640639074,5450.755337082509,9429632.890228925,31874363.501288306,5450.755337082509,9429883.707196938,31874246.543415327,6483.585112360837,9429459.432208344,31873336.682766095,6483.585112360837
9429970.436207227,31874759.95267643,5967.170224721674,1.2828933273413472,9429632.890228925,31874363.501288306,5450.755337082509,9430057.165217517,31875273.361937534,5450.755337082509,9430307.982185526,31875156.40406456,6483.585112360837,9429883.707196938,31874246.543415327,6483.585112360837
9430394.711195817,31875669.813325666,5967.170224721674,1.4481751894115582,9430057.165217517,31875273.361937534,5450.755337082509,9430481.440206105,31876183.22258677,5450.755337082509,9430732.257174117,31876066.26471379,6483.585112360837,9430307.982185526,31875156.40406456,6483.585112360837
9423432.85335779,31860085.22441574,7000.000000000002,1.0131454732827279,9423095.307379488,31859688.773027617,6483.585112360837,9423519.58236808,31860598.63367685,6483.585112360837,9423770.39933609,31860481.675803874,7516.4148876391655,9423346.124347499,31859571.81515464,7516.4148876391655
9423857.12834638,31860995.085064977,7000.000000000002,0.6915306232537627,9423519.58236808,31860598.63367685,6483.585112360837,9423943.85735667,31861508.49432608,6483.585112360837,9424194.674324678,31861391.5364531,7516.4148876391655,9423770.39933609,31860481.675803874,7516.4148876391655
9424281.40333497,31861904.94571421,7000.000000000002,0.0745619864853831,9423943.85735667,31861508.49432608,6483.585112360837,9424368.132345261,31862418.354975313,6483.585112360837,9424618.94931327,31862301.397102337,7516.4148876391655,9424194.674324678,31861391.5364531,7516.4148876391655
9424705.67832356,31862814.806363445,7000.000000000002,0.035070354028126374,9424368.132345261,31862418.354975313,6483.585112360837,9424792.40733385,31863328.21562455,6483.585112360837,9425043.224301862,31863211.25775157,7516.4148876391655,9424618.94931327,31862301.397102337,7516.4148876391655
9425129.953312151,31863724.667012673,7000.000000000002,0.024525017036172967,9424792.40733385,31863328.21562455,6483.585112360837,9425216.68232244,31864238.076273777,6483.585112360837,9425467.499290451,31864121.118400797,7516.4148876391655,9425043.224301862,31863211.25775157,7516.4148876391655
9425554.228300741,31864634.527661905,7000.000000000002,0.036210086749638895,9425216.68232244,31864238.076273777,6483.585112360837,9425640.95731103,31865147.93692301,6483.585112360837,9425891.774279041,31865030.97905003,7516.4148876391655,9425467.499290451,31864121.118400797,7516.4148876391655
9425978.503289333,31865544.388311137,7000.000000000002,0.07875636268912266,9425640.95731103,31865147.93692301,6483.585112360837,9426065.23229962,31866057.79757224,6483.585112360837,9426316.049267633,31865940.83969926,7516.4148876391655,9425891.774279041,31865030.97905003,7516.4148876391655
9426402.77827792,31866454.24896037,7000.000000000002,0.4465560211403947,9426065.23229962,31866057.79757224,6483.585112360837,9426489.507288212,31866967.658221472,6483.585112360837,9426740.324256223,31866850.700348493,7516.4148876391655,9426316.049267633,31865940.83969926,7516.4148876391655
9426827.053266514,31867364.109609596,7000.000000000002,0.9291635939429647,9426489.507288212,31866967.658221472,6483.585112360837,9426913.782276802,31867877.518870704,6483.585112360837,9427164.599244814,31867760.560997725,7516.4148876391655,9426740.324256223,31866850.700348493,7516.4148876391655
9427251.328255104,31868273.97025883,7000.000000000002,1.2049041666155238,9426913.782276802,31867877.518870704,6483.585112360837,9427338.057265393,31868787.379519936,6483.585112360837,9427588.874233404,31868670.42164696,7516.4148876391655,9427164.599244814,31867760.560997725,7516.4148876391655
9427675.603243696,31869183.83090806,7000.000000000002,1.0065294424708913,9427338.057265393,31868787.379519936,6483.585112360837,9427762.332253983,31869697.240169168,6483.585112360837,9428013.149221996,31869580.28229619,7516.4148876391655,9427588.874233404,31868670.42164696,7516.4148876391655
9428099.878232284,31870093.691557292,7000.000000000002,0.9831674991311824,9427762.332253983,31869697.240169168,6483.585112360837,9428186.607242575,31870607.100818396,6483.585112360837,9428437.424210586,31870490.14294542,7516.4148876391655,9428013.149221996,31869580.28229619,7516.4148876391655
9428524.153220875,31871003.552206524,7000.000000000002,0.9842268735627785,9428186.607242575,31870607.100818396,6483.585112360837,9428610.882231165,31871516.96146763,6483.585112360837,9428861.699199175,31871400.00359465,7516.4148876391655,9428437.424210586,31870490.14294542,7516.4148876391655
9428948.428209465,31871913.412855756,7000.000000000002,0.754274489672278,9428610.882231165,31871516.96146763,6483.585112360837,9429035.157219755,31872426.82211686,6483.585112360837,9429285.974187765,31872309.86424388,7516.4148876391655,9428861.699199175,31871400.00359465,7516.4148876391655
9429372.703198057,31872823.27350499,7000.000000000002,0.47574380093703567,9429035.157219755,31872426.82211686,6483.585112360837,9429459.432208344,31873336.682766095,6483.585112360837,9429710.249176357,31873219.724893115,7516.4148876391655,9429285.974187765,31872309.86424388,7516.4148876391655
9429796.978186646,31873733.134154223,7000.000000000002,0.5167140924592646,9429459.432208344,31873336.682766095,6483.585112360837,9429883.707196938,31874246.543415327,6483.585112360837,9430134.524164947,31874129.585542347,7516.4148876391655,9429710.249176357,31873219.724893115,7516.4148876391655
9430221.253175238,31874642.994803455,7000.000000000002,0.7016424599742196,9429883.707196938,31874246.543415327,6483.585112360837,9430307.982185526,31875156.40406456,6483.585112360837,9430558.799153538,31875039.44619158,7516.4148876391655,9430134.524164947,31874129.585542347,7516.4148876391655
9430645.528163828,31875552.855452683,7000.000000000002,0.9344635541194123,9430307.982185526,31875156.40406456,6483.585112360837,9430732.257174117,31876066.26471379,6483.585112360837,9430983.074142128,31875949.30684081,7516.4148876391655,9430558.799153538,31875039.44619158,7516.4148876391655
9423683.6703258,31859968.266542766,8032.82977527833,0.24564798948718036,9423346.124347499,31859571.81515464,7516.4148876391655,9423770.39933609,31860481.675803874,7516.4148876391655,9424021.216304103,31860364.71793089,8549.244662917496,9423596.941315513,31859454.85728166,8549.244662917496
9424107.94531439,31860878.127191998,8032.82977527833,0.1127770991413549,9423770.39933609,31860481.675803874,7516.4148876391655,9424194.674324678,31861391.5364531,7516.4148876391655,9424445.491292695,31861274.578580122,8549.244662917496,9424021.216304103,31860364.71793089,8549.244662917496
9424532.220302982,31861787.987841226,8032.82977527833,0.07137202801903747,9424194.674324678,31861391.5364531,7516.4148876391655,9424618.94931327,31862301.397102337,7516.4148876391655,9424869.766281284,31862184.439229354,8549.244662917496,9424445.491292695,31861274.578580122,8549.244662917496
9424956.495291574,31862697.84849046,8032.82977527833,0.04628278376674627,9424618.94931327,31862301.397102337,7516.4148876391655,9425043.224301862,31863211.25775157,7516.4148876391655,9425294.041269876,31863094.299878586,8549.244662917496,9424869.766281284,31862184.439229354,8549.244662917496
9425380.770280164,31863607.709139694,8032.82977527833,0.04137547184556798,9425043.224301862,31863211.25775157,7516.4148876391655,9425467.499290451,31864121.118400797,7516.4148876391655,9425718.316258466,31864004.16052782,8549.244662917496,9425294.041269876,31863094.299878586,8549.244662917496
9425805.045268754,31864517.56978893,8032.82977527833,0.06881209812615417,9425467.499290451,31864121.118400797,7516.4148876391655,9425891.774279041,31865030.97905003,7516.4148876391655,9426142.591247058,31864914.02117705,8549.244662917496,9425718.316258466,31864004.16052782,8549.244662917496
9426229.320257345,31865427.430438153,8032.82977527833,0.17619094773093424,9425891.774279041,31865030.97905003,7516.4148876391655,9426316.049267633,31865940.83969926,7516.4148876391655,9426566.866235647,31865823.88182628,8549.244662917496,9426142.591247058,31864914.02117705,8549.244662917496
9426653.595245935,31866337.29108739,8032.82977527833,0.47944295507092216,9426316.049267633,31865940.83969926,7516.4148876391655,9426740.324256223,31866850.700348493,7516.4148876391655,9426991.141224237,31866733.742475513,8549.244662917496,9426566.866235647,31865823.88182628,8549.244662917496
9427077.870234525,31867247.15173662,8032.82977527833,0.6570236824278943,9426740.324256223,31866850.700348493,7516.4148876391655,9427164.599244814,31867760.560997725,7516.4148876391655,9427415.416212827,31867643.60312474,8549.244662917496,9426991.141224237,31866733.742475513,8549.244662917496
9427502.145223117,31868157.012385853,8032.82977527833,0.6631067020001831,9427164.599244814,31867760.560997725,7516.4148876391655,9427588.874233404,31868670.42164696,7516.4148876391655,9427839.691201419,31868553.463773977,8549.244662917496,9427415.416212827,31867643.60312474,8549.244662917496
9427926.420211708,31869066.873035084,8032.82977527833,0.5982570907721719,9427588.874233404,31868670.42164696,7516.4148876391655,9428013.149221996,31869580.28229619,7516.4148876391655,9428263.966190008,31869463.32442321,8549.244662917496,9427839.691201419,31868553.463773977,8549.244662917496
9428350.695200298,31869976.733684313,8032.82977527833,0.6936774208132418,9428013.149221996,31869580.28229619,7516.4148876391655,9428437.424210586,31870490.14294542,7516.4148876391655,9428688.241178598,31870373.18507244,8549.244662917496,9428263.966190008,31869463.32442321,8549.244662917496
9428774.970188888,31870886.594333548,8032.82977527833,0.8795544846946977,9428437.424210586,31870490.14294542,7516.4148876391655,9428861.699199175,31871400.00359465,7516.4148876391655,9429112.51616719,31871283.045721672,8549.244662917496,9428688.241178598,31870373.18507244,8549.244662917496
9429199.24517748,31871796.45498278,8032.82977527833,1.0411609288367223,9428861.699199175,31871400.00359465,7516.4148876391655,9429285.974187765,31872309.86424388,7516.4148876391655,9429536.79115578,31872192.906370904,8549.244662917496,9429112.51616719,31871283.045721672,8549.244662917496
9429623.520166067,31872706.315632008,8032.82977527833,1.2763650426439836,9429285.974187765,31872309.86424388,7516.4148876391655,9429710.249176357,31873219.724893115,7516.4148876391655,9429961.066144371,31873102.767020132,8549.244662917496,9429536.79115578,31872192.906370904,8549.244662917496
9430047.79515466,31873616.17628124,8032.82977527833,1.300174941769716,9429710.249176357,31873219.724893115,7516.4148876391655,9430134.524164947,31874129.585542347,7516.4148876391655,9430385.341132961,31874012.627669368,8549.244662917496,9429961.066144371,31873102.767020132,8549.244662917496
9430472.070143249,31874526.03693047,8032.82977527833,1.2596893305662882,9430134.524164947,31874129.585542347,7516.4148876391655,9430558.799153538,31875039.44619158,7516.4148876391655,9430809.616121553,31874922.4883186,8549.244662917496,9430385.341132961,31874012.627669368,8549.244662917496
9430896.345131839,31875435.897579703,8032.82977527833,1.0269547767532525,9430558.799153538,31875039.44619158,7516.4148876391655,9430983.074142128,31875949.30684081,7516.4148876391655,9431233.89111014,31875832.348967828,8549.244662917496,9430809.616121553,31874922.4883186,8549.244662917496
9423934.487293815,31859851.308669787,9065.659550556658,0.6768435964492068,9423596.941315513,31859454.85728166,8549.244662917496,9424021.216304103,31860364.71793089,8549.244662917496,9424272.033272116,31860247.76005791,9582.074438195821,9423847.758283524,31859337.899408683,9582.074438195821
9424358.762282403,31860761.16931902,9065.659550556658,0.7427588971698379,9424021.216304103,31860364.71793089,8549.244662917496,9424445.491292695,31861274.578580122,8549.244662917496,9424696.308260705,31861157.620707143,9582.074438195821,9424272.033272116,31860247.76005791,9582.074438195821
9424783.037270997,31861671.029968254,9065.659550556658,0.4425227563466272,9424445.491292695,31861274.578580122,8549.244662917496,9424869.766281284,31862184.439229354,8549.244662917496,9425120.583249295,31862067.481356375,9582.074438195821,9424696.308260705,31861157.620707143,9582.074438195821
9425207.312259587,31862580.89061748,9065.659550556658,0.19374440201530155,9424869.766281284,31862184.439229354,8549.244662917496,9425294.041269876,31863094.299878586,8549.244662917496,9425544.858237887,31862977.342005607,9582.074438195821,9425120.583249295,31862067.481356375,9582.074438195821
9425631.587248178,31863490.75126671,9065.659550556658,0.16540644479138672,9425294.041269876,31863094.299878586,8549.244662917496,9425718.316258466,31864004.16052782,8549.244662917496,9425969.133226477,31863887.202654842,9582.074438195821,9425544.858237887,31862977.342005607,9582.074438195821
9426055.862236766,31864400.611915942,9065.659550556658,0.31552212431964977,9425718.316258466,31864004.16052782,8549.244662917496,9426142.591247058,31864914.02117705,8549.244662917496,9426393.408215066,31864797.06330407,9582.074438195821,9425969.133226477,31863887.202654842,9582.074438195821
9426480.137225356,31865310.472565174,9065.659550556658,0.35430066547322286,9426142.591247058,31864914.02117705,8549.244662917496,9426566.866235647,31865823.88182628,8549.244662917496,9426817.683203656,31865706.923953302,9582.074438195821,9426393.408215066,31864797.06330407,9582.074438195821
9426904.412213948,31866220.333214406,9065.659550556658,0.1921906727311229,9426566.866235647,31865823.88182628,8549.244662917496,9426991.141224237,31866733.742475513,8549.244662917496,9427241.958192248,31866616.784602534,9582.074438195821,9426817.683203656,31865706.923953302,9582.074438195821
9427328.687202537,31867130.193863638,9065.659550556658,0.10068604316014924,9426991.141224237,31866733.742475513,8549.244662917496,9427415.416212827,31867643.60312474,8549.244662917496,9427666.233180838,31867526.645251766,9582.074438195821,9427241.958192248,31866616.784602534,9582.074438195821
9427752.96219113,31868040.054512873,9065.659550556658,0.09885265942396324,9427415.416212827,31867643.60312474,8549.244662917496,9427839.691201419,31868553.463773977,8549.244662917496,9428090.50816943,31868436.505900998,9582.074438195821,9427666.233180838,31867526.645251766,9582.074438195821
9428177.237179717,31868949.915162105,9065.659550556658,0.1892670928304242,9427839.691201419,31868553.463773977,8549.244662917496,9428263.966190008,31869463.32442321,8549.244662917496,9428514.78315802,31869346.36655023,9582.074438195821,9428090.50816943,31868436.505900998,9582.074438195821
9428601.51216831,31869859.77581134,9065.659550556658,0.5539077642378228,9428263.966190008,31869463.32442321,8549.244662917496,9428688.241178598,31870373.18507244,8549.244662917496,9428939.05814661,31870256.22719946,9582.074438195821,9428514.78315802,31869346.36655023,9582.074438195821
9429025.7871569,31870769.636460565,9065.659550556658,0.6015459833907342,9428688.241178598,31870373.18507244,8549.244662917496,9429112.51616719,31871283.045721672,8549.244662917496,9429363.3331352,31871166.087848693,9582.074438195821,9428939.05814661,31870256.22719946,9582.074438195821
9429450.062145492,31871679.4971098,9065.659550556658,0.4569379057692507,9429112.51616719,31871283.045721672,8549.244662917496,9429536.79115578,31872192.906370904,8549.244662917496,9429787.60812379,31872075.948497925,9582.074438195821,9429363.3331352,31871166.087848693,9582.074438195821
9429874.33713408,31872589.35775903,9065.659550556658,0.4817916963204094,9429536.79115578,31872192.906370904,8549.244662917496,9429961.066144371,31873102.767020132,8549.244662917496,9430211.88311238,31872985.809147153,9582.074438195821,9429787.60812379,31872075.948497925,9582.074438195821
9430298.612122672,31873499.218408257,9065.659550556658,0.5919436203548344,9429961.066144371,31873102.767020132,8549.244662917496,9430385.341132961,31874012.627669368,8549.244662917496,9430636.158100974,31873895.66979639,9582.074438195821,9430211.88311238,31872985.809147153,9582.074438195821
9430722.887111261,31874409.079057492,9065.659550556658,0.3199121460058801,9430385.341132961,31874012.627669368,8549.244662917496,9430809.616121553,31874922.4883186,8549.244662917496,9431060.433089562,31874805.53044562,9582.074438195821,9430636.158100974,31873895.66979639,9582.074438195821
9431147.162099853,31875318.939706724,9065.659550556658,0.43437158298218276,9430809.616121553,31874922.4883186,8549.244662917496,9431233.89111014,31875832.348967828,8549.244662917496,9431484.708078153,31875715.391094852,9582.074438195821,9431060.433089562,31874805.53044562,9582.074438195821
9424185.304261826,31859734.35079681,10098.489325834986,0.3229069524142177,9423847.758283524,31859337.899408683,9582.074438195821,9424272.033272116,31860247.76005791,9582.074438195821,9424522.850240126,31860130.802184932,10614.904213474152,9424098.575251535,31859220.941535704,10614.904213474152
9424609.579250414,31860644.211446036,10098.489325834986,0.6927148771532521,9424272.033272116,31860247.76005791,9582.074438195821,9424696.308260705,31861157.620707143,9582.074438195821,9424947.125228714,31861040.662834167,10614.904213474152,9424522.850240126,31860130.802184932,10614.904213474152
9425033.854239006,31861554.07209527,10098.489325834986,0.8546006604919227,9424696.308260705,31861157.620707143,9582.074438195821,9425120.583249295,31862067.481356375,9582.074438195821,9425371.400217306,31861950.523483396,10614.904213474152,9424947.125228714,31861040.662834167,10614.904213474152
9425458.129227595,31862463.932744503,10098.489325834986,0.5826593810569205,9425120.583249295,31862067.481356375,9582.074438195821,9425544.858237887,31862977.342005607,9582.074438195821,9425795.675205898,31862860.38413263,10614.904213474152,9425371.400217306,31861950.523483396,10614.904213474152
9425882.404216187,31863373.79339374,10098.489325834986,0.21859807521875974,9425544.858237887,31862977.342005607,9582.074438195821,9425969.133226477,31863887.202654842,9582.074438195821,9426219.950194487,31863770.244781863,10614.904213474152,9425795.675205898,31862860.38413263,10614.904213474152
9426306.679204777,31864283.654042967,10098.489325834986,0.25489537917277155,9425969.133226477,31863887.202654842,9582.074438195821,9426393.408215066,31864797.06330407,9582.074438195821,9426644.225183077,31864680.10543109,10614.904213474152,9426219.950194487,31863770.244781863,10614.904213474152
9426730.954193369,31865193.5146922,10098.489325834986,0.1122124323054154,9426393.408215066,31864797.06330407,9582.074438195821,9426817.683203656,31865706.923953302,9582.074438195821,9427068.500171669,31865589.966080323,10614.904213474152,9426644.225183077,31864680.10543109,10614.904213474152
9427155.229181958,31866103.37534143,10098.489325834986,0.13851731161487282,9426817.683203656,31865706.923953302,9582.074438195821,9427241.958192248,31866616.784602534,9582.074438195821,9427492.775160259,31866499.826729555,10614.904213474152,9427068.500171669,31865589.966080323,10614.904213474152
9427579.504170548,31867013.235990662,10098.489325834986,0.33526225756702743,9427241.958192248,31866616.784602534,9582.074438195821,9427666.233180838,31867526.645251766,9582.074438195821,9427917.05014885,31867409.687378787,10614.904213474152,9427492.775160259,31866499.826729555,10614.904213474152
9428003.77915914,31867923.09663989,10098.489325834986,0.6093132152246821,9427666.233180838,31867526.645251766,9582.074438195821,9428090.50816943,31868436.505900998,9582.074438195821,9428341.32513744,31868319.54802802,10614.904213474152,9427917.05014885,31867409.687378787,10614.904213474152
9428428.054147732,31868832.957289122,10098.489325834986,0.7739244831996817,9428090.50816943,31868436.505900998,9582.074438195821,9428514.78315802,31869346.36655023,9582.074438195821,9428765.600126032,31869229.408677254,10614.904213474152,9428341.32513744,31868319.54802802,10614.904213474152
9428852.329136321,31869742.817938354,10098.489325834986,0.8977620997778163,9428514.78315802,31869346.36655023,9582.074438195821,9428939.05814661,31870256.22719946,9582.074438195821,9429189.875114622,31870139.269326482,10614.904213474152,9428765.600126032,31869229.408677254,10614.904213474152
9429276.604124911,31870652.678587586,10098.489325834986,0.9015529309182864,9428939.05814661,31870256.22719946,9582.074438195821,9429363.3331352,31871166.087848693,9582.074438195821,9429614.150103211,31871049.129975718,10614.904213474152,9429189.875114622,31870139.269326482,10614.904213474152
9429700.879113501,31871562.53923682,10098.489325834986,0.6998391853338509,9429363.3331352,31871166.087848693,9582.074438195821,9429787.60812379,31872075.948497925,9582.074438195821,9430038.425091801,31871958.990624946,10614.904213474152,9429614.150103211,31871049.129975718,10614.904213474152
9430125.154102093,31872472.39988605,10098.489325834986,0.3110605303674093,9429787.60812379,31872075.948497925,9582.074438195821,9430211.88311238,31872985.809147153,9582.074438195821,9430462.700080393,31872868.851274174,10614.904213474152,9430038.425091801,31871958.990624946,10614.904213474152
9430549.429090682,31873382.260535285,10098.489325834986,0.29720627201509386,9430211.88311238,31872985.809147153,9582.074438195821,9430636.158100974,31873895.66979639,9582.074438195821,9430886.975068983,31873778.71192341,10614.904213474152,9430462.700080393,31872868.851274174,10614.904213474152
9430973.704079274,31874292.121184517,10098.489325834986,0.37191775274973277,9430636.158100974,31873895.66979639,9582.074438195821,9431060.433089562,31874805.53044562,9582.074438195821,9431311.250057574,31874688.57257264,10614.904213474152,9430886.975068983,31873778.71192341,10614.904213474152
9431397.979067862,31875201.98183375,10098.489325834986,0.14610666320125612,9431060.433089562,31874805.53044562,9582.074438195821,9431484.708078153,31875715.391094852,9582.074438195821,9431735.525046164,31875598.433221873,10614.904213474152,9431311.250057574,31874688.57257264,10614.904213474152
9424436.121229837,31859617.392923824,11131.319101113315,1.3286583457461585,9424098.575251535,31859220.941535704,10614.904213474152,9424522.850240126,31860130.802184932,10614.904213474152,9424773.667208135,31860013.844311953,11647.733988752478,9424349.392219547,31859103.983662724,11647.733988752478
9424860.396218427,31860527.25357306,11131.319101113315,1.3366268314375207,9424522.850240126,31860130.802184932,10614.904213474152,9424947.125228714,31861040.662834167,10614.904213474152,9425197.942196727,31860923.70496119,11647.733988752478,9424773.667208135,31860013.844311953,11647.733988752478
9425284.671207014,31861437.11422229,11131.319101113315,1.2787166305722448,9424947.125228714,31861040.662834167,10614.904213474152,9425371.400217306,31861950.523483396,10614.904213474152,9425622.217185317,31861833.565610416,11647.733988752478,9425197.942196727,31860923.70496119,11647.733988752478
9425708.946195608,31862346.97487152,11131.319101113315,1.1707184251245222,9425371.400217306,31861950.523483396,10614.904213474152,9425795.675205898,31862860.38413263,10614.904213474152,9426046.492173908,31862743.42625965,11647.733988752478,9425622.217185317,31861833.565610416,11647.733988752478
9426133.221184198,31863256.835520755,11131.319101113315,0.8786473507954751,9425795.675205898,31862860.38413263,10614.904213474152,9426219.950194487,31863770.244781863,10614.904213474152,9426470.767162498,31863653.286908884,11647.733988752478,9426046.492173908,31862743.42625965,11647.733988752478
9426557.49617279,31864166.696169987,11131.319101113315,0.3663242313275691,9426219.950194487,31863770.244781863,10614.904213474152,9426644.225183077,31864680.10543109,10614.904213474152,9426895.04215109,31864563.147558115,11647.733988752478,9426470.767162498,31863653.286908884,11647.733988752478
9426981.771161377,31865076.556819223,11131.319101113315,0.10267571942507424,9426644.225183077,31864680.10543109,10614.904213474152,9427068.500171669,31865589.966080323,10614.904213474152,9427319.31713968,31865473.008207344,11647.733988752478,9426895.04215109,31864563.147558115,11647.733988752478
9427406.046149971,31865986.417468447,11131.319101113315,0.08879434440541173,9427068.500171669,31865589.966080323,10614.904213474152,9427492.775160259,31866499.826729555,10614.904213474152,9427743.592128271,31866382.86885658,11647.733988752478,9427319.31713968,31865473.008207344,11647.733988752478
9427830.321138559,31866896.278117683,11131.319101113315,0.2021053922562242,9427492.775160259,31866499.826729555,10614.904213474152,9427917.05014885,31867409.687378787,10614.904213474152,9428167.86711686,31867292.729505807,11647.733988752478,9427743.592128271,31866382.86885658,11647.733988752478
9428254.59612715,31867806.138766915,11131.319101113315,0.24887566582085208,9427917.05014885,31867409.687378787,10614.904213474152,9428341.32513744,31868319.54802802,10614.904213474152,9428592.142105453,31868202.59015504,11647.733988752478,9428167.86711686,31867292.729505807,11647.733988752478
9428678.87111574,31868715.99941615,11131.319101113315,0.2984458228935997,9428341.32513744,31868319.54802802,10614.904213474152,9428765.600126032,31869229.408677254,10614.904213474152,9429016.41709404,31869112.450804275,11647.733988752478,9428592.142105453,31868202.59015504,11647.733988752478
9429103.146104332,31869625.86006538,11131.319101113315,0.5619509780739319,9428765.600126032,31869229.408677254,10614.904213474152,9429189.875114622,31870139.269326482,10614.904213474152,9429440.69208263,31870022.311453503,11647.733988752478,9429016.41709404,31869112.450804275,11647.733988752478
9429527.421092922,31870535.720714606,11131.319101113315,0.862099825399236,9429189.875114622,31870139.269326482,10614.904213474152,9429614.150103211,31871049.129975718,10614.904213474152,9429864.967071222,31870932.17210274,11647.733988752478,9429440.69208263,31870022.311453503,11647.733988752478
9429951.696081514,31871445.581363842,11131.319101113315,0.7699721309939082,9429614.150103211,31871049.129975718,10614.904213474152,9430038.425091801,31871958.990624946,10614.904213474152,9430289.242059812,31871842.032751966,11647.733988752478,9429864.967071222,31870932.17210274,11647.733988752478
9430375.971070103,31872355.442013074,11131.319101113315,0.6601913554728456,9430038.425091801,31871958.990624946,10614.904213474152,9430462.700080393,31872868.851274174,10614.904213474152,9430713.517048404,31872751.893401198,11647.733988752478,9430289.242059812,31871842.032751966,11647.733988752478
9430800.246058691,31873265.3026623,11131.319101113315,0.3852845062179293,9430462.700080393,31872868.851274174,10614.904213474152,9430886.975068983,31873778.71192341,10614.904213474152,9431137.792036993,31873661.75405043,11647.733988752478,9430713.517048404,31872751.893401198,11647.733988752478
9431224.521047285,31874175.163311534,11131.319101113315,0.25077702392067763,9430886.975068983,31873778.71192341,10614.904213474152,9431311.250057574,31874688.57257264,10614.904213474152,9431562.067025585,31874571.614699665,11647.733988752478,9431137.792036993,31873661.75405043,11647.733988752478
9431648.796035875,31875085.023960765,11131.319101113315,0.1170177584176558,9431311.250057574,31874688.57257264,10614.904213474152,9431735.525046164,31875598.433221873,10614.904213474152,9431986.342014175,31875481.475348894,11647.733988752478,9431562.067025585,31874571.614699665,11647.733988752478
9424686.938197847,31859500.43505085,12164.148876391642,1.508441371394947,9424349.392219547,31859103.983662724,11647.733988752478,9424773.667208135,31860013.844311953,11647.733988752478,9425024.484176148,31859896.886438977,12680.563764030809,9424600.209187556,31858987.025789745,12680.563764030809
9425111.213186437,31860410.29570008,12164.148876391642,1.5197444190892213,9424773.667208135,31860013.844311953,11647.733988752478,9425197.942196727,31860923.70496119,11647.733988752478,9425448.759164738,31860806.74708821,12680.563764030809,9425024.484176148,31859896.886438977,12680.563764030809
9425535.488175029,31861320.156349313,12164.148876391642,1.4106225089757116,9425197.942196727,31860923.70496119,11647.733988752478,9425622.217185317,31861833.565610416,11647.733988752478,9425873.034153327,31861716.607737437,12680.563764030809,9425448.759164738,31860806.74708821,12680.563764030809
9425959.763163619,31862230.016998548,12164.148876391642,1.0120350127644273,9425622.217185317,31861833.565610416,11647.733988752478,9426046.492173908,31862743.42625965,11647.733988752478,9426297.309141919,31862626.468386672,12680.563764030809,9425873.034153327,31861716.607737437,12680.563764030809
9426384.038152209,31863139.87764778,12164.148876391642,0.7697017691461829,9426046.492173908,31862743.42625965,11647.733988752478,9426470.767162498,31863653.286908884,11647.733988752478,9426721.584130509,31863536.329035904,12680.563764030809,9426297.309141919,31862626.468386672,12680.563764030809
9426808.3131408,31864049.73829701,12164.148876391642,0.37909978397966015,9426470.767162498,31863653.286908884,11647.733988752478,9426895.04215109,31864563.147558115,11647.733988752478,9427145.8591191,31864446.189685136,12680.563764030809,9426721.584130509,31863536.329035904,12680.563764030809
9427232.58812939,31864959.598946236,12164.148876391642,0.28997446902166735,9426895.04215109,31864563.147558115,11647.733988752478,9427319.31713968,31865473.008207344,11647.733988752478,9427570.134107688,31865356.050334364,12680.563764030809,9427145.8591191,31864446.189685136,12680.563764030809
9427656.86311798,31865869.459595468,12164.148876391642,0.10406384554665417,9427319.31713968,31865473.008207344,11647.733988752478,9427743.592128271,31866382.86885658,11647.733988752478,9427994.40909628,31866265.9109836,12680.563764030809,9427570.134107688,31865356.050334364,12680.563764030809
9428081.13810657,31866779.320244703,12164.148876391642,0.1432049441050255,9427743.592128271,31866382.86885658,11647.733988752478,9428167.86711686,31867292.729505807,11647.733988752478,9428418.68408487,31867175.771632828,12680.563764030809,9427994.40909628,31866265.9109836,12680.563764030809
9428505.413095161,31867689.18089393,12164.148876391642,0.1964928288932414,9428167.86711686,31867292.729505807,11647.733988752478,9428592.142105453,31868202.59015504,11647.733988752478,9428842.959073462,31868085.632282063,12680.563764030809,9428418.68408487,31867175.771632828,12680.563764030809
9428929.688083751,31868599.041543167,12164.148876391642,0.24954462893160706,9428592.142105453,31868202.59015504,11647.733988752478,9429016.41709404,31869112.450804275,11647.733988752478,9429267.234062051,31868995.492931295,12680.563764030809,9428842.959073462,31868085.632282063,12680.563764030809
9429353.963072343,31869508.9021924,12164.148876391642,0.2196912327961442,9429016.41709404,31869112.450804275,11647.733988752478,9429440.69208263,31870022.311453503,11647.733988752478,9429691.509050643,31869905.353580523,12680.563764030809,9429267.234062051,31868995.492931295,12680.563764030809
9429778.238060933,31870418.762841634,12164.148876391642,0.5797556826340902,9429440.69208263,31870022.311453503,11647.733988752478,9429864.967071222,31870932.17210274,11647.733988752478,9430115.784039233,31870815.21422976,12680.563764030809,9429691.509050643,31869905.353580523,12680.563764030809
9430202.513049522,31871328.623490866,12164.148876391642,0.5032130077153658,9429864.967071222,31870932.17210274,11647.733988752478,9430289.242059812,31871842.032751966,11647.733988752478,9430540.059027825,31871725.074878987,12680.563764030809,9430115.784039233,31870815.21422976,12680.563764030809
9430626.788038114,31872238.484140094,12164.148876391642,0.6174292177434852,9430289.242059812,31871842.032751966,11647.733988752478,9430713.517048404,31872751.893401198,11647.733988752478,9430964.334016414,31872634.93552822,12680.563764030809,9430540.059027825,31871725.074878987,12680.563764030809
9431051.063026706,31873148.344789326,12164.148876391642,0.9728214065327722,9430713.517048404,31872751.893401198,11647.733988752478,9431137.792036993,31873661.75405043,11647.733988752478,9431388.609005006,31873544.79617745,12680.563764030809,9430964.334016414,31872634.93552822,12680.563764030809
9431475.338015296,31874058.205438558,12164.148876391642,1.239395485966199,9431137.792036993,31873661.75405043,11647.733988752478,9431562.067025585,31874571.614699665,11647.733988752478,9431812.883993596,31874454.656826686,12680.563764030809,9431388.609005006,31873544.79617745,12680.563764030809
9431899.613003885,31874968.06608779,12164.148876391642,1.2970825928507757,9431562.067025585,31874571.614699665,11647.733988752478,9431986.342014175,31875481.475348894,11647.733988752478,9432237.158982186,31875364.517475914,12680.563764030809,9431812.883993596,31874454.656826686,12680.563764030809
9424937.755165858,31859383.47717787,13196.978651669973,0.04778960205065844,9424600.209187556,31858987.025789745,12680.563764030809,9425024.484176148,31859896.886438977,12680.563764030809,9425275.301144158,31859779.928565998,13713.393539309134,9424851.026155567,31858870.067916766,13713.393539309134
9425362.030154448,31860293.337827105,13196.978651669973,0.01127645851213417,9425024.484176148,31859896.886438977,12680.563764030809,9425448.759164738,31860806.74708821,12680.563764030809,9425699.576132748,31860689.78921523,13713.393539309134,9425275.301144158,31859779.928565998,13713.393539309134
9425786.305143038,31861203.198476337,13196.978651669973,0.0077503831696770975,9425448.759164738,31860806.74708821,12680.563764030809,9425873.034153327,31861716.607737437,12680.563764030809,9426123.851121338,31861599.64986446,13713.393539309134,9425699.576132748,31860689.78921523,13713.393539309134
9426210.580131628,31862113.059125565,13196.978651669973,0.003969705862032631,9425873.034153327,31861716.607737437,12680.563764030809,9426297.309141919,31862626.468386672,12680.563764030809,9426548.12610993,31862509.510513693,13713.393539309134,9426123.851121338,31861599.64986446,13713.393539309134
9426634.855120221,31863022.919774797,13196.978651669973,0.007844087500416442,9426297.309141919,31862626.468386672,12680.563764030809,9426721.584130509,31863536.329035904,12680.563764030809,9426972.401098521,31863419.37116293,13713.393539309134,9426548.12610993,31862509.510513693,13713.393539309134
9427059.130108811,31863932.780424032,13196.978651669973,0.03767997012096086,9426721.584130509,31863536.329035904,12680.563764030809,9427145.8591191,31864446.189685136,12680.563764030809,9427396.67608711,31864329.231812157,13713.393539309134,9426972.401098521,31863419.37116293,13713.393539309134
9427483.4050974,31864842.64107326,13196.978651669973,0.09191776204708536,9427145.8591191,31864446.189685136,12680.563764030809,9427570.134107688,31865356.050334364,12680.563764030809,9427820.951075701,31865239.092461385,13713.393539309134,9427396.67608711,31864329.231812157,13713.393539309134
9427907.680085989,31865752.501722492,13196.978651669973,0.22573456976615996,9427570.134107688,31865356.050334364,12680.563764030809,9427994.40909628,31866265.9109836,12680.563764030809,9428245.22606429,31866148.95311062,13713.393539309134,9427820.951075701,31865239.092461385,13713.393539309134
9428331.955074582,31866662.362371724,13196.978651669973,0.18223497757392246,9427994.40909628,31866265.9109836,12680.563764030809,9428418.68408487,31867175.771632828,12680.563764030809,9428669.501052883,31867058.81375985,13713.393539309134,9428245.22606429,31866148.95311062,13713.393539309134
9428756.230063172,31867572.223020956,13196.978651669973,0.16754791449823755,9428418.68408487,31867175.771632828,12680.563764030809,9428842.959073462,31868085.632282063,12680.563764030809,9429093.776041472,31867968.674409084,13713.393539309134,9428669.501052883,31867058.81375985,13713.393539309134
9429180.505051764,31868482.08367019,13196.978651669973,0.32653856551387883,9428842.959073462,31868085.632282063,12680.563764030809,9429267.234062051,31868995.492931295,12680.563764030809,9429518.051030064,31868878.535058316,13713.393539309134,9429093.776041472,31867968.674409084,13713.393539309134
9429604.780040352,31869391.944319423,13196.978651669973,0.7668454184683355,9429267.234062051,31868995.492931295,12680.563764030809,9429691.509050643,31869905.353580523,12680.563764030809,9429942.326018654,31869788.395707548,13713.393539309134,9429518.051030064,31868878.535058316,13713.393539309134
9430029.055028945,31870301.80496865,13196.978651669973,0.5439968823048181,9429691.509050643,31869905.353580523,12680.563764030809,9430115.784039233,31870815.21422976,12680.563764030809,9430366.601007245,31870698.25635678,13713.393539309134,9429942.326018654,31869788.395707548,13713.393539309134
9430453.330017533,31871211.66561788,13196.978651669973,0.0890181817406507,9430115.784039233,31870815.21422976,12680.563764030809,9430540.059027825,31871725.074878987,12680.563764030809,9430790.875995833,31871608.11700601,13713.393539309134,9430366.601007245,31870698.25635678,13713.393539309134
9430877.605006125,31872121.526267115,13196.978651669973,0.05726014611058401,9430540.059027825,31871725.074878987,12680.563764030809,9430964.334016414,31872634.93552822,12680.563764030809,9431215.150984425,31872517.97765524,13713.393539309134,9430790.875995833,31871608.11700601,13713.393539309134
9431301.879994715,31873031.386916343,13196.978651669973,0.06951916502710713,9430964.334016414,31872634.93552822,12680.563764030809,9431388.609005006,31873544.79617745,12680.563764030809,9431639.425973015,31873427.83830447,13713.393539309134,9431215.150984425,31872517.97765524,13713.393539309134
9431726.154983306,31873941.24756558,13196.978651669973,0.23353445377076099,9431388.609005006,31873544.79617745,12680.563764030809,9431812.883993596,31874454.656826686,12680.563764030809,9432063.700961607,31874337.698953707,13713.393539309134,9431639.425973015,31873427.83830447,13713.393539309134
9432150.429971896,31874851.10821481,13196.978651669973,0.8040607077574881,9431812.883993596,31874454.656826686,12680.563764030809,9432237.158982186,31875364.517475914,12680.563764030809,9432487.975950196,31875247.559602935,13713.393539309134,9432063.700961607,31874337.698953707,13713.393539309134
