clon,clat,cdep,slip,lon1,lat1,dep1,lon2,lat2,dep2,lon3,lat3,dep3,lon4,lat4,dep4
9419017.518048218,31852220.71871156,497.0733753532989,1.8860176469209562,9418685.280215299,31851823.10408196,1.0,9419108.550163258,31852730.8094146,1.0,9419349.755881138,31852618.333341163,993.1467507065978,9418926.485933179,31851710.628008522,993.1467507065978
9419440.787996178,31853128.424044203,497.0733753532989,1.609353394121546,9419108.550163258,31852730.8094146,1.0,9419531.820111219,31853638.514747243,1.0,9419773.025829097,31853526.038673803,993.1467507065978,9419349.755881138,31852618.333341163,993.1467507065978
9419864.057944138,31854036.129376844,497.0733753532989,1.3828432947120683,9419531.820111219,31853638.514747243,1.0,9419955.090059176,31854546.220079884,1.0,9420196.295777058,31854433.744006447,993.1467507065978,9419773.025829097,31853526.038673803,993.1467507065978
9420287.327892097,31854943.834709488,497.0733753532989,1.0358656992080937,9419955.090059176,31854546.220079884,1.0,9420378.360007137,31855453.92541253,1.0,9420619.565725015,31855341.449339088,993.1467507065978,9420196.295777058,31854433.744006447,993.1467507065978
9420710.597840056,31855851.540042132,497.0733753532989,0.9197602603421542,9420378.360007137,31855453.92541253,1.0,9420801.629955096,31856361.63074517,1.0,9421042.835672975,31856249.154671732,993.1467507065978,9420619.565725015,31855341.449339088,993.1467507065978
9421133.867788015,31856759.245374773,497.0733753532989,0.8444241854768921,9420801.629955096,31856361.63074517,1.0,9421224.899903055,31857269.336077813,1.0,9421466.105620936,31857156.860004377,993.1467507065978,9421042.835672975,31856249.154671732,993.1467507065978
9421557.137735976,31857666.950707413,497.0733753532989,0.8919336483933017,9421224.899903055,31857269.336077813,1.0,9421648.169851014,31858177.041410454,1.0,9421889.375568895,31858064.56533702,993.1467507065978,9421466.105620936,31857156.860004377,993.1467507065978
9421980.407683935,31858574.656040058,497.0733753532989,0.9193810324838428,9421648.169851014,31858177.041410454,1.0,9422071.439798974,31859084.746743098,1.0,9422312.645516854,31858972.270669658,993.1467507065978,9421889.375568895,31858064.56533702,993.1467507065978
9422403.677631894,31859482.361372698,497.0733753532989,1.1686063534824407,9422071.439798974,31859084.746743098,1.0,9422494.709746934,31859992.452075742,1.0,9422735.915464813,31859879.976002302,993.1467507065978,9422312.645516854,31858972.270669658,993.1467507065978
9422826.947579853,31860390.066705342,497.0733753532989,1.5068859120125853,9422494.709746934,31859992.452075742,1.0,9422917.979694892,31860900.157408383,1.0,9423159.18541277,31860787.681334943,993.1467507065978,9422735.915464813,31859879.976002302,993.1467507065978
9423250.21752781,31861297.772037987,497.0733753532989,1.1950243054982612,9422917.979694892,31860900.157408383,1.0,9423341.249642853,31861807.862741023,1.0,9423582.455360731,31861695.386667587,993.1467507065978,9423159.18541277,31860787.681334943,993.1467507065978
9423673.487475771,31862205.477370627,497.0733753532989,0.8880963404685281,9423341.249642853,31861807.862741023,1.0,9423764.519590812,31862715.568073664,1.0,9424005.72530869,31862603.09200023,993.1467507065978,9423582.455360731,31861695.386667587,993.1467507065978
9424096.75742373,31863113.182703268,497.0733753532989,0.6433342362996408,9423764.519590812,31862715.568073664,1.0,9424187.78953877,31863623.273406312,1.0,9424428.995256651,31863510.797332875,993.1467507065978,9424005.72530869,31862603.09200023,993.1467507065978
9424520.027371692,31864020.888035912,497.0733753532989,0.5681314071470946,9424187.78953877,31863623.273406312,1.0,9424611.05948673,31864530.978738952,1.0,9424852.26520461,31864418.502665512,993.1467507065978,9424428.995256651,31863510.797332875,993.1467507065978
9424943.297319649,31864928.593368553,497.0733753532989,0.4053483185100946,9424611.05948673,31864530.978738952,1.0,9425034.32943469,31865438.684071597,1.0,9425275.535152568,31865326.207998157,993.1467507065978,9424852.26520461,31864418.502665512,993.1467507065978
9425366.56726761,31865836.298701197,497.0733753532989,0.2587102103603572,9425034.32943469,31865438.684071597,1.0,9425457.59938265,31866346.389404237,1.0,9425698.805100529,31866233.9133308,993.1467507065978,9425275.535152568,31865326.207998157,993.1467507065978
9425789.837215569,31866744.00403384,497.0733753532989,0.2833597680991928,9425457.59938265,31866346.389404237,1.0,9425880.869330607,31867254.09473688,1.0,9426122.075048486,31867141.61866344,993.1467507065978,9425698.805100529,31866233.9133308,993.1467507065978
9426213.107163526,31867651.70936648,497.0733753532989,0.3478910014578721,9425880.869330607,31867254.09473688,1.0,9426304.139278566,31868161.800069522,1.0,9426545.344996447,31868049.323996086,993.1467507065978,9426122.075048486,31867141.61866344,993.1467507065978
9426636.377111487,31868559.414699126,497.0733753532989,0.31874502480444417,9426304.139278566,31868161.800069522,1.0,9426727.409226527,31869069.505402163,1.0,9426968.614944406,31868957.029328726,993.1467507065978,9426545.344996447,31868049.323996086,993.1467507065978
9427059.647059446,31869467.120031767,497.0733753532989,0.12532352670016064,9426727.409226527,31869069.505402163,1.0,9427150.679174485,31869977.210734807,1.0,9427391.884892363,31869864.73466137,993.1467507065978,9426968.614944406,31868957.029328726,993.1467507065978
9427482.917007405,31870374.825364407,497.0733753532989,0.26047542246231437,9427150.679174485,31869977.210734807,1.0,9427573.949122446,31870884.91606745,1.0,9427815.154840324,31870772.43999401,993.1467507065978,9427391.884892363,31869864.73466137,993.1467507065978
9427906.186955364,31871282.53069705,497.0733753532989,0.45113286737865443,9427573.949122446,31870884.91606745,1.0,9427997.219070405,31871792.621400096,1.0,9428238.424788283,31871680.145326655,993.1467507065978,9427815.154840324,31870772.43999401,993.1467507065978
9428329.456903324,31872190.236029696,497.0733753532989,0.2898713409573844,9427997.219070405,31871792.621400096,1.0,9428420.489018364,31872700.326732736,1.0,9428661.694736244,31872587.850659296,993.1467507065978,9428238.424788283,31871680.145326655,993.1467507065978
9428752.726851283,31873097.941362336,497.0733753532989,0.3183285414278428,9428420.489018364,31872700.326732736,1.0,9428843.758966323,31873608.032065377,1.0,9429084.964684201,31873495.55599194,993.1467507065978,9428661.694736244,31872587.850659296,993.1467507065978
9429175.996799242,31874005.64669498,497.0733753532989,0.2786940105259979,9428843.758966323,31873608.032065377,1.0,9429267.028914282,31874515.737398017,1.0,9429508.234632162,31874403.261324584,993.1467507065978,9429084.964684201,31873495.55599194,993.1467507065978
9429599.266747203,31874913.35202762,497.0733753532989,0.47165453580726746,9429267.028914282,31874515.737398017,1.0,9429690.298862243,31875423.44273066,1.0,9429931.504580121,31875310.966657225,993.1467507065978,9429508.234632162,31874403.261324584,993.1467507065978
9430022.53669516,31875821.05736026,497.0733753532989,0.18139190571542327,9429690.298862243,31875423.44273066,1.0,9430113.5688102,31876331.148063306,1.0,9430354.774528079,31876218.671989866,993.1467507065978,9429931.504580121,31875310.966657225,993.1467507065978
9430445.80664312,31876728.762692906,497.0733753532989,0.0350366124488738,9430113.5688102,31876331.148063306,1.0,9430536.83875816,31877238.853395946,1.0,9430778.04447604,31877126.377322506,993.1467507065978,9430354.774528079,31876218.671989866,993.1467507065978
9430869.07659108,31877636.46802555,497.0733753532989,0.11811898008270082,9430536.83875816,31877238.853395946,1.0,9430960.10870612,31878146.55872859,1.0,9431201.314423999,31878034.08265515,993.1467507065978,9430778.04447604,31877126.377322506,993.1467507065978
9431292.34653904,31878544.17335819,497.0733753532989,0.057760155404102946,9430960.10870612,31878146.55872859,1.0,9431383.37865408,31879054.26406123,1.0,9431624.58437196,31878941.787987795,993.1467507065978,9431201.314423999,31878034.08265515,993.1467507065978
9431715.616487,31879451.878690835,497.0733753532989,0.025731768810558348,9431383.37865408,31879054.26406123,1.0,9431806.648602039,31879961.969393875,1.0,9432047.854319917,31879849.49332044,993.1467507065978,9431624.58437196,31878941.787987795,993.1467507065978
9432138.886434957,31880359.584023476,497.0733753532989,0.0419398145282129,9431806.648602039,31879961.969393875,1.0,9432229.918549998,31880869.674726516,1.0,9432471.124267876,31880757.19865308,993.1467507065978,9432047.854319917,31879849.49332044,993.1467507065978
9432562.156382916,31881267.289356116,497.0733753532989,0.016515380410057703,9432229.918549998,31880869.674726516,1.0,9432653.188497957,31881777.38005916,1.0,9432894.394215837,31881664.903985724,993.1467507065978,9432471.124267876,31880757.19865308,993.1467507065978
9432985.426330877,31882174.99468876,497.0733753532989,0.048809732668894774,9432653.188497957,31881777.38005916,1.0,9433076.458445916,31882685.085391805,1.0,9433317.664163794,31882572.609318364,993.1467507065978,9432894.394215837,31881664.903985724,993.1467507065978
9433408.696278835,31883082.700021405,497.0733753532989,0.18027451067535036,9433076.458445916,31882685.085391805,1.0,9433499.728393875,31883592.790724445,1.0,9433740.934111755,31883480.314651005,993.1467507065978,9433317.664163794,31882572.609318364,993.1467507065978
9433831.966226796,31883990.405354045,497.0733753532989,0.1287786648476864,9433499.728393875,31883592.790724445,1.0,9433922.998341836,31884500.49605709,1.0,9434164.204059714,31884388.01998365,993.1467507065978,9433740.934111755,31883480.314651005,993.1467507065978
9419258.7237661,31852108.242638122,1489.2201260598965,2.3909436320353663,9418926.485933179,31851710.628008522,993.1467507065978,9419349.755881138,31852618.333341163,993.1467507065978,9419590.961599017,31852505.857267722,1985.2935014131954,9419167.69165106,31851598.151935082,1985.2935014131954
9419681.993714057,31853015.947970767,1489.2201260598965,2.135305383770738,9419349.755881138,31852618.333341163,993.1467507065978,9419773.025829097,31853526.038673803,993.1467507065978,9420014.231546976,31853413.562600367,1985.2935014131954,9419590.961599017,31852505.857267722,1985.2935014131954
9420105.263662018,31853923.653303407,1489.2201260598965,1.6059839875741164,9419773.025829097,31853526.038673803,993.1467507065978,9420196.295777058,31854433.744006447,993.1467507065978,9420437.501494937,31854321.26793301,1985.2935014131954,9420014.231546976,31853413.562600367,1985.2935014131954
9420528.533609977,31854831.358636048,1489.2201260598965,1.352755398245247,9420196.295777058,31854433.744006447,993.1467507065978,9420619.565725015,31855341.449339088,993.1467507065978,9420860.771442894,31855228.97326565,1985.2935014131954,9420437.501494937,31854321.26793301,1985.2935014131954
9420951.803557934,31855739.063968692,1489.2201260598965,1.2793909194928315,9420619.565725015,31855341.449339088,993.1467507065978,9421042.835672975,31856249.154671732,993.1467507065978,9421284.041390855,31856136.678598292,1985.2935014131954,9420860.771442894,31855228.97326565,1985.2935014131954
9421375.073505895,31856646.769301333,1489.2201260598965,1.0609730742587506,9421042.835672975,31856249.154671732,993.1467507065978,9421466.105620936,31857156.860004377,993.1467507065978,9421707.311338814,31857044.383930936,1985.2935014131954,9421284.041390855,31856136.678598292,1985.2935014131954
9421798.343453854,31857554.474633977,1489.2201260598965,1.110513267121085,9421466.105620936,31857156.860004377,993.1467507065978,9421889.375568895,31858064.56533702,993.1467507065978,9422130.581286775,31857952.08926358,1985.2935014131954,9421707.311338814,31857044.383930936,1985.2935014131954
9422221.613401813,31858462.17996662,1489.2201260598965,0.9119466120911603,9421889.375568895,31858064.56533702,993.1467507065978,9422312.645516854,31858972.270669658,993.1467507065978,9422553.851234732,31858859.79459622,1985.2935014131954,9422130.581286775,31857952.08926358,1985.2935014131954
9422644.883349773,31859369.88529926,1489.2201260598965,1.034891248240808,9422312.645516854,31858972.270669658,993.1467507065978,9422735.915464813,31859879.976002302,993.1467507065978,9422977.121182691,31859767.499928866,1985.2935014131954,9422553.851234732,31858859.79459622,1985.2935014131954
9423068.153297732,31860277.590631902,1489.2201260598965,0.9556293963752561,9422735.915464813,31859879.976002302,993.1467507065978,9423159.18541277,31860787.681334943,993.1467507065978,9423400.391130652,31860675.20526151,1985.2935014131954,9422977.121182691,31859767.499928866,1985.2935014131954
9423491.42324569,31861185.295964547,1489.2201260598965,0.9741185339569083,9423159.18541277,31860787.681334943,993.1467507065978,9423582.455360731,31861695.386667587,993.1467507065978,9423823.66107861,31861582.910594147,1985.2935014131954,9423400.391130652,31860675.20526151,1985.2935014131954
9423914.69319365,31862093.001297187,1489.2201260598965,0.8527505256971696,9423582.455360731,31861695.386667587,993.1467507065978,9424005.72530869,31862603.09200023,993.1467507065978,9424246.93102657,31862490.61592679,1985.2935014131954,9423823.66107861,31861582.910594147,1985.2935014131954
9424337.96314161,31863000.70662983,1489.2201260598965,0.5242921006487999,9424005.72530869,31862603.09200023,993.1467507065978,9424428.995256651,31863510.797332875,993.1467507065978,9424670.20097453,31863398.321259435,1985.2935014131954,9424246.93102657,31862490.61592679,1985.2935014131954
9424761.23308957,31863908.411962476,1489.2201260598965,0.40133846702094444,9424428.995256651,31863510.797332875,993.1467507065978,9424852.26520461,31864418.502665512,993.1467507065978,9425093.470922489,31864306.026592076,1985.2935014131954,9424670.20097453,31863398.321259435,1985.2935014131954
9425184.503037529,31864816.117295116,1489.2201260598965,0.47491897066026917,9424852.26520461,31864418.502665512,993.1467507065978,9425275.535152568,31865326.207998157,993.1467507065978,9425516.740870448,31865213.73192472,1985.2935014131954,9425093.470922489,31864306.026592076,1985.2935014131954
9425607.772985488,31865723.82262776,1489.2201260598965,0.3628181688073466,9425275.535152568,31865326.207998157,993.1467507065978,9425698.805100529,31866233.9133308,993.1467507065978,9425940.010818407,31866121.437257364,1985.2935014131954,9425516.740870448,31865213.73192472,1985.2935014131954
9426031.042933447,31866631.5279604,1489.2201260598965,0.3126529149939996,9425698.805100529,31866233.9133308,993.1467507065978,9426122.075048486,31867141.61866344,993.1467507065978,9426363.280766368,31867029.142590005,1985.2935014131954,9425940.010818407,31866121.437257364,1985.2935014131954
9426454.312881408,31867539.23329304,1489.2201260598965,0.2778505261457681,9426122.075048486,31867141.61866344,993.1467507065978,9426545.344996447,31868049.323996086,993.1467507065978,9426786.550714325,31867936.847922646,1985.2935014131954,9426363.280766368,31867029.142590005,1985.2935014131954
9426877.582829366,31868446.938625686,1489.2201260598965,0.18745608408375403,9426545.344996447,31868049.323996086,993.1467507065978,9426968.614944406,31868957.029328726,993.1467507065978,9427209.820662284,31868844.55325529,1985.2935014131954,9426786.550714325,31867936.847922646,1985.2935014131954
9427300.852777325,31869354.64395833,1489.2201260598965,0.1382707761358817,9426968.614944406,31868957.029328726,993.1467507065978,9427391.884892363,31869864.73466137,993.1467507065978,9427633.090610245,31869752.25858793,1985.2935014131954,9427209.820662284,31868844.55325529,1985.2935014131954
9427724.122725286,31870262.34929097,1489.2201260598965,0.16859904518594687,9427391.884892363,31869864.73466137,993.1467507065978,9427815.154840324,31870772.43999401,993.1467507065978,9428056.360558202,31870659.963920575,1985.2935014131954,9427633.090610245,31869752.25858793,1985.2935014131954
9428147.392673243,31871170.054623615,1489.2201260598965,0.2103779686906074,9427815.154840324,31870772.43999401,993.1467507065978,9428238.424788283,31871680.145326655,993.1467507065978,9428479.630506163,31871567.66925322,1985.2935014131954,9428056.360558202,31870659.963920575,1985.2935014131954
9428570.662621204,31872077.759956256,1489.2201260598965,0.1840622244569982,9428238.424788283,31871680.145326655,993.1467507065978,9428661.694736244,31872587.850659296,993.1467507065978,9428902.900454123,31872475.374585863,1985.2935014131954,9428479.630506163,31871567.66925322,1985.2935014131954
9428993.932569163,31872985.465288904,1489.2201260598965,0.13514784575090355,9428661.694736244,31872587.850659296,993.1467507065978,9429084.964684201,31873495.55599194,993.1467507065978,9429326.170402082,31873383.0799185,1985.2935014131954,9428902.900454123,31872475.374585863,1985.2935014131954
9429417.20251712,31873893.17062154,1489.2201260598965,0.20002153658326524,9429084.964684201,31873495.55599194,993.1467507065978,9429508.234632162,31874403.261324584,993.1467507065978,9429749.44035004,31874290.785251144,1985.2935014131954,9429326.170402082,31873383.0799185,1985.2935014131954
9429840.472465081,31874800.875954185,1489.2201260598965,0.5206225342974106,9429508.234632162,31874403.261324584,993.1467507065978,9429931.504580121,31875310.966657225,993.1467507065978,9430172.710298,31875198.490583785,1985.2935014131954,9429749.44035004,31874290.785251144,1985.2935014131954
9430263.74241304,31875708.581286825,1489.2201260598965,0.12805317442547418,9429931.504580121,31875310.966657225,993.1467507065978,9430354.774528079,31876218.671989866,993.1467507065978,9430595.98024596,31876106.19591643,1985.2935014131954,9430172.710298,31875198.490583785,1985.2935014131954
9430687.012361,31876616.28661947,1489.2201260598965,0.017344500667183557,9430354.774528079,31876218.671989866,993.1467507065978,9430778.04447604,31877126.377322506,993.1467507065978,9431019.250193918,31877013.901249073,1985.2935014131954,9430595.98024596,31876106.19591643,1985.2935014131954
9431110.282308958,31877523.99195211,1489.2201260598965,0.06734879585367985,9430778.04447604,31877126.377322506,993.1467507065978,9431201.314423999,31878034.08265515,993.1467507065978,9431442.520141877,31877921.606581714,1985.2935014131954,9431019.250193918,31877013.901249073,1985.2935014131954
9431533.552256918,31878431.69728475,1489.2201260598965,0.1457572170448924,9431201.314423999,31878034.08265515,993.1467507065978,9431624.58437196,31878941.787987795,993.1467507065978,9431865.790089838,31878829.311914355,1985.2935014131954,9431442.520141877,31877921.606581714,1985.2935014131954
9431956.822204879,31879339.402617395,1489.2201260598965,0.10190610882850124,9431624.58437196,31878941.787987795,993.1467507065978,9432047.854319917,31879849.49332044,993.1467507065978,9432289.060037797,31879737.017247,1985.2935014131954,9431865.790089838,31878829.311914355,1985.2935014131954
9432380.092152838,31880247.10795004,1489.2201260598965,0.00858541878528046,9432047.854319917,31879849.49332044,993.1467507065978,9432471.124267876,31880757.19865308,993.1467507065978,9432712.329985756,31880644.722579643,1985.2935014131954,9432289.060037797,31879737.017247,1985.2935014131954
9432803.362100797,31881154.81328268,1489.2201260598965,0.009834461930193824,9432471.124267876,31880757.19865308,993.1467507065978,9432894.394215837,31881664.903985724,993.1467507065978,9433135.599933716,31881552.427912284,1985.2935014131954,9432712.329985756,31880644.722579643,1985.2935014131954
9433226.632048756,31882062.518615324,1489.2201260598965,0.025194254110643306,9432894.394215837,31881664.903985724,993.1467507065978,9433317.664163794,31882572.609318364,993.1467507065978,9433558.869881673,31882460.133244928,1985.2935014131954,9433135.599933716,31881552.427912284,1985.2935014131954
9433649.901996715,31882970.22394797,1489.2201260598965,0.27397029624690244,9433317.664163794,31882572.609318364,993.1467507065978,9433740.934111755,31883480.314651005,993.1467507065978,9433982.139829634,31883367.83857757,1985.2935014131954,9433558.869881673,31882460.133244928,1985.2935014131954
9434073.171944674,31883877.929280605,1489.2201260598965,0.4191654246829437,9433740.934111755,31883480.314651005,993.1467507065978,9434164.204059714,31884388.01998365,993.1467507065978,9434405.409777593,31884275.543910213,1985.2935014131954,9433982.139829634,31883367.83857757,1985.2935014131954
9419499.92948398,31851995.766564682,2481.3668767664944,4.314259515722081,9419167.69165106,31851598.151935082,1985.2935014131954,9419590.961599017,31852505.857267722,1985.2935014131954,9419832.167316899,31852393.381194286,2977.440252119793,9419408.897368941,31851485.675861645,2977.440252119793
9419923.199431937,31852903.471897326,2481.3668767664944,4.003615257360916,9419590.961599017,31852505.857267722,1985.2935014131954,9420014.231546976,31853413.562600367,1985.2935014131954,9420255.43726486,31853301.086526927,2977.440252119793,9419832.167316899,31852393.381194286,2977.440252119793
9420346.469379896,31853811.177229967,2481.3668767664944,1.9982612506701756,9420014.231546976,31853413.562600367,1985.2935014131954,9420437.501494937,31854321.26793301,1985.2935014131954,9420678.707212817,31854208.791859567,2977.440252119793,9420255.43726486,31853301.086526927,2977.440252119793
9420769.739327857,31854718.88256261,2481.3668767664944,1.6720088428732771,9420437.501494937,31854321.26793301,1985.2935014131954,9420860.771442894,31855228.97326565,1985.2935014131954,9421101.977160778,31855116.49719221,2977.440252119793,9420678.707212817,31854208.791859567,2977.440252119793
9421193.009275816,31855626.587895256,2481.3668767664944,1.504879579682823,9420860.771442894,31855228.97326565,1985.2935014131954,9421284.041390855,31856136.678598292,1985.2935014131954,9421525.247108737,31856024.202524856,2977.440252119793,9421101.977160778,31855116.49719221,2977.440252119793
9421616.279223775,31856534.293227896,2481.3668767664944,1.4607954955588527,9421284.041390855,31856136.678598292,1985.2935014131954,9421707.311338814,31857044.383930936,1985.2935014131954,9421948.517056696,31856931.9078575,2977.440252119793,9421525.247108737,31856024.202524856,2977.440252119793
9422039.549171735,31857441.998560537,2481.3668767664944,1.3484787856408738,9421707.311338814,31857044.383930936,1985.2935014131954,9422130.581286775,31857952.08926358,1985.2935014131954,9422371.787004657,31857839.61319014,2977.440252119793,9421948.517056696,31856931.9078575,2977.440252119793
9422462.819119694,31858349.70389318,2481.3668767664944,1.379775832059879,9422130.581286775,31857952.08926358,1985.2935014131954,9422553.851234732,31858859.79459622,1985.2935014131954,9422795.056952614,31858747.31852278,2977.440252119793,9422371.787004657,31857839.61319014,2977.440252119793
9422886.089067653,31859257.40922582,2481.3668767664944,1.1687655555503422,9422553.851234732,31858859.79459622,1985.2935014131954,9422977.121182691,31859767.499928866,1985.2935014131954,9423218.326900575,31859655.023855425,2977.440252119793,9422795.056952614,31858747.31852278,2977.440252119793
9423309.359015614,31860165.114558466,2481.3668767664944,0.8780777695952887,9422977.121182691,31859767.499928866,1985.2935014131954,9423400.391130652,31860675.20526151,1985.2935014131954,9423641.596848533,31860562.729188066,2977.440252119793,9423218.326900575,31859655.023855425,2977.440252119793
9423732.628963571,31861072.81989111,2481.3668767664944,0.7586376986674861,9423400.391130652,31860675.20526151,1985.2935014131954,9423823.66107861,31861582.910594147,1985.2935014131954,9424064.866796492,31861470.43452071,2977.440252119793,9423641.596848533,31860562.729188066,2977.440252119793
9424155.89891153,31861980.52522375,2481.3668767664944,0.6978635163289889,9423823.66107861,31861582.910594147,1985.2935014131954,9424246.93102657,31862490.61592679,1985.2935014131954,9424488.136744453,31862378.13985335,2977.440252119793,9424064.866796492,31861470.43452071,2977.440252119793
9424579.168859491,31862888.23055639,2481.3668767664944,0.439698592928212,9424246.93102657,31862490.61592679,1985.2935014131954,9424670.20097453,31863398.321259435,1985.2935014131954,9424911.406692412,31863285.845186,2977.440252119793,9424488.136744453,31862378.13985335,2977.440252119793
9425002.438807448,31863795.935889035,2481.3668767664944,0.5082530469330547,9424670.20097453,31863398.321259435,1985.2935014131954,9425093.470922489,31864306.026592076,1985.2935014131954,9425334.67664037,31864193.550518636,2977.440252119793,9424911.406692412,31863285.845186,2977.440252119793
9425425.70875541,31864703.641221676,2481.3668767664944,0.47374372304825085,9425093.470922489,31864306.026592076,1985.2935014131954,9425516.740870448,31865213.73192472,1985.2935014131954,9425757.94658833,31865101.25585128,2977.440252119793,9425334.67664037,31864193.550518636,2977.440252119793
9425848.978703368,31865611.34655432,2481.3668767664944,0.2683528418905442,9425516.740870448,31865213.73192472,1985.2935014131954,9425940.010818407,31866121.437257364,1985.2935014131954,9426181.21653629,31866008.96118392,2977.440252119793,9425757.94658833,31865101.25585128,2977.440252119793
9426272.248651328,31866519.051886965,2481.3668767664944,0.2534529120487203,9425940.010818407,31866121.437257364,1985.2935014131954,9426363.280766368,31867029.142590005,1985.2935014131954,9426604.486484248,31866916.666516565,2977.440252119793,9426181.21653629,31866008.96118392,2977.440252119793
9426695.518599287,31867426.757219605,2481.3668767664944,0.32471677836133056,9426363.280766368,31867029.142590005,1985.2935014131954,9426786.550714325,31867936.847922646,1985.2935014131954,9427027.756432207,31867824.37184921,2977.440252119793,9426604.486484248,31866916.666516565,2977.440252119793
9427118.788547246,31868334.46255225,2481.3668767664944,0.12558056416284374,9426786.550714325,31867936.847922646,1985.2935014131954,9427209.820662284,31868844.55325529,1985.2935014131954,9427451.026380168,31868732.07718185,2977.440252119793,9427027.756432207,31867824.37184921,2977.440252119793
9427542.058495205,31869242.16788489,2481.3668767664944,0.07642394501844284,9427209.820662284,31868844.55325529,1985.2935014131954,9427633.090610245,31869752.25858793,1985.2935014131954,9427874.296328126,31869639.782514494,2977.440252119793,9427451.026380168,31868732.07718185,2977.440252119793
9427965.328443164,31870149.87321753,2481.3668767664944,0.07853859047643375,9427633.090610245,31869752.25858793,1985.2935014131954,9428056.360558202,31870659.963920575,1985.2935014131954,9428297.566276085,31870547.487847134,2977.440252119793,9427874.296328126,31869639.782514494,2977.440252119793
9428388.598391125,31871057.578550175,2481.3668767664944,0.06282743511024833,9428056.360558202,31870659.963920575,1985.2935014131954,9428479.630506163,31871567.66925322,1985.2935014131954,9428720.836224046,31871455.19317978,2977.440252119793,9428297.566276085,31870547.487847134,2977.440252119793
9428811.868339082,31871965.28388282,2481.3668767664944,0.08466669903353637,9428479.630506163,31871567.66925322,1985.2935014131954,9428902.900454123,31872475.374585863,1985.2935014131954,9429144.106172005,31872362.89851242,2977.440252119793,9428720.836224046,31871455.19317978,2977.440252119793
9429235.138287043,31872872.989215467,2481.3668767664944,0.08101492254623534,9428902.900454123,31872475.374585863,1985.2935014131954,9429326.170402082,31873383.0799185,1985.2935014131954,9429567.376119964,31873270.603845064,2977.440252119793,9429144.106172005,31872362.89851242,2977.440252119793
9429658.408235002,31873780.694548104,2481.3668767664944,0.1155665718434987,9429326.170402082,31873383.0799185,1985.2935014131954,9429749.44035004,31874290.785251144,1985.2935014131954,9429990.646067923,31874178.309177704,2977.440252119793,9429567.376119964,31873270.603845064,2977.440252119793
9430081.67818296,31874688.399880745,2481.3668767664944,0.1779231596479811,9429749.44035004,31874290.785251144,1985.2935014131954,9430172.710298,31875198.490583785,1985.2935014131954,9430413.916015882,31875086.01451035,2977.440252119793,9429990.646067923,31874178.309177704,2977.440252119793
9430504.948130922,31875596.105213385,2481.3668767664944,0.10134208191187688,9430172.710298,31875198.490583785,1985.2935014131954,9430595.98024596,31876106.19591643,1985.2935014131954,9430837.185963841,31875993.71984299,2977.440252119793,9430413.916015882,31875086.01451035,2977.440252119793
9430928.21807888,31876503.81054603,2481.3668767664944,0.08839025002179828,9430595.98024596,31876106.19591643,1985.2935014131954,9431019.250193918,31877013.901249073,1985.2935014131954,9431260.4559118,31876901.42517563,2977.440252119793,9430837.185963841,31875993.71984299,2977.440252119793
9431351.488026837,31877411.515878674,2481.3668767664944,0.1391535874646497,9431019.250193918,31877013.901249073,1985.2935014131954,9431442.520141877,31877921.606581714,1985.2935014131954,9431683.725859761,31877809.130508274,2977.440252119793,9431260.4559118,31876901.42517563,2977.440252119793
9431774.7579748,31878319.221211314,2481.3668767664944,0.3268921142161406,9431442.520141877,31877921.606581714,1985.2935014131954,9431865.790089838,31878829.311914355,1985.2935014131954,9432106.99580772,31878716.835840918,2977.440252119793,9431683.725859761,31877809.130508274,2977.440252119793
9432198.027922757,31879226.92654396,2481.3668767664944,0.1561682411982598,9431865.790089838,31878829.311914355,1985.2935014131954,9432289.060037797,31879737.017247,1985.2935014131954,9432530.26575568,31879624.541173562,2977.440252119793,9432106.99580772,31878716.835840918,2977.440252119793
9432621.29787072,31880134.631876603,2481.3668767664944,0.04148319579700218,9432289.060037797,31879737.017247,1985.2935014131954,9432712.329985756,31880644.722579643,1985.2935014131954,9432953.535703639,31880532.246506203,2977.440252119793,9432530.26575568,31879624.541173562,2977.440252119793
9433044.567818677,31881042.33720924,2481.3668767664944,0.10399967596777926,9432712.329985756,31880644.722579643,1985.2935014131954,9433135.599933716,31881552.427912284,1985.2935014131954,9433376.805651598,31881439.951838847,2977.440252119793,9432953.535703639,31880532.246506203,2977.440252119793
9433467.837766634,31881950.042541884,2481.3668767664944,0.06300349344739627,9433135.599933716,31881552.427912284,1985.2935014131954,9433558.869881673,31882460.133244928,1985.2935014131954,9433800.075599557,31882347.657171488,2977.440252119793,9433376.805651598,31881439.951838847,2977.440252119793
9433891.107714593,31882857.74787453,2481.3668767664944,0.24691428992555772,9433558.869881673,31882460.133244928,1985.2935014131954,9433982.139829634,31883367.83857757,1985.2935014131954,9434223.345547516,31883255.36250413,2977.440252119793,9433800.075599557,31882347.657171488,2977.440252119793
9434314.377662554,31883765.45320717,2481.3668767664944,0.6248051804026405,9433982.139829634,31883367.83857757,1985.2935014131954,9434405.409777593,31884275.543910213,1985.2935014131954,9434646.615495477,31884163.067836773,2977.440252119793,9434223.345547516,31883255.36250413,2977.440252119793
9419741.13520186,31851883.290491246,3473.5136274730917,7.6909256071578245,9419408.897368941,31851485.675861645,2977.440252119793,9419832.167316899,31852393.381194286,2977.440252119793,9420073.373034779,31852280.905120846,3969.5870028263907,9419650.10308682,31851373.199788205,3969.5870028263907
9420164.40514982,31852790.99582389,3473.5136274730917,6.743453138950669,9419832.167316899,31852393.381194286,2977.440252119793,9420255.43726486,31853301.086526927,2977.440252119793,9420496.642982738,31853188.61045349,3969.5870028263907,9420073.373034779,31852280.905120846,3969.5870028263907
9420587.675097778,31853698.70115653,3473.5136274730917,3.9346479543322084,9420255.43726486,31853301.086526927,2977.440252119793,9420678.707212817,31854208.791859567,2977.440252119793,9420919.912930697,31854096.315786134,3969.5870028263907,9420496.642982738,31853188.61045349,3969.5870028263907
9421010.94504574,31854606.40648917,3473.5136274730917,2.539938469838177,9420678.707212817,31854208.791859567,2977.440252119793,9421101.977160778,31855116.49719221,2977.440252119793,9421343.182878656,31855004.021118775,3969.5870028263907,9420919.912930697,31854096.315786134,3969.5870028263907
9421434.214993697,31855514.111821815,3473.5136274730917,1.8358839893233054,9421101.977160778,31855116.49719221,2977.440252119793,9421525.247108737,31856024.202524856,2977.440252119793,9421766.452826615,31855911.726451416,3969.5870028263907,9421343.182878656,31855004.021118775,3969.5870028263907
9421857.484941656,31856421.817154456,3473.5136274730917,1.7925668619318027,9421525.247108737,31856024.202524856,2977.440252119793,9421948.517056696,31856931.9078575,2977.440252119793,9422189.722774576,31856819.43178406,3969.5870028263907,9421766.452826615,31855911.726451416,3969.5870028263907
9422280.754889617,31857329.5224871,3473.5136274730917,1.6891711170825554,9421948.517056696,31856931.9078575,2977.440252119793,9422371.787004657,31857839.61319014,2977.440252119793,9422612.992722536,31857727.137116704,3969.5870028263907,9422189.722774576,31856819.43178406,3969.5870028263907
9422704.024837574,31858237.227819744,3473.5136274730917,1.2441029024574708,9422371.787004657,31857839.61319014,2977.440252119793,9422795.056952614,31858747.31852278,2977.440252119793,9423036.262670493,31858634.842449345,3969.5870028263907,9422612.992722536,31857727.137116704,3969.5870028263907
9423127.294785535,31859144.933152385,3473.5136274730917,1.2730318485436487,9422795.056952614,31858747.31852278,2977.440252119793,9423218.326900575,31859655.023855425,2977.440252119793,9423459.532618454,31859542.54778199,3969.5870028263907,9423036.262670493,31858634.842449345,3969.5870028263907
9423550.564733494,31860052.638485026,3473.5136274730917,0.9603485379980757,9423218.326900575,31859655.023855425,2977.440252119793,9423641.596848533,31860562.729188066,2977.440252119793,9423882.802566413,31860450.25311463,3969.5870028263907,9423459.532618454,31859542.54778199,3969.5870028263907
9423973.834681451,31860960.34381767,3473.5136274730917,0.7914914058199275,9423641.596848533,31860562.729188066,2977.440252119793,9424064.866796492,31861470.43452071,2977.440252119793,9424306.072514372,31861357.95844727,3969.5870028263907,9423882.802566413,31860450.25311463,3969.5870028263907
9424397.104629412,31861868.04915031,3473.5136274730917,0.7280388896969242,9424064.866796492,31861470.43452071,2977.440252119793,9424488.136744453,31862378.13985335,2977.440252119793,9424729.342462331,31862265.663779914,3969.5870028263907,9424306.072514372,31861357.95844727,3969.5870028263907
9424820.374577371,31862775.754482955,3473.5136274730917,0.6230241946912984,9424488.136744453,31862378.13985335,2977.440252119793,9424911.406692412,31863285.845186,2977.440252119793,9425152.612410292,31863173.36911256,3969.5870028263907,9424729.342462331,31862265.663779914,3969.5870028263907
9425243.644525332,31863683.4598156,3473.5136274730917,0.5435236064447577,9424911.406692412,31863285.845186,2977.440252119793,9425334.67664037,31864193.550518636,2977.440252119793,9425575.882358251,31864081.0744452,3969.5870028263907,9425152.612410292,31863173.36911256,3969.5870028263907
9425666.914473291,31864591.16514824,3473.5136274730917,0.44031622498628986,9425334.67664037,31864193.550518636,2977.440252119793,9425757.94658833,31865101.25585128,2977.440252119793,9425999.152306208,31864988.779777844,3969.5870028263907,9425575.882358251,31864081.0744452,3969.5870028263907
9426090.184421249,31865498.870480884,3473.5136274730917,0.3627711752386135,9425757.94658833,31865101.25585128,2977.440252119793,9426181.21653629,31866008.96118392,2977.440252119793,9426422.42225417,31865896.485110488,3969.5870028263907,9425999.152306208,31864988.779777844,3969.5870028263907
9426513.45436921,31866406.575813524,3473.5136274730917,0.4255191881537519,9426181.21653629,31866008.96118392,2977.440252119793,9426604.486484248,31866916.666516565,2977.440252119793,9426845.692202128,31866804.19044313,3969.5870028263907,9426422.42225417,31865896.485110488,3969.5870028263907
9426936.724317169,31867314.281146165,3473.5136274730917,0.4759296776052314,9426604.486484248,31866916.666516565,2977.440252119793,9427027.756432207,31867824.37184921,2977.440252119793,9427268.962150088,31867711.89577577,3969.5870028263907,9426845.692202128,31866804.19044313,3969.5870028263907
9427359.994265128,31868221.98647881,3473.5136274730917,0.12170051340423858,9427027.756432207,31867824.37184921,2977.440252119793,9427451.026380168,31868732.07718185,2977.440252119793,9427692.232098047,31868619.60110841,3969.5870028263907,9427268.962150088,31867711.89577577,3969.5870028263907
9427783.264213085,31869129.691811454,3473.5136274730917,0.019903226929927693,9427451.026380168,31868732.07718185,2977.440252119793,9427874.296328126,31869639.782514494,2977.440252119793,9428115.502046004,31869527.306441054,3969.5870028263907,9427692.232098047,31868619.60110841,3969.5870028263907
9428206.534161044,31870037.397144094,3473.5136274730917,0.11181925918905625,9427874.296328126,31869639.782514494,2977.440252119793,9428297.566276085,31870547.487847134,2977.440252119793,9428538.771993965,31870435.011773698,3969.5870028263907,9428115.502046004,31869527.306441054,3969.5870028263907
9428629.804109005,31870945.10247674,3473.5136274730917,0.08274202666910697,9428297.566276085,31870547.487847134,2977.440252119793,9428720.836224046,31871455.19317978,2977.440252119793,9428962.041941924,31871342.717106342,3969.5870028263907,9428538.771993965,31870435.011773698,3969.5870028263907
9429053.074056964,31871852.80780938,3473.5136274730917,0.03237577724612445,9428720.836224046,31871455.19317978,2977.440252119793,9429144.106172005,31872362.89851242,2977.440252119793,9429385.311889885,31872250.422438983,3969.5870028263907,9428962.041941924,31871342.717106342,3969.5870028263907
9429476.344004925,31872760.51314202,3473.5136274730917,0.04476216055094493,9429144.106172005,31872362.89851242,2977.440252119793,9429567.376119964,31873270.603845064,2977.440252119793,9429808.581837844,31873158.127771623,3969.5870028263907,9429385.311889885,31872250.422438983,3969.5870028263907
9429899.613952883,31873668.218474664,3473.5136274730917,0.07168970447390834,9429567.376119964,31873270.603845064,2977.440252119793,9429990.646067923,31874178.309177704,2977.440252119793,9430231.851785801,31874065.833104268,3969.5870028263907,9429808.581837844,31873158.127771623,3969.5870028263907
9430322.883900842,31874575.923807308,3473.5136274730917,0.022301798196512273,9429990.646067923,31874178.309177704,2977.440252119793,9430413.916015882,31875086.01451035,2977.440252119793,9430655.121733762,31874973.53843691,3969.5870028263907,9430231.851785801,31874065.833104268,3969.5870028263907
9430746.153848803,31875483.62913995,3473.5136274730917,0.09031358700939313,9430413.916015882,31875086.01451035,2977.440252119793,9430837.185963841,31875993.71984299,2977.440252119793,9431078.39168172,31875881.243769553,3969.5870028263907,9430655.121733762,31874973.53843691,3969.5870028263907
9431169.42379676,31876391.334472593,3473.5136274730917,0.10992506031683295,9430837.185963841,31875993.71984299,2977.440252119793,9431260.4559118,31876901.42517563,2977.440252119793,9431501.66162968,31876788.949102193,3969.5870028263907,9431078.39168172,31875881.243769553,3969.5870028263907
9431592.69374472,31877299.039805233,3473.5136274730917,0.267774458555663,9431260.4559118,31876901.42517563,2977.440252119793,9431683.725859761,31877809.130508274,2977.440252119793,9431924.93157764,31877696.654434837,3969.5870028263907,9431501.66162968,31876788.949102193,3969.5870028263907
9432015.96369268,31878206.745137874,3473.5136274730917,0.2620298164892469,9431683.725859761,31877809.130508274,2977.440252119793,9432106.99580772,31878716.835840918,2977.440252119793,9432348.201525599,31878604.359767478,3969.5870028263907,9431924.93157764,31877696.654434837,3969.5870028263907
9432439.23364064,31879114.45047052,3473.5136274730917,0.11941586289836975,9432106.99580772,31878716.835840918,2977.440252119793,9432530.26575568,31879624.541173562,2977.440252119793,9432771.47147356,31879512.065100122,3969.5870028263907,9432348.201525599,31878604.359767478,3969.5870028263907
9432862.5035886,31880022.155803163,3473.5136274730917,0.08095334848471743,9432530.26575568,31879624.541173562,2977.440252119793,9432953.535703639,31880532.246506203,2977.440252119793,9433194.741421517,31880419.770432763,3969.5870028263907,9432771.47147356,31879512.065100122,3969.5870028263907
9433285.773536557,31880929.861135803,3473.5136274730917,0.24392181912047048,9432953.535703639,31880532.246506203,2977.440252119793,9433376.805651598,31881439.951838847,2977.440252119793,9433618.011369478,31881327.475765407,3969.5870028263907,9433194.741421517,31880419.770432763,3969.5870028263907
9433709.043484518,31881837.566468447,3473.5136274730917,0.2582421229734505,9433376.805651598,31881439.951838847,2977.440252119793,9433800.075599557,31882347.657171488,2977.440252119793,9434041.281317435,31882235.18109805,3969.5870028263907,9433618.011369478,31881327.475765407,3969.5870028263907
9434132.313432476,31882745.27180109,3473.5136274730917,0.3541505371398517,9433800.075599557,31882347.657171488,2977.440252119793,9434223.345547516,31883255.36250413,2977.440252119793,9434464.551265394,31883142.886430692,3969.5870028263907,9434041.281317435,31882235.18109805,3969.5870028263907
9434555.583380435,31883652.97713373,3473.5136274730917,0.6469146206847985,9434223.345547516,31883255.36250413,2977.440252119793,9434646.615495477,31884163.067836773,2977.440252119793,9434887.821213355,31884050.591763336,3969.5870028263907,9434464.551265394,31883142.886430692,3969.5870028263907
9419982.340919739,31851770.814417806,4465.66037817969,8.953699180800797,9419650.10308682,31851373.199788205,3969.5870028263907,9420073.373034779,31852280.905120846,3969.5870028263907,9420314.578752657,31852168.42904741,4961.733753532989,9419891.3088047,31851260.72371477,4961.733753532989
9420405.610867698,31852678.51975045,4465.66037817969,8.276881948544126,9420073.373034779,31852280.905120846,3969.5870028263907,9420496.642982738,31853188.61045349,3969.5870028263907,9420737.848700617,31853076.13438005,4961.733753532989,9420314.578752657,31852168.42904741,4961.733753532989
9420828.880815657,31853586.22508309,4465.66037817969,5.42863878555225,9420496.642982738,31853188.61045349,3969.5870028263907,9420919.912930697,31854096.315786134,3969.5870028263907,9421161.118648577,31853983.839712694,4961.733753532989,9420737.848700617,31853076.13438005,4961.733753532989
9421252.150763616,31854493.930415735,4465.66037817969,3.6252031463924457,9420919.912930697,31854096.315786134,3969.5870028263907,9421343.182878656,31855004.021118775,3969.5870028263907,9421584.388596535,31854891.545045335,4961.733753532989,9421161.118648577,31853983.839712694,4961.733753532989
9421675.420711575,31855401.63574838,4465.66037817969,3.3044453494708383,9421343.182878656,31855004.021118775,3969.5870028263907,9421766.452826615,31855911.726451416,3969.5870028263907,9422007.658544496,31855799.25037798,4961.733753532989,9421584.388596535,31854891.545045335,4961.733753532989
9422098.690659536,31856309.34108102,4465.66037817969,4.580811114393714,9421766.452826615,31855911.726451416,3969.5870028263907,9422189.722774576,31856819.43178406,3969.5870028263907,9422430.928492455,31856706.955710623,4961.733753532989,9422007.658544496,31855799.25037798,4961.733753532989
9422521.960607495,31857217.04641366,4465.66037817969,2.405859405962432,9422189.722774576,31856819.43178406,3969.5870028263907,9422612.992722536,31857727.137116704,3969.5870028263907,9422854.198440414,31857614.661043268,4961.733753532989,9422430.928492455,31856706.955710623,4961.733753532989
9422945.230555454,31858124.751746304,4465.66037817969,1.5495753684750138,9422612.992722536,31857727.137116704,3969.5870028263907,9423036.262670493,31858634.842449345,3969.5870028263907,9423277.468388373,31858522.366375905,4961.733753532989,9422854.198440414,31857614.661043268,4961.733753532989
9423368.500503413,31859032.457078945,4465.66037817969,1.4675702862506939,9423036.262670493,31858634.842449345,3969.5870028263907,9423459.532618454,31859542.54778199,3969.5870028263907,9423700.738336332,31859430.07170855,4961.733753532989,9423277.468388373,31858522.366375905,4961.733753532989
9423791.770451372,31859940.16241159,4465.66037817969,0.9385594753641012,9423459.532618454,31859542.54778199,3969.5870028263907,9423882.802566413,31860450.25311463,3969.5870028263907,9424124.008284293,31860337.777041193,4961.733753532989,9423700.738336332,31859430.07170855,4961.733753532989
9424215.040399333,31860847.867744233,4465.66037817969,0.8164010195702555,9423882.802566413,31860450.25311463,3969.5870028263907,9424306.072514372,31861357.95844727,3969.5870028263907,9424547.27823225,31861245.482373834,4961.733753532989,9424124.008284293,31860337.777041193,4961.733753532989
9424638.31034729,31861755.573076874,4465.66037817969,0.7665067008123134,9424306.072514372,31861357.95844727,3969.5870028263907,9424729.342462331,31862265.663779914,3969.5870028263907,9424970.54818021,31862153.187706478,4961.733753532989,9424547.27823225,31861245.482373834,4961.733753532989
9425061.58029525,31862663.278409515,4465.66037817969,0.7231616656213674,9424729.342462331,31862265.663779914,3969.5870028263907,9425152.612410292,31863173.36911256,3969.5870028263907,9425393.81812817,31863060.893039122,4961.733753532989,9424970.54818021,31862153.187706478,4961.733753532989
9425484.85024321,31863570.98374216,4465.66037817969,0.6026784664373244,9425152.612410292,31863173.36911256,3969.5870028263907,9425575.882358251,31864081.0744452,3969.5870028263907,9425817.08807613,31863968.59837176,4961.733753532989,9425393.81812817,31863060.893039122,4961.733753532989
9425908.12019117,31864478.6890748,4465.66037817969,0.3094137990671993,9425575.882358251,31864081.0744452,3969.5870028263907,9425999.152306208,31864988.779777844,3969.5870028263907,9426240.358024089,31864876.303704403,4961.733753532989,9425817.08807613,31863968.59837176,4961.733753532989
9426331.390139129,31865386.394407444,4465.66037817969,0.3241093641741616,9425999.152306208,31864988.779777844,3969.5870028263907,9426422.42225417,31865896.485110488,3969.5870028263907,9426663.627972048,31865784.009037048,4961.733753532989,9426240.358024089,31864876.303704403,4961.733753532989
9426754.660087088,31866294.099740088,4465.66037817969,0.5644528175482465,9426422.42225417,31865896.485110488,3969.5870028263907,9426845.692202128,31866804.19044313,3969.5870028263907,9427086.897920007,31866691.71436969,4961.733753532989,9426663.627972048,31865784.009037048,4961.733753532989
9427177.930035047,31867201.80507273,4465.66037817969,0.2108114700776978,9426845.692202128,31866804.19044313,3969.5870028263907,9427268.962150088,31867711.89577577,3969.5870028263907,9427510.167867966,31867599.419702332,4961.733753532989,9427086.897920007,31866691.71436969,4961.733753532989
9427601.199983006,31868109.510405373,4465.66037817969,0.010340498242798599,9427268.962150088,31867711.89577577,3969.5870028263907,9427692.232098047,31868619.60110841,3969.5870028263907,9427933.437815925,31868507.125034977,4961.733753532989,9427510.167867966,31867599.419702332,4961.733753532989
9428024.469930965,31869017.215738013,4465.66037817969,0.0016961802536477207,9427692.232098047,31868619.60110841,3969.5870028263907,9428115.502046004,31869527.306441054,3969.5870028263907,9428356.707763886,31869414.830367617,4961.733753532989,9427933.437815925,31868507.125034977,4961.733753532989
9428447.739878925,31869924.921070654,4465.66037817969,0.17086658025822204,9428115.502046004,31869527.306441054,3969.5870028263907,9428538.771993965,31870435.011773698,3969.5870028263907,9428779.977711843,31870322.535700258,4961.733753532989,9428356.707763886,31869414.830367617,4961.733753532989
9428871.009826884,31870832.6264033,4465.66037817969,0.1352865944864318,9428538.771993965,31870435.011773698,3969.5870028263907,9428962.041941924,31871342.717106342,3969.5870028263907,9429203.247659802,31871230.241032902,4961.733753532989,9428779.977711843,31870322.535700258,4961.733753532989
9429294.279774845,31871740.331735943,4465.66037817969,0.12158804985172407,9428962.041941924,31871342.717106342,3969.5870028263907,9429385.311889885,31872250.422438983,3969.5870028263907,9429626.517607763,31872137.946365543,4961.733753532989,9429203.247659802,31871230.241032902,4961.733753532989
9429717.549722804,31872648.037068583,4465.66037817969,0.17406363654583884,9429385.311889885,31872250.422438983,3969.5870028263907,9429808.581837844,31873158.127771623,3969.5870028263907,9430049.787555723,31873045.651698187,4961.733753532989,9429626.517607763,31872137.946365543,4961.733753532989
9430140.819670763,31873555.742401227,4465.66037817969,0.19473552574258296,9429808.581837844,31873158.127771623,3969.5870028263907,9430231.851785801,31874065.833104268,3969.5870028263907,9430473.057503682,31873953.35703083,4961.733753532989,9430049.787555723,31873045.651698187,4961.733753532989
9430564.089618722,31874463.447733868,4465.66037817969,0.13809223755827119,9430231.851785801,31874065.833104268,3969.5870028263907,9430655.121733762,31874973.53843691,3969.5870028263907,9430896.32745164,31874861.06236347,4961.733753532989,9430473.057503682,31873953.35703083,4961.733753532989
9430987.359566681,31875371.15306651,4465.66037817969,0.13217133765482272,9430655.121733762,31874973.53843691,3969.5870028263907,9431078.39168172,31875881.243769553,3969.5870028263907,9431319.5973996,31875768.767696112,4961.733753532989,9430896.32745164,31874861.06236347,4961.733753532989
9431410.629514642,31876278.858399153,4465.66037817969,0.24964644317411644,9431078.39168172,31875881.243769553,3969.5870028263907,9431501.66162968,31876788.949102193,3969.5870028263907,9431742.867347559,31876676.473028757,4961.733753532989,9431319.5973996,31875768.767696112,4961.733753532989
9431833.8994626,31877186.563731797,4465.66037817969,0.1963159722268854,9431501.66162968,31876788.949102193,3969.5870028263907,9431924.93157764,31877696.654434837,3969.5870028263907,9432166.137295518,31877584.178361397,4961.733753532989,9431742.867347559,31876676.473028757,4961.733753532989
9432257.169410558,31878094.269064438,4465.66037817969,0.21304734616098667,9431924.93157764,31877696.654434837,3969.5870028263907,9432348.201525599,31878604.359767478,3969.5870028263907,9432589.407243479,31878491.88369404,4961.733753532989,9432166.137295518,31877584.178361397,4961.733753532989
9432680.43935852,31879001.974397082,4465.66037817969,0.15904350120232202,9432348.201525599,31878604.359767478,3969.5870028263907,9432771.47147356,31879512.065100122,3969.5870028263907,9433012.677191438,31879399.589026686,4961.733753532989,9432589.407243479,31878491.88369404,4961.733753532989
9433103.709306477,31879909.679729722,4465.66037817969,0.12664827824813635,9432771.47147356,31879512.065100122,3969.5870028263907,9433194.741421517,31880419.770432763,3969.5870028263907,9433435.947139397,31880307.29435933,4961.733753532989,9433012.677191438,31879399.589026686,4961.733753532989
9433526.979254438,31880817.385062363,4465.66037817969,0.23394077561777524,9433194.741421517,31880419.770432763,3969.5870028263907,9433618.011369478,31881327.475765407,3969.5870028263907,9433859.217087356,31881214.99969197,4961.733753532989,9433435.947139397,31880307.29435933,4961.733753532989
9433950.249202397,31881725.090395007,4465.66037817969,0.3646068802045507,9433618.011369478,31881327.475765407,3969.5870028263907,9434041.281317435,31882235.18109805,3969.5870028263907,9434282.487035315,31882122.70502461,4961.733753532989,9433859.217087356,31881214.99969197,4961.733753532989
9434373.519150354,31882632.79572765,4465.66037817969,0.47441807957551957,9434041.281317435,31882235.18109805,3969.5870028263907,9434464.551265394,31883142.886430692,3969.5870028263907,9434705.756983275,31883030.41035725,4961.733753532989,9434282.487035315,31882122.70502461,4961.733753532989
9434796.789098315,31883540.501060292,4465.66037817969,0.4835096731256169,9434464.551265394,31883142.886430692,3969.5870028263907,9434887.821213355,31884050.591763336,3969.5870028263907,9435129.026931234,31883938.115689896,4961.733753532989,9434705.756983275,31883030.41035725,4961.733753532989
9420223.546637619,31851658.33834437,5457.8071288862875,8.29056315552057,9419891.3088047,31851260.72371477,4961.733753532989,9420314.578752657,31852168.42904741,4961.733753532989,9420555.784470536,31852055.952973973,5953.880504239587,9420132.514522579,31851148.24764133,5953.880504239587
9420646.816585576,31852566.043677013,5457.8071288862875,7.408085485832091,9420314.578752657,31852168.42904741,4961.733753532989,9420737.848700617,31853076.13438005,4961.733753532989,9420979.054418497,31852963.658306614,5953.880504239587,9420555.784470536,31852055.952973973,5953.880504239587
9421070.086533537,31853473.749009654,5457.8071288862875,7.459290879330641,9420737.848700617,31853076.13438005,4961.733753532989,9421161.118648577,31853983.839712694,4961.733753532989,9421402.324366456,31853871.363639258,5953.880504239587,9420979.054418497,31852963.658306614,5953.880504239587
9421493.356481496,31854381.454342294,5457.8071288862875,6.689999730249542,9421161.118648577,31853983.839712694,4961.733753532989,9421584.388596535,31854891.545045335,4961.733753532989,9421825.594314413,31854779.0689719,5953.880504239587,9421402.324366456,31853871.363639258,5953.880504239587
9421916.626429455,31855289.15967494,5457.8071288862875,2.8378470149300328,9421584.388596535,31854891.545045335,4961.733753532989,9422007.658544496,31855799.25037798,4961.733753532989,9422248.864262374,31855686.774304543,5953.880504239587,9421825.594314413,31854779.0689719,5953.880504239587
9422339.896377414,31856196.865007587,5457.8071288862875,4.133224969939505,9422007.658544496,31855799.25037798,4961.733753532989,9422430.928492455,31856706.955710623,4961.733753532989,9422672.134210333,31856594.479637183,5953.880504239587,9422248.864262374,31855686.774304543,5953.880504239587
9422763.166325374,31857104.570340224,5457.8071288862875,3.1827027651017907,9422430.928492455,31856706.955710623,4961.733753532989,9422854.198440414,31857614.661043268,4961.733753532989,9423095.404158294,31857502.184969828,5953.880504239587,9422672.134210333,31856594.479637183,5953.880504239587
9423186.436273335,31858012.275672868,5457.8071288862875,2.162595902757504,9422854.198440414,31857614.661043268,4961.733753532989,9423277.468388373,31858522.366375905,4961.733753532989,9423518.674106251,31858409.890302468,5953.880504239587,9423095.404158294,31857502.184969828,5953.880504239587
9423609.706221292,31858919.98100551,5457.8071288862875,1.8679755951878225,9423277.468388373,31858522.366375905,4961.733753532989,9423700.738336332,31859430.07170855,4961.733753532989,9423941.944054212,31859317.595635112,5953.880504239587,9423518.674106251,31858409.890302468,5953.880504239587
9424032.976169253,31859827.68633815,5457.8071288862875,1.349841255205715,9423700.738336332,31859430.07170855,4961.733753532989,9424124.008284293,31860337.777041193,4961.733753532989,9424365.214002172,31860225.300967757,5953.880504239587,9423941.944054212,31859317.595635112,5953.880504239587
9424456.246117212,31860735.391670793,5457.8071288862875,0.9978130096988309,9424124.008284293,31860337.777041193,4961.733753532989,9424547.27823225,31861245.482373834,4961.733753532989,9424788.483950129,31861133.006300393,5953.880504239587,9424365.214002172,31860225.300967757,5953.880504239587
9424879.51606517,31861643.097003434,5457.8071288862875,0.8053666630359368,9424547.27823225,31861245.482373834,4961.733753532989,9424970.54818021,31862153.187706478,4961.733753532989,9425211.75389809,31862040.711633038,5953.880504239587,9424788.483950129,31861133.006300393,5953.880504239587
9425302.78601313,31862550.802336078,5457.8071288862875,0.6119958257475278,9424970.54818021,31862153.187706478,4961.733753532989,9425393.81812817,31863060.893039122,4961.733753532989,9425635.023846049,31862948.416965682,5953.880504239587,9425211.75389809,31862040.711633038,5953.880504239587
9425726.05596109,31863458.507668722,5457.8071288862875,0.5997618396736104,9425393.81812817,31863060.893039122,4961.733753532989,9425817.08807613,31863968.59837176,4961.733753532989,9426058.29379401,31863856.122298326,5953.880504239587,9425635.023846049,31862948.416965682,5953.880504239587
9426149.32590905,31864366.213001363,5457.8071288862875,0.32421718924732096,9425817.08807613,31863968.59837176,4961.733753532989,9426240.358024089,31864876.303704403,4961.733753532989,9426481.563741967,31864763.827630967,5953.880504239587,9426058.29379401,31863856.122298326,5953.880504239587
9426572.595857007,31865273.918334007,5457.8071288862875,0.2715981481924735,9426240.358024089,31864876.303704403,4961.733753532989,9426663.627972048,31865784.009037048,4961.733753532989,9426904.833689926,31865671.53296361,5953.880504239587,9426481.563741967,31864763.827630967,5953.880504239587
9426995.865804967,31866181.623666648,5457.8071288862875,0.5691141639483066,9426663.627972048,31865784.009037048,4961.733753532989,9427086.897920007,31866691.71436969,4961.733753532989,9427328.103637887,31866579.23829625,5953.880504239587,9426904.833689926,31865671.53296361,5953.880504239587
9427419.135752928,31867089.32899929,5457.8071288862875,0.2653432684564647,9427086.897920007,31866691.71436969,4961.733753532989,9427510.167867966,31867599.419702332,4961.733753532989,9427751.373585844,31867486.943628892,5953.880504239587,9427328.103637887,31866579.23829625,5953.880504239587
9427842.405700885,31867997.034331933,5457.8071288862875,0.05309626821683062,9427510.167867966,31867599.419702332,4961.733753532989,9427933.437815925,31868507.125034977,4961.733753532989,9428174.643533805,31868394.648961537,5953.880504239587,9427751.373585844,31867486.943628892,5953.880504239587
9428265.675648846,31868904.739664577,5457.8071288862875,0.043305797010314395,9427933.437815925,31868507.125034977,4961.733753532989,9428356.707763886,31869414.830367617,4961.733753532989,9428597.913481764,31869302.354294177,5953.880504239587,9428174.643533805,31868394.648961537,5953.880504239587
9428688.945596805,31869812.444997218,5457.8071288862875,0.29040056018447724,9428356.707763886,31869414.830367617,4961.733753532989,9428779.977711843,31870322.535700258,4961.733753532989,9429021.183429722,31870210.05962682,5953.880504239587,9428597.913481764,31869302.354294177,5953.880504239587
9429112.215544762,31870720.15032986,5457.8071288862875,0.33004748468775924,9428779.977711843,31870322.535700258,4961.733753532989,9429203.247659802,31871230.241032902,4961.733753532989,9429444.453377683,31871117.764959466,5953.880504239587,9429021.183429722,31870210.05962682,5953.880504239587
9429535.485492723,31871627.855662502,5457.8071288862875,0.414406526090095,9429203.247659802,31871230.241032902,4961.733753532989,9429626.517607763,31872137.946365543,4961.733753532989,9429867.723325642,31872025.47029211,5953.880504239587,9429444.453377683,31871117.764959466,5953.880504239587
9429958.755440682,31872535.56099515,5457.8071288862875,0.45073147499618804,9429626.517607763,31872137.946365543,4961.733753532989,9430049.787555723,31873045.651698187,4961.733753532989,9430290.993273603,31872933.175624747,5953.880504239587,9429867.723325642,31872025.47029211,5953.880504239587
9430382.025388641,31873443.266327787,5457.8071288862875,0.2833143985609109,9430049.787555723,31873045.651698187,4961.733753532989,9430473.057503682,31873953.35703083,4961.733753532989,9430714.26322156,31873840.88095739,5953.880504239587,9430290.993273603,31872933.175624747,5953.880504239587
9430805.2953366,31874350.97166043,5457.8071288862875,0.2650119227978796,9430473.057503682,31873953.35703083,4961.733753532989,9430896.32745164,31874861.06236347,4961.733753532989,9431137.53316952,31874748.58629003,5953.880504239587,9430714.26322156,31873840.88095739,5953.880504239587
9431228.56528456,31875258.676993072,5457.8071288862875,0.3148748261202366,9430896.32745164,31874861.06236347,4961.733753532989,9431319.5973996,31875768.767696112,4961.733753532989,9431560.80311748,31875656.291622676,5953.880504239587,9431137.53316952,31874748.58629003,5953.880504239587
9431651.835232519,31876166.382325716,5457.8071288862875,0.27886218421719106,9431319.5973996,31875768.767696112,4961.733753532989,9431742.867347559,31876676.473028757,4961.733753532989,9431984.073065437,31876563.99695532,5953.880504239587,9431560.80311748,31875656.291622676,5953.880504239587
9432075.105180478,31877074.087658357,5457.8071288862875,0.18167191507868624,9431742.867347559,31876676.473028757,4961.733753532989,9432166.137295518,31877584.178361397,4961.733753532989,9432407.343013398,31877471.70228796,5953.880504239587,9431984.073065437,31876563.99695532,5953.880504239587
9432498.375128439,31877981.792990997,5457.8071288862875,0.22771534780585184,9432166.137295518,31877584.178361397,4961.733753532989,9432589.407243479,31878491.88369404,4961.733753532989,9432830.612961357,31878379.4076206,5953.880504239587,9432407.343013398,31877471.70228796,5953.880504239587
9432921.645076398,31878889.49832364,5457.8071288862875,0.1248454562402832,9432589.407243479,31878491.88369404,4961.733753532989,9433012.677191438,31879399.589026686,4961.733753532989,9433253.882909317,31879287.112953246,5953.880504239587,9432830.612961357,31878379.4076206,5953.880504239587
9433344.915024357,31879797.20365629,5457.8071288862875,0.03193892501555909,9433012.677191438,31879399.589026686,4961.733753532989,9433435.947139397,31880307.29435933,4961.733753532989,9433677.152857276,31880194.81828589,5953.880504239587,9433253.882909317,31879287.112953246,5953.880504239587
9433768.184972316,31880704.908988927,5457.8071288862875,0.05154529947578134,9433435.947139397,31880307.29435933,4961.733753532989,9433859.217087356,31881214.99969197,4961.733753532989,9434100.422805235,31881102.52361853,5953.880504239587,9433677.152857276,31880194.81828589,5953.880504239587
9434191.454920275,31881612.61432157,5457.8071288862875,0.2051560586548626,9433859.217087356,31881214.99969197,4961.733753532989,9434282.487035315,31882122.70502461,4961.733753532989,9434523.692753196,31882010.228951175,5953.880504239587,9434100.422805235,31881102.52361853,5953.880504239587
9434614.724868236,31882520.319654215,5457.8071288862875,0.4424780316392023,9434282.487035315,31882122.70502461,4961.733753532989,9434705.756983275,31883030.41035725,4961.733753532989,9434946.962701153,31882917.93428382,5953.880504239587,9434523.692753196,31882010.228951175,5953.880504239587
9435037.994816193,31883428.02498686,5457.8071288862875,0.41316686826012033,9434705.756983275,31883030.41035725,4961.733753532989,9435129.026931234,31883938.115689896,4961.733753532989,9435370.232649112,31883825.63961646,5953.880504239587,9434946.962701153,31882917.93428382,5953.880504239587
9420464.752355497,31851545.86227093,6449.953879592886,7.641678316698428,9420132.514522579,31851148.24764133,5953.880504239587,9420555.784470536,31852055.952973973,5953.880504239587,9420796.990188416,31851943.476900537,6946.027254946185,9420373.720240457,31851035.771567892,6946.027254946185
9420888.022303456,31852453.567603573,6449.953879592886,7.631880870424389,9420555.784470536,31852055.952973973,5953.880504239587,9420979.054418497,31852963.658306614,5953.880504239587,9421220.260136375,31852851.182233173,6946.027254946185,9420796.990188416,31851943.476900537,6946.027254946185
9421311.292251416,31853361.272936214,6449.953879592886,8.178910298178153,9420979.054418497,31852963.658306614,5953.880504239587,9421402.324366456,31853871.363639258,5953.880504239587,9421643.530084334,31853758.887565818,6946.027254946185,9421220.260136375,31852851.182233173,6946.027254946185
9421734.562199375,31854268.978268858,6449.953879592886,6.80422048777592,9421402.324366456,31853871.363639258,5953.880504239587,9421825.594314413,31854779.0689719,5953.880504239587,9422066.800032293,31854666.592898462,6946.027254946185,9421643.530084334,31853758.887565818,6946.027254946185
9422157.832147334,31855176.683601502,6449.953879592886,3.0951743159956084,9421825.594314413,31854779.0689719,5953.880504239587,9422248.864262374,31855686.774304543,5953.880504239587,9422490.069980254,31855574.298231106,6946.027254946185,9422066.800032293,31854666.592898462,6946.027254946185
9422581.102095293,31856084.38893415,6449.953879592886,3.046456215398531,9422248.864262374,31855686.774304543,5953.880504239587,9422672.134210333,31856594.479637183,5953.880504239587,9422913.339928214,31856482.003563747,6946.027254946185,9422490.069980254,31855574.298231106,6946.027254946185
9423004.372043254,31856992.094266783,6449.953879592886,3.935625784429716,9422672.134210333,31856594.479637183,5953.880504239587,9423095.404158294,31857502.184969828,5953.880504239587,9423336.609876173,31857389.70889639,6946.027254946185,9422913.339928214,31856482.003563747,6946.027254946185
9423427.641991213,31857899.799599428,6449.953879592886,3.5074138690204135,9423095.404158294,31857502.184969828,5953.880504239587,9423518.674106251,31858409.890302468,5953.880504239587,9423759.87982413,31858297.41422903,6946.027254946185,9423336.609876173,31857389.70889639,6946.027254946185
9423850.91193917,31858807.50493207,6449.953879592886,3.8581117221457975,9423518.674106251,31858409.890302468,5953.880504239587,9423941.944054212,31859317.595635112,5953.880504239587,9424183.14977209,31859205.119561672,6946.027254946185,9423759.87982413,31858297.41422903,6946.027254946185
9424274.181887131,31859715.210264713,6449.953879592886,2.184725447222004,9423941.944054212,31859317.595635112,5953.880504239587,9424365.214002172,31860225.300967757,5953.880504239587,9424606.41972005,31860112.824894316,6946.027254946185,9424183.14977209,31859205.119561672,6946.027254946185
9424697.45183509,31860622.915597357,6449.953879592886,1.683319984205106,9424365.214002172,31860225.300967757,5953.880504239587,9424788.483950129,31861133.006300393,5953.880504239587,9425029.689668009,31861020.530226957,6946.027254946185,9424606.41972005,31860112.824894316,6946.027254946185
9425120.72178305,31861530.620929997,6449.953879592886,1.2396821431035578,9424788.483950129,31861133.006300393,5953.880504239587,9425211.75389809,31862040.711633038,5953.880504239587,9425452.959615968,31861928.2355596,6946.027254946185,9425029.689668009,31861020.530226957,6946.027254946185
9425543.991731009,31862438.326262638,6449.953879592886,0.7052975397266976,9425211.75389809,31862040.711633038,5953.880504239587,9425635.023846049,31862948.416965682,5953.880504239587,9425876.229563927,31862835.940892246,6946.027254946185,9425452.959615968,31861928.2355596,6946.027254946185
9425967.261678968,31863346.031595286,6449.953879592886,0.573963961430177,9425635.023846049,31862948.416965682,5953.880504239587,9426058.29379401,31863856.122298326,5953.880504239587,9426299.499511888,31863743.646224886,6946.027254946185,9425876.229563927,31862835.940892246,6946.027254946185
9426390.531626927,31864253.736927923,6449.953879592886,0.300771084976043,9426058.29379401,31863856.122298326,5953.880504239587,9426481.563741967,31864763.827630967,5953.880504239587,9426722.769459845,31864651.351557527,6946.027254946185,9426299.499511888,31863743.646224886,6946.027254946185
9426813.801574886,31865161.442260567,6449.953879592886,0.314454598798847,9426481.563741967,31864763.827630967,5953.880504239587,9426904.833689926,31865671.53296361,5953.880504239587,9427146.039407806,31865559.05689017,6946.027254946185,9426722.769459845,31864651.351557527,6946.027254946185
9427237.071522847,31866069.14759321,6449.953879592886,0.454310018225269,9426904.833689926,31865671.53296361,5953.880504239587,9427328.103637887,31866579.23829625,5953.880504239587,9427569.309355766,31866466.762222815,6946.027254946185,9427146.039407806,31865559.05689017,6946.027254946185
9427660.341470804,31866976.85292586,6449.953879592886,0.4106960257051722,9427328.103637887,31866579.23829625,5953.880504239587,9427751.373585844,31867486.943628892,5953.880504239587,9427992.579303723,31867374.467555456,6946.027254946185,9427569.309355766,31866466.762222815,6946.027254946185
9428083.611418765,31867884.558258496,6449.953879592886,0.15073980784608432,9427751.373585844,31867486.943628892,5953.880504239587,9428174.643533805,31868394.648961537,5953.880504239587,9428415.849251684,31868282.1728881,6946.027254946185,9427992.579303723,31867374.467555456,6946.027254946185
9428506.881366724,31868792.263591137,6449.953879592886,0.4074900448717798,9428174.643533805,31868394.648961537,5953.880504239587,9428597.913481764,31869302.354294177,5953.880504239587,9428839.119199643,31869189.87822074,6946.027254946185,9428415.849251684,31868282.1728881,6946.027254946185
9428930.151314681,31869699.968923777,6449.953879592886,0.5339581080879222,9428597.913481764,31869302.354294177,5953.880504239587,9429021.183429722,31870210.05962682,5953.880504239587,9429262.389147602,31870097.58355338,6946.027254946185,9428839.119199643,31869189.87822074,6946.027254946185
9429353.421262642,31870607.67425642,6449.953879592886,0.7052639352638552,9429021.183429722,31870210.05962682,5953.880504239587,9429444.453377683,31871117.764959466,5953.880504239587,9429685.659095561,31871005.288886026,6946.027254946185,9429262.389147602,31870097.58355338,6946.027254946185
9429776.691210601,31871515.379589066,6449.953879592886,0.7424023238250637,9429444.453377683,31871117.764959466,5953.880504239587,9429867.723325642,31872025.47029211,5953.880504239587,9430108.92904352,31871912.99421867,6946.027254946185,9429685.659095561,31871005.288886026,6946.027254946185
9430199.961158562,31872423.084921714,6449.953879592886,0.7598806317190571,9429867.723325642,31872025.47029211,5953.880504239587,9430290.993273603,31872933.175624747,5953.880504239587,9430532.198991481,31872820.69955131,6946.027254946185,9430108.92904352,31871912.99421867,6946.027254946185
9430623.231106522,31873330.79025435,6449.953879592886,0.5924819852966839,9430290.993273603,31872933.175624747,5953.880504239587,9430714.26322156,31873840.88095739,5953.880504239587,9430955.468939438,31873728.404883955,6946.027254946185,9430532.198991481,31872820.69955131,6946.027254946185
9431046.501054479,31874238.49558699,6449.953879592886,0.6344602019568631,9430714.26322156,31873840.88095739,5953.880504239587,9431137.53316952,31874748.58629003,5953.880504239587,9431378.7388874,31874636.1102166,6946.027254946185,9430955.468939438,31873728.404883955,6946.027254946185
9431469.77100244,31875146.200919632,6449.953879592886,0.6846376608798194,9431137.53316952,31874748.58629003,5953.880504239587,9431560.80311748,31875656.291622676,5953.880504239587,9431802.008835359,31875543.815549236,6946.027254946185,9431378.7388874,31874636.1102166,6946.027254946185
9431893.040950399,31876053.906252276,6449.953879592886,0.5826623402159344,9431560.80311748,31875656.291622676,5953.880504239587,9431984.073065437,31876563.99695532,5953.880504239587,9432225.278783318,31876451.52088188,6946.027254946185,9431802.008835359,31875543.815549236,6946.027254946185
9432316.310898358,31876961.61158492,6449.953879592886,0.27418069448026844,9431984.073065437,31876563.99695532,5953.880504239587,9432407.343013398,31877471.70228796,5953.880504239587,9432648.548731277,31877359.22621452,6946.027254946185,9432225.278783318,31876451.52088188,6946.027254946185
9432739.580846317,31877869.316917565,6449.953879592886,0.17469660256673142,9432407.343013398,31877471.70228796,5953.880504239587,9432830.612961357,31878379.4076206,5953.880504239587,9433071.818679236,31878266.93154717,6946.027254946185,9432648.548731277,31877359.22621452,6946.027254946185
9433162.850794276,31878777.022250205,6449.953879592886,0.056941154302695335,9432830.612961357,31878379.4076206,5953.880504239587,9433253.882909317,31879287.112953246,5953.880504239587,9433495.088627197,31879174.63687981,6946.027254946185,9433071.818679236,31878266.93154717,6946.027254946185
9433586.120742237,31879684.72758285,6449.953879592886,0.014032787184940727,9433253.882909317,31879287.112953246,5953.880504239587,9433677.152857276,31880194.81828589,5953.880504239587,9433918.358575154,31880082.342212453,6946.027254946185,9433495.088627197,31879174.63687981,6946.027254946185
9434009.390690194,31880592.432915486,6449.953879592886,0.012963178159408636,9433677.152857276,31880194.81828589,5953.880504239587,9434100.422805235,31881102.52361853,5953.880504239587,9434341.628523115,31880990.047545094,6946.027254946185,9433918.358575154,31880082.342212453,6946.027254946185
9434432.660638155,31881500.13824813,6449.953879592886,0.12457753701658349,9434100.422805235,31881102.52361853,5953.880504239587,9434523.692753196,31882010.228951175,5953.880504239587,9434764.898471074,31881897.752877735,6946.027254946185,9434341.628523115,31880990.047545094,6946.027254946185
9434855.930586115,31882407.843580775,6449.953879592886,0.30803720668040846,9434523.692753196,31882010.228951175,5953.880504239587,9434946.962701153,31882917.93428382,5953.880504239587,9435188.168419031,31882805.45821038,6946.027254946185,9434764.898471074,31881897.752877735,6946.027254946185
9435279.200534072,31883315.548913423,6449.953879592886,0.33230312641359444,9434946.962701153,31882917.93428382,5953.880504239587,9435370.232649112,31883825.63961646,5953.880504239587,9435611.438366992,31883713.16354302,6946.027254946185,9435188.168419031,31882805.45821038,6946.027254946185
9420705.958073378,31851433.386197492,7442.100630299484,7.528950258125935,9420373.720240457,31851035.771567892,6946.027254946185,9420796.990188416,31851943.476900537,6946.027254946185,9421038.195906296,31851831.000827096,7938.174005652782,9420614.925958335,31850923.295494452,7938.174005652782
9421129.228021335,31852341.091530137,7442.100630299484,6.892742992707414,9420796.990188416,31851943.476900537,6946.027254946185,9421220.260136375,31852851.182233173,6946.027254946185,9421461.465854254,31852738.706159737,7938.174005652782,9421038.195906296,31851831.000827096,7938.174005652782
9421552.497969294,31853248.796862777,7442.100630299484,8.08919926920253,9421220.260136375,31852851.182233173,6946.027254946185,9421643.530084334,31853758.887565818,6946.027254946185,9421884.735802215,31853646.41149238,7938.174005652782,9421461.465854254,31852738.706159737,7938.174005652782
9421975.767917255,31854156.502195418,7442.100630299484,7.374938056649323,9421643.530084334,31853758.887565818,6946.027254946185,9422066.800032293,31854666.592898462,6946.027254946185,9422308.005750174,31854554.116825026,7938.174005652782,9421884.735802215,31853646.41149238,7938.174005652782
9422399.037865214,31855064.207528062,7442.100630299484,5.485943337034678,9422066.800032293,31854666.592898462,6946.027254946185,9422490.069980254,31855574.298231106,6946.027254946185,9422731.275698133,31855461.822157666,7938.174005652782,9422308.005750174,31854554.116825026,7938.174005652782
9422822.307813175,31855971.91286071,7442.100630299484,3.0424614476915233,9422490.069980254,31855574.298231106,6946.027254946185,9422913.339928214,31856482.003563747,6946.027254946185,9423154.545646092,31856369.527490307,7938.174005652782,9422731.275698133,31855461.822157666,7938.174005652782
9423245.577761132,31856879.618193347,7442.100630299484,4.3036189417607495,9422913.339928214,31856482.003563747,6946.027254946185,9423336.609876173,31857389.70889639,6946.027254946185,9423577.815594051,31857277.23282295,7938.174005652782,9423154.545646092,31856369.527490307,7938.174005652782
9423668.847709091,31857787.323525995,7442.100630299484,3.3262870269049927,9423336.609876173,31857389.70889639,6946.027254946185,9423759.87982413,31858297.41422903,6946.027254946185,9424001.085542012,31858184.938155595,7938.174005652782,9423577.815594051,31857277.23282295,7938.174005652782
9424092.117657052,31858695.02885863,7442.100630299484,4.099614559224891,9423759.87982413,31858297.41422903,6946.027254946185,9424183.14977209,31859205.119561672,6946.027254946185,9424424.35548997,31859092.643488236,7938.174005652782,9424001.085542012,31858184.938155595,7938.174005652782
9424515.38760501,31859602.734191272,7442.100630299484,2.149348933500593,9424183.14977209,31859205.119561672,6946.027254946185,9424606.41972005,31860112.824894316,6946.027254946185,9424847.62543793,31860000.34882088,7938.174005652782,9424424.35548997,31859092.643488236,7938.174005652782
9424938.65755297,31860510.439523917,7442.100630299484,2.2453358751253085,9424606.41972005,31860112.824894316,6946.027254946185,9425029.689668009,31861020.530226957,6946.027254946185,9425270.89538589,31860908.05415352,7938.174005652782,9424847.62543793,31860000.34882088,7938.174005652782
9425361.92750093,31861418.144856565,7442.100630299484,1.5412899673177332,9425029.689668009,31861020.530226957,6946.027254946185,9425452.959615968,31861928.2355596,6946.027254946185,9425694.165333847,31861815.75948616,7938.174005652782,9425270.89538589,31860908.05415352,7938.174005652782
9425785.197448887,31862325.8501892,7442.100630299484,0.8206156987963761,9425452.959615968,31861928.2355596,6946.027254946185,9425876.229563927,31862835.940892246,6946.027254946185,9426117.435281808,31862723.464818805,7938.174005652782,9425694.165333847,31861815.75948616,7938.174005652782
9426208.467396848,31863233.55552185,7442.100630299484,0.8140188674851774,9425876.229563927,31862835.940892246,6946.027254946185,9426299.499511888,31863743.646224886,6946.027254946185,9426540.705229767,31863631.17015145,7938.174005652782,9426117.435281808,31862723.464818805,7938.174005652782
9426631.737344807,31864141.260854486,7442.100630299484,0.6630405668048389,9426299.499511888,31863743.646224886,6946.027254946185,9426722.769459845,31864651.351557527,6946.027254946185,9426963.975177728,31864538.87548409,7938.174005652782,9426540.705229767,31863631.17015145,7938.174005652782
9427055.007292766,31865048.96618713,7442.100630299484,0.48847526880212405,9426722.769459845,31864651.351557527,6946.027254946185,9427146.039407806,31865559.05689017,6946.027254946185,9427387.245125685,31865446.580816735,7938.174005652782,9426963.975177728,31864538.87548409,7938.174005652782
9427478.277240725,31865956.67151977,7442.100630299484,0.48613905223736936,9427146.039407806,31865559.05689017,6946.027254946185,9427569.309355766,31866466.762222815,6946.027254946185,9427810.515073644,31866354.286149375,7938.174005652782,9427387.245125685,31865446.580816735,7938.174005652782
9427901.547188684,31866864.37685242,7442.100630299484,0.5826827464413071,9427569.309355766,31866466.762222815,6946.027254946185,9427992.579303723,31867374.467555456,6946.027254946185,9428233.785021603,31867261.991482016,7938.174005652782,9427810.515073644,31866354.286149375,7938.174005652782
9428324.817136643,31867772.082185056,7442.100630299484,0.6385466749147145,9427992.579303723,31867374.467555456,6946.027254946185,9428415.849251684,31868282.1728881,6946.027254946185,9428657.054969562,31868169.69681466,7938.174005652782,9428233.785021603,31867261.991482016,7938.174005652782
9428748.087084603,31868679.7875177,7442.100630299484,0.7890841044531802,9428415.849251684,31868282.1728881,6946.027254946185,9428839.119199643,31869189.87822074,6946.027254946185,9429080.324917523,31869077.402147304,7938.174005652782,9428657.054969562,31868169.69681466,7938.174005652782
9429171.357032564,31869587.49285034,7442.100630299484,0.6557593263832456,9428839.119199643,31869189.87822074,6946.027254946185,9429262.389147602,31870097.58355338,6946.027254946185,9429503.59486548,31869985.107479945,7938.174005652782,9429080.324917523,31869077.402147304,7938.174005652782
9429594.62698052,31870495.198182985,7442.100630299484,0.7307808339902694,9429262.389147602,31870097.58355338,6946.027254946185,9429685.659095561,31871005.288886026,6946.027254946185,9429926.864813441,31870892.81281259,7938.174005652782,9429503.59486548,31869985.107479945,7938.174005652782
9430017.896928482,31871402.903515626,7442.100630299484,0.8085616581798819,9429685.659095561,31871005.288886026,6946.027254946185,9430108.92904352,31871912.99421867,6946.027254946185,9430350.1347614,31871800.518145233,7938.174005652782,9429926.864813441,31870892.81281259,7938.174005652782
9430441.16687644,31872310.608848274,7442.100630299484,1.0599367751893478,9430108.92904352,31871912.99421867,6946.027254946185,9430532.198991481,31872820.69955131,6946.027254946185,9430773.40470936,31872708.223477874,7938.174005652782,9430350.1347614,31871800.518145233,7938.174005652782
9430864.4368244,31873218.31418091,7442.100630299484,0.8229034711255309,9430532.198991481,31872820.69955131,6946.027254946185,9430955.468939438,31873728.404883955,6946.027254946185,9431196.674657319,31873615.928810515,7938.174005652782,9430773.40470936,31872708.223477874,7938.174005652782
9431287.70677236,31874126.01951356,7442.100630299484,0.9421055484545529,9430955.468939438,31873728.404883955,6946.027254946185,9431378.7388874,31874636.1102166,6946.027254946185,9431619.944605278,31874523.63414316,7938.174005652782,9431196.674657319,31873615.928810515,7938.174005652782
9431710.976720318,31875033.724846195,7442.100630299484,0.7115743613065961,9431378.7388874,31874636.1102166,6946.027254946185,9431802.008835359,31875543.815549236,6946.027254946185,9432043.214553237,31875431.3394758,7938.174005652782,9431619.944605278,31874523.63414316,7938.174005652782
9432134.246668277,31875941.43017884,7442.100630299484,0.5272322156631996,9431802.008835359,31875543.815549236,6946.027254946185,9432225.278783318,31876451.52088188,6946.027254946185,9432466.484501196,31876339.044808444,7938.174005652782,9432043.214553237,31875431.3394758,7938.174005652782
9432557.516616236,31876849.13551148,7442.100630299484,0.17966048755112296,9432225.278783318,31876451.52088188,6946.027254946185,9432648.548731277,31877359.22621452,6946.027254946185,9432889.754449155,31877246.750141088,7938.174005652782,9432466.484501196,31876339.044808444,7938.174005652782
9432980.786564196,31877756.84084413,7442.100630299484,0.1461464071383188,9432648.548731277,31877359.22621452,6946.027254946185,9433071.818679236,31878266.93154717,6946.027254946185,9433313.024397116,31878154.45547373,7938.174005652782,9432889.754449155,31877246.750141088,7938.174005652782
9433404.056512157,31878664.54617677,7442.100630299484,0.2472509447812603,9433071.818679236,31878266.93154717,6946.027254946185,9433495.088627197,31879174.63687981,6946.027254946185,9433736.294345075,31879062.16080637,7938.174005652782,9433313.024397116,31878154.45547373,7938.174005652782
9433827.326460116,31879572.251509413,7442.100630299484,0.21011499069691297,9433495.088627197,31879174.63687981,6946.027254946185,9433918.358575154,31880082.342212453,6946.027254946185,9434159.564293033,31879969.866139013,7938.174005652782,9433736.294345075,31879062.16080637,7938.174005652782
9434250.596408073,31880479.956842054,7442.100630299484,0.12362793627479672,9433918.358575154,31880082.342212453,6946.027254946185,9434341.628523115,31880990.047545094,6946.027254946185,9434582.834240993,31880877.571471658,7938.174005652782,9434159.564293033,31879969.866139013,7938.174005652782
9434673.866356034,31881387.662174694,7442.100630299484,0.2281704459714601,9434341.628523115,31880990.047545094,6946.027254946185,9434764.898471074,31881897.752877735,6946.027254946185,9435006.104188953,31881785.2768043,7938.174005652782,9434582.834240993,31880877.571471658,7938.174005652782
9435097.136303993,31882295.36750734,7442.100630299484,0.19125743069270468,9434764.898471074,31881897.752877735,6946.027254946185,9435188.168419031,31882805.45821038,6946.027254946185,9435429.374136912,31882692.982136942,7938.174005652782,9435006.104188953,31881785.2768043,7938.174005652782
9435520.406251952,31883203.072839983,7442.100630299484,0.4253646564024339,9435188.168419031,31882805.45821038,6946.027254946185,9435611.438366992,31883713.16354302,6946.027254946185,9435852.64408487,31883600.687469583,7938.174005652782,9435429.374136912,31882692.982136942,7938.174005652782
9420947.163791256,31851320.910124052,8434.24738100608,5.745025478179117,9420614.925958335,31850923.295494452,7938.174005652782,9421038.195906296,31851831.000827096,7938.174005652782,9421279.401624175,31851718.52475366,8930.320756359379,9420856.131676216,31850810.819421016,8930.320756359379
9421370.433739215,31852228.615456697,8434.24738100608,6.485828065137323,9421038.195906296,31851831.000827096,7938.174005652782,9421461.465854254,31852738.706159737,7938.174005652782,9421702.671572134,31852626.2300863,8930.320756359379,9421279.401624175,31851718.52475366,8930.320756359379
9421793.703687174,31853136.320789337,8434.24738100608,7.8673099244555695,9421461.465854254,31852738.706159737,7938.174005652782,9421884.735802215,31853646.41149238,7938.174005652782,9422125.941520093,31853533.93541894,8930.320756359379,9421702.671572134,31852626.2300863,8930.320756359379
9422216.973635133,31854044.02612198,8434.24738100608,7.5921090237959845,9421884.735802215,31853646.41149238,7938.174005652782,9422308.005750174,31854554.116825026,7938.174005652782,9422549.211468052,31854441.640751585,8930.320756359379,9422125.941520093,31853533.93541894,8930.320756359379
9422640.243583092,31854951.731454626,8434.24738100608,5.161747200913742,9422308.005750174,31854554.116825026,7938.174005652782,9422731.275698133,31855461.822157666,7938.174005652782,9422972.481416013,31855349.34608423,8930.320756359379,9422549.211468052,31854441.640751585,8930.320756359379
9423063.513531053,31855859.436787274,8434.24738100608,2.8771423232576803,9422731.275698133,31855461.822157666,7938.174005652782,9423154.545646092,31856369.527490307,7938.174005652782,9423395.75136397,31856257.051416874,8930.320756359379,9422972.481416013,31855349.34608423,8930.320756359379
9423486.78347901,31856767.142119907,8434.24738100608,3.4204741552049334,9423154.545646092,31856369.527490307,7938.174005652782,9423577.815594051,31857277.23282295,7938.174005652782,9423819.021311931,31857164.756749514,8930.320756359379,9423395.75136397,31856257.051416874,8930.320756359379
9423910.053426972,31857674.847452555,8434.24738100608,3.4816024401707772,9423577.815594051,31857277.23282295,7938.174005652782,9424001.085542012,31858184.938155595,7938.174005652782,9424242.29125989,31858072.462082155,8930.320756359379,9423819.021311931,31857164.756749514,8930.320756359379
9424333.32337493,31858582.55278519,8434.24738100608,3.2416699317070155,9424001.085542012,31858184.938155595,7938.174005652782,9424424.35548997,31859092.643488236,7938.174005652782,9424665.561207848,31858980.167414796,8930.320756359379,9424242.29125989,31858072.462082155,8930.320756359379
9424756.593322888,31859490.258117836,8434.24738100608,2.1127709593180315,9424424.35548997,31859092.643488236,7938.174005652782,9424847.62543793,31860000.34882088,7938.174005652782,9425088.831155809,31859887.87274744,8930.320756359379,9424665.561207848,31858980.167414796,8930.320756359379
9425179.863270849,31860397.96345048,8434.24738100608,3.0477477668883313,9424847.62543793,31860000.34882088,7938.174005652782,9425270.89538589,31860908.05415352,7938.174005652782,9425512.101103768,31860795.578080084,8930.320756359379,9425088.831155809,31859887.87274744,8930.320756359379
9425603.133218808,31861305.66878313,8434.24738100608,2.326573606180145,9425270.89538589,31860908.05415352,7938.174005652782,9425694.165333847,31861815.75948616,7938.174005652782,9425935.371051727,31861703.283412725,8930.320756359379,9425512.101103768,31860795.578080084,8930.320756359379
9426026.403166767,31862213.37411576,8434.24738100608,1.36639524797102,9425694.165333847,31861815.75948616,7938.174005652782,9426117.435281808,31862723.464818805,7938.174005652782,9426358.640999686,31862610.98874537,8930.320756359379,9425935.371051727,31861703.283412725,8930.320756359379
9426449.673114726,31863121.07944841,8434.24738100608,1.2650870326173669,9426117.435281808,31862723.464818805,7938.174005652782,9426540.705229767,31863631.17015145,7938.174005652782,9426781.910947645,31863518.69407801,8930.320756359379,9426358.640999686,31862610.98874537,8930.320756359379
9426872.943062685,31864028.78478105,8434.24738100608,0.8513329797549282,9426540.705229767,31863631.17015145,7938.174005652782,9426963.975177728,31864538.87548409,7938.174005652782,9427205.180895606,31864426.399410654,8930.320756359379,9426781.910947645,31863518.69407801,8930.320756359379
9427296.213010646,31864936.49011369,8434.24738100608,0.6658320524514496,9426963.975177728,31864538.87548409,7938.174005652782,9427387.245125685,31865446.580816735,7938.174005652782,9427628.450843563,31865334.104743294,8930.320756359379,9427205.180895606,31864426.399410654,8930.320756359379
9427719.482958604,31865844.195446335,8434.24738100608,0.493355861434737,9427387.245125685,31865446.580816735,7938.174005652782,9427810.515073644,31866354.286149375,7938.174005652782,9428051.720791524,31866241.81007594,8930.320756359379,9427628.450843563,31865334.104743294,8930.320756359379
9428142.752906565,31866751.900778983,8434.24738100608,0.5586147052007916,9427810.515073644,31866354.286149375,7938.174005652782,9428233.785021603,31867261.991482016,7938.174005652782,9428474.990739483,31867149.51540858,8930.320756359379,9428051.720791524,31866241.81007594,8930.320756359379
9428566.022854524,31867659.60611162,8434.24738100608,0.8353786418259631,9428233.785021603,31867261.991482016,7938.174005652782,9428657.054969562,31868169.69681466,7938.174005652782,9428898.26068744,31868057.220741224,8930.320756359379,9428474.990739483,31867149.51540858,8930.320756359379
9428989.292802483,31868567.311444264,8434.24738100608,1.1966555276766053,9428657.054969562,31868169.69681466,7938.174005652782,9429080.324917523,31869077.402147304,7938.174005652782,9429321.530635402,31868964.926073868,8930.320756359379,9428898.26068744,31868057.220741224,8930.320756359379
9429412.562750442,31869475.0167769,8434.24738100608,0.9775393137466026,9429080.324917523,31869077.402147304,7938.174005652782,9429503.59486548,31869985.107479945,7938.174005652782,9429744.80058336,31869872.631406505,8930.320756359379,9429321.530635402,31868964.926073868,8930.320756359379
9429835.832698401,31870382.722109545,8434.24738100608,1.043707273693994,9429503.59486548,31869985.107479945,7938.174005652782,9429926.864813441,31870892.81281259,7938.174005652782,9430168.070531322,31870780.33673915,8930.320756359379,9429744.80058336,31869872.631406505,8930.320756359379
9430259.10264636,31871290.42744219,8434.24738100608,1.2428805036793849,9429926.864813441,31870892.81281259,7938.174005652782,9430350.1347614,31871800.518145233,7938.174005652782,9430591.340479279,31871688.042071793,8930.320756359379,9430168.070531322,31870780.33673915,8930.320756359379
9430682.37259432,31872198.132774837,8434.24738100608,1.4145408486999316,9430350.1347614,31871800.518145233,7938.174005652782,9430773.40470936,31872708.223477874,7938.174005652782,9431014.610427238,31872595.747404438,8930.320756359379,9430591.340479279,31871688.042071793,8930.320756359379
9431105.64254228,31873105.838107478,8434.24738100608,1.1948088182279288,9430773.40470936,31872708.223477874,7938.174005652782,9431196.674657319,31873615.928810515,7938.174005652782,9431437.880375199,31873503.452737078,8930.320756359379,9431014.610427238,31872595.747404438,8930.320756359379
9431528.912490238,31874013.54344012,8434.24738100608,0.8870200005714398,9431196.674657319,31873615.928810515,7938.174005652782,9431619.944605278,31874523.63414316,7938.174005652782,9431861.150323156,31874411.158069722,8930.320756359379,9431437.880375199,31873503.452737078,8930.320756359379
9431952.182438197,31874921.24877276,8434.24738100608,0.4965245215821893,9431619.944605278,31874523.63414316,7938.174005652782,9432043.214553237,31875431.3394758,7938.174005652782,9432284.420271117,31875318.863402363,8930.320756359379,9431861.150323156,31874411.158069722,8930.320756359379
9432375.452386158,31875828.9541054,8434.24738100608,0.2984022886294371,9432043.214553237,31875431.3394758,7938.174005652782,9432466.484501196,31876339.044808444,7938.174005652782,9432707.690219076,31876226.568735003,8930.320756359379,9432284.420271117,31875318.863402363,8930.320756359379
9432798.722334115,31876736.659438044,8434.24738100608,0.3823302635599981,9432466.484501196,31876339.044808444,7938.174005652782,9432889.754449155,31877246.750141088,7938.174005652782,9433130.960167035,31877134.274067648,8930.320756359379,9432707.690219076,31876226.568735003,8930.320756359379
9433221.992282076,31877644.36477069,8434.24738100608,0.2537658633862613,9432889.754449155,31877246.750141088,7938.174005652782,9433313.024397116,31878154.45547373,7938.174005652782,9433554.230114995,31878041.979400292,8930.320756359379,9433130.960167035,31877134.274067648,8930.320756359379
9433645.262230035,31878552.070103332,8434.24738100608,0.5179330864760533,9433313.024397116,31878154.45547373,7938.174005652782,9433736.294345075,31879062.16080637,7938.174005652782,9433977.500062954,31878949.684732933,8930.320756359379,9433554.230114995,31878041.979400292,8930.320756359379
9434068.532177994,31879459.775435973,8434.24738100608,0.5936578307728845,9433736.294345075,31879062.16080637,7938.174005652782,9434159.564293033,31879969.866139013,7938.174005652782,9434400.770010915,31879857.390065577,8930.320756359379,9433977.500062954,31878949.684732933,8930.320756359379
9434491.802125955,31880367.480768617,8434.24738100608,0.3409859534521014,9434159.564293033,31879969.866139013,7938.174005652782,9434582.834240993,31880877.571471658,7938.174005652782,9434824.039958872,31880765.095398217,8930.320756359379,9434400.770010915,31879857.390065577,8930.320756359379
9434915.072073912,31881275.186101258,8434.24738100608,0.5233295281262408,9434582.834240993,31880877.571471658,7938.174005652782,9435006.104188953,31881785.2768043,7938.174005652782,9435247.309906833,31881672.800730858,8930.320756359379,9434824.039958872,31880765.095398217,8930.320756359379
9435338.342021871,31882182.8914339,8434.24738100608,0.3527324364697747,9435006.104188953,31881785.2768043,7938.174005652782,9435429.374136912,31882692.982136942,7938.174005652782,9435670.57985479,31882580.506063502,8930.320756359379,9435247.309906833,31881672.800730858,8930.320756359379
9435761.61196983,31883090.596766546,8434.24738100608,0.4031248114472931,9435429.374136912,31882692.982136942,7938.174005652782,9435852.64408487,31883600.687469583,7938.174005652782,9436093.84980275,31883488.211396147,8930.320756359379,9435670.57985479,31882580.506063502,8930.320756359379
9421188.369509134,31851208.434050616,9426.394131712677,5.874948199324187,9420856.131676216,31850810.819421016,8930.320756359379,9421279.401624175,31851718.52475366,8930.320756359379,9421520.607342053,31851606.04868022,9922.467507065976,9421097.337394094,31850698.34334758,9922.467507065976
9421611.639457095,31852116.139383264,9426.394131712677,6.677001844393405,9421279.401624175,31851718.52475366,8930.320756359379,9421702.671572134,31852626.2300863,8930.320756359379,9421943.877290012,31852513.754012864,9922.467507065976,9421520.607342053,31851606.04868022,9922.467507065976
9422034.909405053,31853023.8447159,9426.394131712677,7.581258514318915,9421702.671572134,31852626.2300863,8930.320756359379,9422125.941520093,31853533.93541894,8930.320756359379,9422367.147237971,31853421.459345505,9922.467507065976,9421943.877290012,31852513.754012864,9922.467507065976
9422458.179353012,31853931.55004854,9426.394131712677,6.573370590009597,9422125.941520093,31853533.93541894,8930.320756359379,9422549.211468052,31854441.640751585,8930.320756359379,9422790.417185932,31854329.16467815,9922.467507065976,9422367.147237971,31853421.459345505,9922.467507065976
9422881.449300973,31854839.255381186,9426.394131712677,5.255702034600955,9422549.211468052,31854441.640751585,8930.320756359379,9422972.481416013,31855349.34608423,8930.320756359379,9423213.687133892,31855236.87001079,9922.467507065976,9422790.417185932,31854329.16467815,9922.467507065976
9423304.719248932,31855746.960713834,9426.394131712677,2.6479347956199764,9422972.481416013,31855349.34608423,8930.320756359379,9423395.75136397,31856257.051416874,8930.320756359379,9423636.95708185,31856144.575343434,9922.467507065976,9423213.687133892,31855236.87001079,9922.467507065976
9423727.989196891,31856654.666046474,9426.394131712677,2.9229888473681105,9423395.75136397,31856257.051416874,8930.320756359379,9423819.021311931,31857164.756749514,8930.320756359379,9424060.22702981,31857052.280676074,9922.467507065976,9423636.95708185,31856144.575343434,9922.467507065976
9424151.25914485,31857562.37137912,9426.394131712677,3.162160238254262,9423819.021311931,31857164.756749514,8930.320756359379,9424242.29125989,31858072.462082155,8930.320756359379,9424483.496977769,31857959.98600872,9922.467507065976,9424060.22702981,31857052.280676074,9922.467507065976
9424574.52909281,31858470.07671176,9426.394131712677,3.8899554830765646,9424242.29125989,31858072.462082155,8930.320756359379,9424665.561207848,31858980.167414796,8930.320756359379,9424906.766925728,31858867.691341363,9922.467507065976,9424483.496977769,31857959.98600872,9922.467507065976
9424997.799040768,31859377.782044396,9426.394131712677,3.1243156371077125,9424665.561207848,31858980.167414796,8930.320756359379,9425088.831155809,31859887.87274744,8930.320756359379,9425330.036873687,31859775.396674003,9922.467507065976,9424906.766925728,31858867.691341363,9922.467507065976
9425421.068988727,31860285.48737704,9426.394131712677,3.432815118959102,9425088.831155809,31859887.87274744,8930.320756359379,9425512.101103768,31860795.578080084,8930.320756359379,9425753.306821648,31860683.102006644,9922.467507065976,9425330.036873687,31859775.396674003,9922.467507065976
9425844.338936688,31861193.192709688,9426.394131712677,2.8324465238155496,9425512.101103768,31860795.578080084,8930.320756359379,9425935.371051727,31861703.283412725,8930.320756359379,9426176.576769605,31861590.807339285,9922.467507065976,9425753.306821648,31860683.102006644,9922.467507065976
9426267.608884646,31862100.89804233,9426.394131712677,1.7901997956814175,9425935.371051727,31861703.283412725,8930.320756359379,9426358.640999686,31862610.98874537,8930.320756359379,9426599.846717564,31862498.512671933,9922.467507065976,9426176.576769605,31861590.807339285,9922.467507065976
9426690.878832605,31863008.603374973,9426.394131712677,1.2576617300253228,9426358.640999686,31862610.98874537,8930.320756359379,9426781.910947645,31863518.69407801,8930.320756359379,9427023.116665525,31863406.218004573,9922.467507065976,9426599.846717564,31862498.512671933,9922.467507065976
9427114.148780566,31863916.308707617,9426.394131712677,0.900774665616716,9426781.910947645,31863518.69407801,8930.320756359379,9427205.180895606,31864426.399410654,8930.320756359379,9427446.386613484,31864313.923337217,9922.467507065976,9427023.116665525,31863406.218004573,9922.467507065976
9427537.418728523,31864824.014040254,9426.394131712677,0.8090235050347065,9427205.180895606,31864426.399410654,8930.320756359379,9427628.450843563,31865334.104743294,8930.320756359379,9427869.656561444,31865221.628669858,9922.467507065976,9427446.386613484,31864313.923337217,9922.467507065976
9427960.688676484,31865731.719372895,9426.394131712677,0.7220587453889922,9427628.450843563,31865334.104743294,8930.320756359379,9428051.720791524,31866241.81007594,8930.320756359379,9428292.926509403,31866129.334002502,9922.467507065976,9427869.656561444,31865221.628669858,9922.467507065976
9428383.958624443,31866639.424705543,9426.394131712677,0.5876481111966687,9428051.720791524,31866241.81007594,8930.320756359379,9428474.990739483,31867149.51540858,8930.320756359379,9428716.196457362,31867037.039335143,9922.467507065976,9428292.926509403,31866129.334002502,9922.467507065976
9428807.2285724,31867547.13003818,9426.394131712677,0.7261297175728604,9428474.990739483,31867149.51540858,8930.320756359379,9428898.26068744,31868057.220741224,8930.320756359379,9429139.46640532,31867944.744667783,9922.467507065976,9428716.196457362,31867037.039335143,9922.467507065976
9429230.498520361,31868454.835370827,9426.394131712677,0.9810445715381182,9428898.26068744,31868057.220741224,8930.320756359379,9429321.530635402,31868964.926073868,8930.320756359379,9429562.73635328,31868852.450000428,9922.467507065976,9429139.46640532,31867944.744667783,9922.467507065976
9429653.76846832,31869362.540703464,9426.394131712677,1.3993102444474759,9429321.530635402,31868964.926073868,8930.320756359379,9429744.80058336,31869872.631406505,8930.320756359379,9429986.006301241,31869760.15533307,9922.467507065976,9429562.73635328,31868852.450000428,9922.467507065976
9430077.038416281,31870270.246036112,9426.394131712677,1.4099218793799781,9429744.80058336,31869872.631406505,8930.320756359379,9430168.070531322,31870780.33673915,8930.320756359379,9430409.2762492,31870667.860665716,9922.467507065976,9429986.006301241,31869760.15533307,9922.467507065976
9430500.30836424,31871177.951368753,9426.394131712677,1.2617856868734207,9430168.070531322,31870780.33673915,8930.320756359379,9430591.340479279,31871688.042071793,8930.320756359379,9430832.546197157,31871575.565998357,9922.467507065976,9430409.2762492,31870667.860665716,9922.467507065976
9430923.578312198,31872085.656701397,9426.394131712677,1.4140868809174423,9430591.340479279,31871688.042071793,8930.320756359379,9431014.610427238,31872595.747404438,8930.320756359379,9431255.816145118,31872483.271330997,9922.467507065976,9430832.546197157,31871575.565998357,9922.467507065976
9431346.848260159,31872993.362034038,9426.394131712677,1.6393035281730535,9431014.610427238,31872595.747404438,8930.320756359379,9431437.880375199,31873503.452737078,8930.320756359379,9431679.086093077,31873390.976663638,9922.467507065976,9431255.816145118,31872483.271330997,9922.467507065976
9431770.118208118,31873901.067366682,9426.394131712677,1.0917773472452292,9431437.880375199,31873503.452737078,8930.320756359379,9431861.150323156,31874411.158069722,8930.320756359379,9432102.356041037,31874298.681996282,9922.467507065976,9431679.086093077,31873390.976663638,9922.467507065976
9432193.388156077,31874808.772699326,9426.394131712677,0.7321657860324803,9431861.150323156,31874411.158069722,8930.320756359379,9432284.420271117,31875318.863402363,8930.320756359379,9432525.625988996,31875206.387328926,9922.467507065976,9432102.356041037,31874298.681996282,9922.467507065976
9432616.658104036,31875716.478031967,9426.394131712677,0.7201332160689803,9432284.420271117,31875318.863402363,8930.320756359379,9432707.690219076,31876226.568735003,8930.320756359379,9432948.895936955,31876114.092661567,9922.467507065976,9432525.625988996,31875206.387328926,9922.467507065976
9433039.928051995,31876624.183364604,9426.394131712677,0.575227482975815,9432707.690219076,31876226.568735003,8930.320756359379,9433130.960167035,31877134.274067648,8930.320756359379,9433372.165884914,31877021.79799421,9922.467507065976,9432948.895936955,31876114.092661567,9922.467507065976
9433463.197999954,31877531.88869725,9426.394131712677,0.5239960254283917,9433130.960167035,31877134.274067648,8930.320756359379,9433554.230114995,31878041.979400292,8930.320756359379,9433795.435832873,31877929.503326852,9922.467507065976,9433372.165884914,31877021.79799421,9922.467507065976
9433886.467947913,31878439.594029892,9426.394131712677,0.6598827400598366,9433554.230114995,31878041.979400292,8930.320756359379,9433977.500062954,31878949.684732933,8930.320756359379,9434218.705780834,31878837.208659496,9922.467507065976,9433795.435832873,31877929.503326852,9922.467507065976
9434309.737895874,31879347.299362537,9426.394131712677,0.7082960821765537,9433977.500062954,31878949.684732933,8930.320756359379,9434400.770010915,31879857.390065577,8930.320756359379,9434641.975728793,31879744.913992137,9922.467507065976,9434218.705780834,31878837.208659496,9922.467507065976
9434733.007843833,31880255.00469518,9426.394131712677,0.43772312861662255,9434400.770010915,31879857.390065577,8930.320756359379,9434824.039958872,31880765.095398217,8930.320756359379,9435065.24567675,31880652.61932478,9922.467507065976,9434641.975728793,31879744.913992137,9922.467507065976
9435156.27779179,31881162.71002782,9426.394131712677,0.38806147108893796,9434824.039958872,31880765.095398217,8930.320756359379,9435247.309906833,31881672.800730858,8930.320756359379,9435488.515624711,31881560.32465742,9922.467507065976,9435065.24567675,31880652.61932478,9922.467507065976
9435579.547739752,31882070.415360462,9426.394131712677,0.544658596618705,9435247.309906833,31881672.800730858,8930.320756359379,9435670.57985479,31882580.506063502,8930.320756359379,9435911.78557267,31882468.029990066,9922.467507065976,9435488.515624711,31881560.32465742,9922.467507065976
9436002.817687709,31882978.120693106,9426.394131712677,0.39197365197983797,9435670.57985479,31882580.506063502,8930.320756359379,9436093.84980275,31883488.211396147,8930.320756359379,9436335.05552063,31883375.73532271,9922.467507065976,9435911.78557267,31882468.029990066,9922.467507065976
9421429.575227013,31851095.95797718,10418.540882419276,4.865684087109251,9421097.337394094,31850698.34334758,9922.467507065976,9421520.607342053,31851606.04868022,9922.467507065976,9421761.813059933,31851493.572606783,10914.614257772575,9421338.543111973,31850585.867274143,10914.614257772575
9421852.845174974,31852003.663309824,10418.540882419276,6.070918999254841,9421520.607342053,31851606.04868022,9922.467507065976,9421943.877290012,31852513.754012864,9922.467507065976,9422185.08300789,31852401.277939424,10914.614257772575,9421761.813059933,31851493.572606783,10914.614257772575
9422276.115122931,31852911.368642464,10418.540882419276,6.719058476346221,9421943.877290012,31852513.754012864,9922.467507065976,9422367.147237971,31853421.459345505,9922.467507065976,9422608.352955852,31853308.98327207,10914.614257772575,9422185.08300789,31852401.277939424,10914.614257772575
9422699.385070892,31853819.073975105,10418.540882419276,5.363199576966434,9422367.147237971,31853421.459345505,9922.467507065976,9422790.417185932,31854329.16467815,9922.467507065976,9423031.62290381,31854216.68860471,10914.614257772575,9422608.352955852,31853308.98327207,10914.614257772575
9423122.655018851,31854726.77930775,10418.540882419276,3.084631031703853,9422790.417185932,31854329.16467815,9922.467507065976,9423213.687133892,31855236.87001079,9922.467507065976,9423454.89285177,31855124.393937353,10914.614257772575,9423031.62290381,31854216.68860471,10914.614257772575
9423545.924966808,31855634.484640397,10418.540882419276,2.2859131866836817,9423213.687133892,31855236.87001079,9922.467507065976,9423636.95708185,31856144.575343434,9922.467507065976,9423878.162799729,31856032.099269997,10914.614257772575,9423454.89285177,31855124.393937353,10914.614257772575
9423969.19491477,31856542.189973034,10418.540882419276,2.2631232811542157,9423636.95708185,31856144.575343434,9922.467507065976,9424060.22702981,31857052.280676074,9922.467507065976,9424301.432747688,31856939.804602638,10914.614257772575,9423878.162799729,31856032.099269997,10914.614257772575
9424392.464862728,31857449.89530568,10418.540882419276,2.968729281571837,9424060.22702981,31857052.280676074,9922.467507065976,9424483.496977769,31857959.98600872,9922.467507065976,9424724.70269565,31857847.50993528,10914.614257772575,9424301.432747688,31856939.804602638,10914.614257772575
9424815.734810688,31858357.600638323,10418.540882419276,3.6562171197794866,9424483.496977769,31857959.98600872,9922.467507065976,9424906.766925728,31858867.691341363,9922.467507065976,9425147.972643606,31858755.215267923,10914.614257772575,9424724.70269565,31857847.50993528,10914.614257772575
9425239.004758647,31859265.305970963,10418.540882419276,3.248416512048733,9424906.766925728,31858867.691341363,9922.467507065976,9425330.036873687,31859775.396674003,9922.467507065976,9425571.242591565,31859662.920600563,10914.614257772575,9425147.972643606,31858755.215267923,10914.614257772575
9425662.274706606,31860173.011303604,10418.540882419276,4.106482530375053,9425330.036873687,31859775.396674003,9922.467507065976,9425753.306821648,31860683.102006644,9922.467507065976,9425994.512539526,31860570.625933208,10914.614257772575,9425571.242591565,31859662.920600563,10914.614257772575
9426085.544654565,31861080.71663625,10418.540882419276,2.8243783951348513,9425753.306821648,31860683.102006644,9922.467507065976,9426176.576769605,31861590.807339285,9922.467507065976,9426417.782487484,31861478.33126585,10914.614257772575,9425994.512539526,31860570.625933208,10914.614257772575
9426508.814602524,31861988.42196889,10418.540882419276,2.2940472130824054,9426176.576769605,31861590.807339285,9922.467507065976,9426599.846717564,31862498.512671933,9922.467507065976,9426841.052435445,31862386.036598496,10914.614257772575,9426417.782487484,31861478.33126585,10914.614257772575
9426932.084550485,31862896.127301533,10418.540882419276,1.451051859685013,9426599.846717564,31862498.512671933,9922.467507065976,9427023.116665525,31863406.218004573,9922.467507065976,9427264.322383404,31863293.741931133,10914.614257772575,9426841.052435445,31862386.036598496,10914.614257772575
9427355.354498444,31863803.832634177,10418.540882419276,1.1028745243330713,9427023.116665525,31863406.218004573,9922.467507065976,9427446.386613484,31864313.923337217,9922.467507065976,9427687.592331363,31864201.447263777,10914.614257772575,9427264.322383404,31863293.741931133,10914.614257772575
9427778.624446403,31864711.537966818,10418.540882419276,0.8648146355080394,9427446.386613484,31864313.923337217,9922.467507065976,9427869.656561444,31865221.628669858,9922.467507065976,9428110.862279322,31865109.15259642,10914.614257772575,9427687.592331363,31864201.447263777,10914.614257772575
9428201.894394362,31865619.243299462,10418.540882419276,0.8500616133612751,9427869.656561444,31865221.628669858,9922.467507065976,9428292.926509403,31866129.334002502,9922.467507065976,9428534.132227281,31866016.857929062,10914.614257772575,9428110.862279322,31865109.15259642,10914.614257772575
9428625.164342321,31866526.948632106,10418.540882419276,0.644277716974883,9428292.926509403,31866129.334002502,9922.467507065976,9428716.196457362,31867037.039335143,9922.467507065976,9428957.402175242,31866924.563261706,10914.614257772575,9428534.132227281,31866016.857929062,10914.614257772575
9429048.434290282,31867434.653964747,10418.540882419276,0.6143458046993129,9428716.196457362,31867037.039335143,9922.467507065976,9429139.46640532,31867944.744667783,9922.467507065976,9429380.6721232,31867832.268594347,10914.614257772575,9428957.402175242,31866924.563261706,10914.614257772575
9429471.70423824,31868342.359297387,10418.540882419276,0.8001179958091156,9429139.46640532,31867944.744667783,9922.467507065976,9429562.73635328,31868852.450000428,9922.467507065976,9429803.942071158,31868739.97392699,10914.614257772575,9429380.6721232,31867832.268594347,10914.614257772575
9429894.9741862,31869250.064630028,10418.540882419276,1.3710588627073612,9429562.73635328,31868852.450000428,9922.467507065976,9429986.006301241,31869760.15533307,9922.467507065976,9430227.21201912,31869647.67925963,10914.614257772575,9429803.942071158,31868739.97392699,10914.614257772575
9430318.24413416,31870157.769962672,10418.540882419276,1.5845928101890774,9429986.006301241,31869760.15533307,9922.467507065976,9430409.2762492,31870667.860665716,9922.467507065976,9430650.481967079,31870555.384592276,10914.614257772575,9430227.21201912,31869647.67925963,10914.614257772575
9430741.514082119,31871065.475295316,10418.540882419276,1.6436989718313402,9430409.2762492,31870667.860665716,9922.467507065976,9430832.546197157,31871575.565998357,9922.467507065976,9431073.751915038,31871463.089924917,10914.614257772575,9430650.481967079,31870555.384592276,10914.614257772575
9431164.784030078,31871973.18062796,10418.540882419276,1.4671314485830593,9430832.546197157,31871575.565998357,9922.467507065976,9431255.816145118,31872483.271330997,9922.467507065976,9431497.021862997,31872370.79525756,10914.614257772575,9431073.751915038,31871463.089924917,10914.614257772575
9431588.053978037,31872880.8859606,10418.540882419276,1.7495065491817043,9431255.816145118,31872483.271330997,9922.467507065976,9431679.086093077,31873390.976663638,9922.467507065976,9431920.291810956,31873278.500590205,10914.614257772575,9431497.021862997,31872370.79525756,10914.614257772575
9432011.323925998,31873788.59129324,10418.540882419276,1.419487683115671,9431679.086093077,31873390.976663638,9922.467507065976,9432102.356041037,31874298.681996282,9922.467507065976,9432343.561758915,31874186.205922846,10914.614257772575,9431920.291810956,31873278.500590205,10914.614257772575
9432434.593873955,31874696.296625886,10418.540882419276,1.095482262737627,9432102.356041037,31874298.681996282,9922.467507065976,9432525.625988996,31875206.387328926,9922.467507065976,9432766.831706874,31875093.911255486,10914.614257772575,9432343.561758915,31874186.205922846,10914.614257772575
9432857.863821914,31875604.001958527,10418.540882419276,1.0850120200832323,9432525.625988996,31875206.387328926,9922.467507065976,9432948.895936955,31876114.092661567,9922.467507065976,9433190.101654835,31876001.616588127,10914.614257772575,9432766.831706874,31875093.911255486,10914.614257772575
9433281.133769875,31876511.707291167,10418.540882419276,0.7738349369318286,9432948.895936955,31876114.092661567,9922.467507065976,9433372.165884914,31877021.79799421,9922.467507065976,9433613.371602792,31876909.32192077,10914.614257772575,9433190.101654835,31876001.616588127,10914.614257772575
9433704.403717833,31877419.412623815,10418.540882419276,0.8041412431483461,9433372.165884914,31877021.79799421,9922.467507065976,9433795.435832873,31877929.503326852,9922.467507065976,9434036.641550753,31877817.027253415,10914.614257772575,9433613.371602792,31876909.32192077,10914.614257772575
9434127.673665794,31878327.117956456,10418.540882419276,0.736344133864166,9433795.435832873,31877929.503326852,9922.467507065976,9434218.705780834,31878837.208659496,9922.467507065976,9434459.911498712,31878724.73258606,10914.614257772575,9434036.641550753,31877817.027253415,10914.614257772575
9434550.943613753,31879234.823289096,10418.540882419276,0.8172818882685982,9434218.705780834,31878837.208659496,9922.467507065976,9434641.975728793,31879744.913992137,9922.467507065976,9434883.181446671,31879632.4379187,10914.614257772575,9434459.911498712,31878724.73258606,10914.614257772575
9434974.213561712,31880142.52862174,10418.540882419276,0.5444911714073591,9434641.975728793,31879744.913992137,9922.467507065976,9435065.24567675,31880652.61932478,9922.467507065976,9435306.45139463,31880540.14325134,10914.614257772575,9434883.181446671,31879632.4379187,10914.614257772575
9435397.483509671,31881050.23395438,10418.540882419276,0.46370049846145134,9435065.24567675,31880652.61932478,9922.467507065976,9435488.515624711,31881560.32465742,9922.467507065976,9435729.72134259,31881447.848583985,10914.614257772575,9435306.45139463,31880540.14325134,10914.614257772575
9435820.75345763,31881957.939287025,10418.540882419276,0.592900762227292,9435488.515624711,31881560.32465742,9922.467507065976,9435911.78557267,31882468.029990066,9922.467507065976,9436152.99129055,31882355.553916626,10914.614257772575,9435729.72134259,31881447.848583985,10914.614257772575
9436244.023405591,31882865.64461967,10418.540882419276,0.38637086402952997,9435911.78557267,31882468.029990066,9922.467507065976,9436335.05552063,31883375.73532271,9922.467507065976,9436576.261238508,31883263.25924927,10914.614257772575,9436152.99129055,31882355.553916626,10914.614257772575
9421670.780944893,31850983.481903743,11410.687633125875,3.179742793413308,9421338.543111973,31850585.867274143,10914.614257772575,9421761.813059933,31851493.572606783,10914.614257772575,9422003.018777812,31851381.096533343,11906.761008479172,9421579.748829853,31850473.391200703,11906.761008479172
9422094.050892852,31851891.187236387,11410.687633125875,4.229681306590575,9421761.813059933,31851493.572606783,10914.614257772575,9422185.08300789,31852401.277939424,10914.614257772575,9422426.288725771,31852288.801865987,11906.761008479172,9422003.018777812,31851381.096533343,11906.761008479172
9422517.320840813,31852798.892569028,11410.687633125875,5.569673006283099,9422185.08300789,31852401.277939424,10914.614257772575,9422608.352955852,31853308.98327207,10914.614257772575,9422849.55867373,31853196.50719863,11906.761008479172,9422426.288725771,31852288.801865987,11906.761008479172
9422940.59078877,31853706.59790167,11410.687633125875,3.5813092856200974,9422608.352955852,31853308.98327207,10914.614257772575,9423031.62290381,31854216.68860471,10914.614257772575,9423272.82862169,31854104.212531272,11906.761008479172,9422849.55867373,31853196.50719863,11906.761008479172
9423363.86073673,31854614.30323431,11410.687633125875,1.7498814220319818,9423031.62290381,31854216.68860471,10914.614257772575,9423454.89285177,31855124.393937353,10914.614257772575,9423696.09856965,31855011.917863913,11906.761008479172,9423272.82862169,31854104.212531272,11906.761008479172
9423787.13068469,31855522.008566957,11410.687633125875,2.00964056959732,9423454.89285177,31855124.393937353,10914.614257772575,9423878.162799729,31856032.099269997,10914.614257772575,9424119.36851761,31855919.623196557,11906.761008479172,9423696.09856965,31855011.917863913,11906.761008479172
9424210.400632648,31856429.713899598,11410.687633125875,2.475022547431216,9423878.162799729,31856032.099269997,10914.614257772575,9424301.432747688,31856939.804602638,10914.614257772575,9424542.638465568,31856827.3285292,11906.761008479172,9424119.36851761,31855919.623196557,11906.761008479172
9424633.670580609,31857337.41923224,11410.687633125875,4.021592259327441,9424301.432747688,31856939.804602638,10914.614257772575,9424724.70269565,31857847.50993528,10914.614257772575,9424965.908413528,31857735.033861842,11906.761008479172,9424542.638465568,31856827.3285292,11906.761008479172
9425056.940528568,31858245.124564886,11410.687633125875,4.307010430042555,9424724.70269565,31857847.50993528,10914.614257772575,9425147.972643606,31858755.215267923,10914.614257772575,9425389.178361487,31858642.739194486,11906.761008479172,9424965.908413528,31857735.033861842,11906.761008479172
9425480.210476525,31859152.829897523,11410.687633125875,3.3920889146771747,9425147.972643606,31858755.215267923,10914.614257772575,9425571.242591565,31859662.920600563,10914.614257772575,9425812.448309446,31859550.444527127,11906.761008479172,9425389.178361487,31858642.739194486,11906.761008479172
9425903.480424486,31860060.535230163,11410.687633125875,4.215713449795819,9425571.242591565,31859662.920600563,10914.614257772575,9425994.512539526,31860570.625933208,10914.614257772575,9426235.718257405,31860458.149859767,11906.761008479172,9425812.448309446,31859550.444527127,11906.761008479172
9426326.750372445,31860968.24056281,11410.687633125875,3.52339728204419,9425994.512539526,31860570.625933208,10914.614257772575,9426417.782487484,31861478.33126585,10914.614257772575,9426658.988205364,31861365.85519241,11906.761008479172,9426235.718257405,31860458.149859767,11906.761008479172
9426750.020320404,31861875.945895452,11410.687633125875,2.3024346018504356,9426417.782487484,31861478.33126585,10914.614257772575,9426841.052435445,31862386.036598496,10914.614257772575,9427082.258153325,31862273.560525056,11906.761008479172,9426658.988205364,31861365.85519241,11906.761008479172
9427173.290268365,31862783.651228096,11410.687633125875,1.793040475301057,9426841.052435445,31862386.036598496,10914.614257772575,9427264.322383404,31863293.741931133,10914.614257772575,9427505.528101282,31863181.265857697,11906.761008479172,9427082.258153325,31862273.560525056,11906.761008479172
9427596.560216323,31863691.35656074,11410.687633125875,1.2761098356343556,9427264.322383404,31863293.741931133,10914.614257772575,9427687.592331363,31864201.447263777,10914.614257772575,9427928.798049243,31864088.97119034,11906.761008479172,9427505.528101282,31863181.265857697,11906.761008479172
9428019.830164284,31864599.061893377,11410.687633125875,1.0310170805717345,9427687.592331363,31864201.447263777,10914.614257772575,9428110.862279322,31865109.15259642,10914.614257772575,9428352.0679972,31864996.676522985,11906.761008479172,9427928.798049243,31864088.97119034,11906.761008479172
9428443.10011224,31865506.76722602,11410.687633125875,0.9419717091359685,9428110.862279322,31865109.15259642,10914.614257772575,9428534.132227281,31866016.857929062,10914.614257772575,9428775.337945161,31865904.381855622,11906.761008479172,9428352.0679972,31864996.676522985,11906.761008479172
9428866.370060202,31866414.472558666,11410.687633125875,0.739993468059428,9428534.132227281,31866016.857929062,10914.614257772575,9428957.402175242,31866924.563261706,10914.614257772575,9429198.60789312,31866812.087188266,11906.761008479172,9428775.337945161,31865904.381855622,11906.761008479172
9429289.64000816,31867322.177891307,11410.687633125875,0.6320856904204293,9428957.402175242,31866924.563261706,10914.614257772575,9429380.6721232,31867832.268594347,10914.614257772575,9429621.877841078,31867719.79252091,11906.761008479172,9429198.60789312,31866812.087188266,11906.761008479172
9429712.909956118,31868229.88322395,11410.687633125875,0.6774590280813082,9429380.6721232,31867832.268594347,10914.614257772575,9429803.942071158,31868739.97392699,10914.614257772575,9430045.147789039,31868627.49785355,11906.761008479172,9429621.877841078,31867719.79252091,11906.761008479172
9430136.179904079,31869137.588556595,11410.687633125875,1.0354245961478976,9429803.942071158,31868739.97392699,10914.614257772575,9430227.21201912,31869647.67925963,10914.614257772575,9430468.417736998,31869535.203186195,11906.761008479172,9430045.147789039,31868627.49785355,11906.761008479172
9430559.449852038,31870045.293889236,11410.687633125875,1.350270202621656,9430227.21201912,31869647.67925963,10914.614257772575,9430650.481967079,31870555.384592276,10914.614257772575,9430891.687684959,31870442.90851884,11906.761008479172,9430468.417736998,31869535.203186195,11906.761008479172
9430982.7198,31870952.999221876,11410.687633125875,1.6466745543321355,9430650.481967079,31870555.384592276,10914.614257772575,9431073.751915038,31871463.089924917,10914.614257772575,9431314.957632916,31871350.61385148,11906.761008479172,9430891.687684959,31870442.90851884,11906.761008479172
9431405.989747956,31871860.70455452,11410.687633125875,1.2855350895091389,9431073.751915038,31871463.089924917,10914.614257772575,9431497.021862997,31872370.79525756,10914.614257772575,9431738.227580875,31872258.31918412,11906.761008479172,9431314.957632916,31871350.61385148,11906.761008479172
9431829.259695916,31872768.40988716,11410.687633125875,1.276770562308235,9431497.021862997,31872370.79525756,10914.614257772575,9431920.291810956,31873278.500590205,10914.614257772575,9432161.497528836,31873166.024516765,11906.761008479172,9431738.227580875,31872258.31918412,11906.761008479172
9432252.529643876,31873676.115219805,11410.687633125875,1.2639533369677087,9431920.291810956,31873278.500590205,10914.614257772575,9432343.561758915,31874186.205922846,10914.614257772575,9432584.767476793,31874073.729849406,11906.761008479172,9432161.497528836,31873166.024516765,11906.761008479172
9432675.799591834,31874583.82055245,11410.687633125875,1.1310118094453427,9432343.561758915,31874186.205922846,10914.614257772575,9432766.831706874,31875093.911255486,10914.614257772575,9433008.037424754,31874981.43518205,11906.761008479172,9432584.767476793,31874073.729849406,11906.761008479172
9433099.069539795,31875491.52588509,11410.687633125875,1.2541204040922023,9432766.831706874,31875093.911255486,10914.614257772575,9433190.101654835,31876001.616588127,10914.614257772575,9433431.307372713,31875889.140514694,11906.761008479172,9433008.037424754,31874981.43518205,11906.761008479172
9433522.339487754,31876399.23121773,11410.687633125875,0.9468742221650449,9433190.101654835,31876001.616588127,10914.614257772575,9433613.371602792,31876909.32192077,10914.614257772575,9433854.57732067,31876796.845847335,11906.761008479172,9433431.307372713,31875889.140514694,11906.761008479172
9433945.609435711,31877306.936550375,11410.687633125875,1.016105346467455,9433613.371602792,31876909.32192077,10914.614257772575,9434036.641550753,31877817.027253415,10914.614257772575,9434277.847268632,31877704.551179975,11906.761008479172,9433854.57732067,31876796.845847335,11906.761008479172
9434368.879383672,31878214.641883016,11410.687633125875,0.9784883981713302,9434036.641550753,31877817.027253415,10914.614257772575,9434459.911498712,31878724.73258606,10914.614257772575,9434701.11721659,31878612.25651262,11906.761008479172,9434277.847268632,31877704.551179975,11906.761008479172
9434792.149331631,31879122.34721566,11410.687633125875,1.1054274790378669,9434459.911498712,31878724.73258606,10914.614257772575,9434883.181446671,31879632.4379187,10914.614257772575,9435124.387164552,31879519.96184526,11906.761008479172,9434701.11721659,31878612.25651262,11906.761008479172
9435215.41927959,31880030.052548304,11410.687633125875,0.7207680946410111,9434883.181446671,31879632.4379187,10914.614257772575,9435306.45139463,31880540.14325134,10914.614257772575,9435547.657112509,31880427.667177904,11906.761008479172,9435124.387164552,31879519.96184526,11906.761008479172
9435638.68922755,31880937.757880945,11410.687633125875,0.5708712872184141,9435306.45139463,31880540.14325134,10914.614257772575,9435729.72134259,31881447.848583985,10914.614257772575,9435970.927060468,31881335.37251055,11906.761008479172,9435547.657112509,31880427.667177904,11906.761008479172
9436061.959175508,31881845.46321359,11410.687633125875,0.6964963206909746,9435729.72134259,31881447.848583985,10914.614257772575,9436152.99129055,31882355.553916626,10914.614257772575,9436394.19700843,31882243.07784319,11906.761008479172,9435970.927060468,31881335.37251055,11906.761008479172
9436485.229123468,31882753.16854623,11410.687633125875,0.6385476415343118,9436152.99129055,31882355.553916626,10914.614257772575,9436576.261238508,31883263.25924927,10914.614257772575,9436817.466956386,31883150.783175834,11906.761008479172,9436394.19700843,31882243.07784319,11906.761008479172
9421911.986662773,31850871.005830303,12402.83438383247,2.8906512022720134,9421579.748829853,31850473.391200703,11906.761008479172,9422003.018777812,31851381.096533343,11906.761008479172,9422244.224495694,31851268.620459907,12898.90775918577,9421820.954547735,31850360.915127266,12898.90775918577
9422335.25661073,31851778.711162947,12402.83438383247,2.6134132883149896,9422003.018777812,31851381.096533343,11906.761008479172,9422426.288725771,31852288.801865987,11906.761008479172,9422667.494443653,31852176.325792547,12898.90775918577,9422244.224495694,31851268.620459907,12898.90775918577
9422758.526558692,31852686.41649559,12402.83438383247,2.9063650257904774,9422426.288725771,31852288.801865987,11906.761008479172,9422849.55867373,31853196.50719863,11906.761008479172,9423090.764391612,31853084.031125188,12898.90775918577,9422667.494443653,31852176.325792547,12898.90775918577
9423181.79650665,31853594.12182823,12402.83438383247,2.287828901221654,9422849.55867373,31853196.50719863,11906.761008479172,9423272.82862169,31854104.212531272,11906.761008479172,9423514.034339573,31853991.736457832,12898.90775918577,9423090.764391612,31853084.031125188,12898.90775918577
9423605.06645461,31854501.827160873,12402.83438383247,1.6977094554920806,9423272.82862169,31854104.212531272,11906.761008479172,9423696.09856965,31855011.917863913,11906.761008479172,9423937.304287532,31854899.441790476,12898.90775918577,9423514.034339573,31853991.736457832,12898.90775918577
9424028.33640257,31855409.53249352,12402.83438383247,1.6309031759125672,9423696.09856965,31855011.917863913,11906.761008479172,9424119.36851761,31855919.623196557,11906.761008479172,9424360.57423549,31855807.14712312,12898.90775918577,9423937.304287532,31854899.441790476,12898.90775918577
9424451.606350528,31856317.237826157,12402.83438383247,2.2884831655492226,9424119.36851761,31855919.623196557,11906.761008479172,9424542.638465568,31856827.3285292,11906.761008479172,9424783.84418345,31856714.85245576,12898.90775918577,9424360.57423549,31855807.14712312,12898.90775918577
9424874.876298487,31857224.9431588,12402.83438383247,2.922737233368389,9424542.638465568,31856827.3285292,11906.761008479172,9424965.908413528,31857735.033861842,11906.761008479172,9425207.11413141,31857622.5577884,12898.90775918577,9424783.84418345,31856714.85245576,12898.90775918577
9425298.146246448,31858132.648491446,12402.83438383247,5.9937041331348615,9424965.908413528,31857735.033861842,11906.761008479172,9425389.178361487,31858642.739194486,11906.761008479172,9425630.384079369,31858530.263121046,12898.90775918577,9425207.11413141,31857622.5577884,12898.90775918577
9425721.416194407,31859040.353824086,12402.83438383247,5.6609908121662755,9425389.178361487,31858642.739194486,11906.761008479172,9425812.448309446,31859550.444527127,11906.761008479172,9426053.654027328,31859437.968453687,12898.90775918577,9425630.384079369,31858530.263121046,12898.90775918577
9426144.686142365,31859948.059156727,12402.83438383247,5.644147908169813,9425812.448309446,31859550.444527127,11906.761008479172,9426235.718257405,31860458.149859767,11906.761008479172,9426476.923975287,31860345.67378633,12898.90775918577,9426053.654027328,31859437.968453687,12898.90775918577
9426567.956090324,31860855.764489375,12402.83438383247,3.1831743274718916,9426235.718257405,31860458.149859767,11906.761008479172,9426658.988205364,31861365.85519241,11906.761008479172,9426900.193923246,31861253.37911897,12898.90775918577,9426476.923975287,31860345.67378633,12898.90775918577
9426991.226038285,31861763.46982201,12402.83438383247,2.1257022492724307,9426658.988205364,31861365.85519241,11906.761008479172,9427082.258153325,31862273.560525056,11906.761008479172,9427323.463871205,31862161.084451616,12898.90775918577,9426900.193923246,31861253.37911897,12898.90775918577
9427414.495986246,31862671.175154656,12402.83438383247,1.8275757932557157,9427082.258153325,31862273.560525056,11906.761008479172,9427505.528101282,31863181.265857697,11906.761008479172,9427746.733819166,31863068.789784256,12898.90775918577,9427323.463871205,31862161.084451616,12898.90775918577
9427837.765934205,31863578.8804873,12402.83438383247,1.438934419266283,9427505.528101282,31863181.265857697,11906.761008479172,9427928.798049243,31864088.97119034,11906.761008479172,9428170.003767125,31863976.4951169,12898.90775918577,9427746.733819166,31863068.789784256,12898.90775918577
9428261.035882162,31864486.58581994,12402.83438383247,1.401591913704662,9427928.798049243,31864088.97119034,11906.761008479172,9428352.0679972,31864996.676522985,11906.761008479172,9428593.273715083,31864884.20044954,12898.90775918577,9428170.003767125,31863976.4951169,12898.90775918577
9428684.305830121,31865394.291152585,12402.83438383247,0.8939359800505223,9428352.0679972,31864996.676522985,11906.761008479172,9428775.337945161,31865904.381855622,11906.761008479172,9429016.543663044,31865791.905782185,12898.90775918577,9428593.273715083,31864884.20044954,12898.90775918577
9429107.575778082,31866301.99648523,12402.83438383247,0.7700784206417736,9428775.337945161,31865904.381855622,11906.761008479172,9429198.60789312,31866812.087188266,11906.761008479172,9429439.813611003,31866699.61111483,12898.90775918577,9429016.543663044,31865791.905782185,12898.90775918577
9429530.84572604,31867209.70181787,12402.83438383247,0.5946779018852095,9429198.60789312,31866812.087188266,11906.761008479172,9429621.877841078,31867719.79252091,11906.761008479172,9429863.083558962,31867607.31644747,12898.90775918577,9429439.813611003,31866699.61111483,12898.90775918577
9429954.115673998,31868117.40715051,12402.83438383247,0.5392356630066689,9429621.877841078,31867719.79252091,11906.761008479172,9430045.147789039,31868627.49785355,11906.761008479172,9430286.35350692,31868515.021780115,12898.90775918577,9429863.083558962,31867607.31644747,12898.90775918577
9430377.38562196,31869025.112483155,12402.83438383247,0.817425826985801,9430045.147789039,31868627.49785355,11906.761008479172,9430468.417736998,31869535.203186195,11906.761008479172,9430709.62345488,31869422.72711275,12898.90775918577,9430286.35350692,31868515.021780115,12898.90775918577
9430800.65556992,31869932.817815796,12402.83438383247,1.2078376763853589,9430468.417736998,31869535.203186195,11906.761008479172,9430891.687684959,31870442.90851884,11906.761008479172,9431132.893402841,31870330.4324454,12898.90775918577,9430709.62345488,31869422.72711275,12898.90775918577
9431223.92551788,31870840.52314844,12402.83438383247,1.2285209848635266,9430891.687684959,31870442.90851884,11906.761008479172,9431314.957632916,31871350.61385148,11906.761008479172,9431556.163350798,31871238.13777804,12898.90775918577,9431132.893402841,31870330.4324454,12898.90775918577
9431647.195465837,31871748.228481084,12402.83438383247,1.2838716535007133,9431314.957632916,31871350.61385148,11906.761008479172,9431738.227580875,31872258.31918412,11906.761008479172,9431979.43329876,31872145.843110684,12898.90775918577,9431556.163350798,31871238.13777804,12898.90775918577
9432070.465413798,31872655.933813725,12402.83438383247,1.2206800032152287,9431738.227580875,31872258.31918412,11906.761008479172,9432161.497528836,31873166.024516765,11906.761008479172,9432402.703246718,31873053.548443325,12898.90775918577,9431979.43329876,31872145.843110684,12898.90775918577
9432493.735361757,31873563.639146365,12402.83438383247,1.056555095294707,9432161.497528836,31873166.024516765,11906.761008479172,9432584.767476793,31874073.729849406,11906.761008479172,9432825.973194676,31873961.25377597,12898.90775918577,9432402.703246718,31873053.548443325,12898.90775918577
9432917.005309716,31874471.34447901,12402.83438383247,1.2575611753880955,9432584.767476793,31874073.729849406,11906.761008479172,9433008.037424754,31874981.43518205,11906.761008479172,9433249.243142636,31874868.95910861,12898.90775918577,9432825.973194676,31873961.25377597,12898.90775918577
9433340.275257675,31875379.04981165,12402.83438383247,1.1568894306901616,9433008.037424754,31874981.43518205,11906.761008479172,9433431.307372713,31875889.140514694,11906.761008479172,9433672.513090596,31875776.66444125,12898.90775918577,9433249.243142636,31874868.95910861,12898.90775918577
9433763.545205634,31876286.755144294,12402.83438383247,1.0399926892292242,9433431.307372713,31875889.140514694,11906.761008479172,9433854.57732067,31876796.845847335,11906.761008479172,9434095.783038555,31876684.369773895,12898.90775918577,9433672.513090596,31875776.66444125,12898.90775918577
9434186.815153593,31877194.46047694,12402.83438383247,0.8832625347780377,9433854.57732067,31876796.845847335,11906.761008479172,9434277.847268632,31877704.551179975,11906.761008479172,9434519.052986514,31877592.07510654,12898.90775918577,9434095.783038555,31876684.369773895,12898.90775918577
9434610.085101552,31878102.16580958,12402.83438383247,0.8666585133170294,9434277.847268632,31877704.551179975,11906.761008479172,9434701.11721659,31878612.25651262,11906.761008479172,9434942.322934473,31878499.780439183,12898.90775918577,9434519.052986514,31877592.07510654,12898.90775918577
9435033.355049513,31879009.87114222,12402.83438383247,0.9010579884341737,9434701.11721659,31878612.25651262,11906.761008479172,9435124.387164552,31879519.96184526,11906.761008479172,9435365.592882434,31879407.485771824,12898.90775918577,9434942.322934473,31878499.780439183,12898.90775918577
9435456.62499747,31879917.576474864,12402.83438383247,0.8455393251832274,9435124.387164552,31879519.96184526,11906.761008479172,9435547.657112509,31880427.667177904,11906.761008479172,9435788.862830391,31880315.191104464,12898.90775918577,9435365.592882434,31879407.485771824,12898.90775918577
9435879.89494543,31880825.281807505,12402.83438383247,0.608462130354548,9435547.657112509,31880427.667177904,11906.761008479172,9435970.927060468,31881335.37251055,11906.761008479172,9436212.132778352,31881222.896437105,12898.90775918577,9435788.862830391,31880315.191104464,12898.90775918577
9436303.16489339,31881732.98714015,12402.83438383247,0.6358048778801632,9435970.927060468,31881335.37251055,11906.761008479172,9436394.19700843,31882243.07784319,11906.761008479172,9436635.402726311,31882130.60176975,12898.90775918577,9436212.132778352,31881222.896437105,12898.90775918577
9436726.434841348,31882640.692472793,12402.83438383247,0.7338001446191361,9436394.19700843,31882243.07784319,11906.761008479172,9436817.466956386,31883150.783175834,11906.761008479172,9437058.67267427,31883038.307102393,12898.90775918577,9436635.402726311,31882130.60176975,12898.90775918577
9422153.192380654,31850758.529756866,13394.98113453907,4.5891615329137245,9421820.954547735,31850360.915127266,12898.90775918577,9422244.224495694,31851268.620459907,12898.90775918577,9422485.430213574,31851156.144386467,13891.054509892369,9422062.160265613,31850248.439053826,13891.054509892369
9422576.462328613,31851666.23508951,13394.98113453907,2.4867018701145818,9422244.224495694,31851268.620459907,12898.90775918577,9422667.494443653,31852176.325792547,12898.90775918577,9422908.700161532,31852063.84971911,13891.054509892369,9422485.430213574,31851156.144386467,13891.054509892369
9422999.732276572,31852573.94042215,13394.98113453907,2.323824517782234,9422667.494443653,31852176.325792547,12898.90775918577,9423090.764391612,31853084.031125188,12898.90775918577,9423331.97010949,31852971.555051755,13891.054509892369,9422908.700161532,31852063.84971911,13891.054509892369
9423423.002224531,31853481.645754788,13394.98113453907,1.9621971851726119,9423090.764391612,31853084.031125188,12898.90775918577,9423514.034339573,31853991.736457832,12898.90775918577,9423755.240057452,31853879.260384396,13891.054509892369,9423331.97010949,31852971.555051755,13891.054509892369
9423846.272172492,31854389.351087432,13394.98113453907,1.9246132055264762,9423514.034339573,31853991.736457832,12898.90775918577,9423937.304287532,31854899.441790476,12898.90775918577,9424178.51000541,31854786.965717036,13891.054509892369,9423755.240057452,31853879.260384396,13891.054509892369
9424269.542120451,31855297.05642008,13394.98113453907,1.8424637344294106,9423937.304287532,31854899.441790476,12898.90775918577,9424360.57423549,31855807.14712312,12898.90775918577,9424601.779953372,31855694.67104968,13891.054509892369,9424178.51000541,31854786.965717036,13891.054509892369
9424692.81206841,31856204.76175272,13394.98113453907,2.7004458492397303,9424360.57423549,31855807.14712312,12898.90775918577,9424783.84418345,31856714.85245576,12898.90775918577,9425025.049901329,31856602.37638232,13891.054509892369,9424601.779953372,31855694.67104968,13891.054509892369
9425116.08201637,31857112.467085365,13394.98113453907,3.550922331557112,9424783.84418345,31856714.85245576,12898.90775918577,9425207.11413141,31857622.5577884,12898.90775918577,9425448.319849288,31857510.081714965,13891.054509892369,9425025.049901329,31856602.37638232,13891.054509892369
9425539.35196433,31858020.17241801,13394.98113453907,4.5189032719315705,9425207.11413141,31857622.5577884,12898.90775918577,9425630.384079369,31858530.263121046,12898.90775918577,9425871.589797247,31858417.78704761,13891.054509892369,9425448.319849288,31857510.081714965,13891.054509892369
9425962.621912288,31858927.877750646,13394.98113453907,5.340870823406245,9425630.384079369,31858530.263121046,12898.90775918577,9426053.654027328,31859437.968453687,12898.90775918577,9426294.859745206,31859325.49238025,13891.054509892369,9425871.589797247,31858417.78704761,13891.054509892369
9426385.891860247,31859835.583083287,13394.98113453907,6.525021862191234,9426053.654027328,31859437.968453687,12898.90775918577,9426476.923975287,31860345.67378633,12898.90775918577,9426718.129693167,31860233.19771289,13891.054509892369,9426294.859745206,31859325.49238025,13891.054509892369
9426809.161808208,31860743.288415935,13394.98113453907,3.9325752288372287,9426476.923975287,31860345.67378633,12898.90775918577,9426900.193923246,31861253.37911897,12898.90775918577,9427141.399641125,31861140.903045535,13891.054509892369,9426718.129693167,31860233.19771289,13891.054509892369
9427232.431756165,31861650.993748575,13394.98113453907,2.5387984903282796,9426900.193923246,31861253.37911897,12898.90775918577,9427323.463871205,31862161.084451616,12898.90775918577,9427564.669589086,31862048.60837818,13891.054509892369,9427141.399641125,31861140.903045535,13891.054509892369
9427655.701704128,31862558.69908122,13394.98113453907,1.7507502215329196,9427323.463871205,31862161.084451616,12898.90775918577,9427746.733819166,31863068.789784256,12898.90775918577,9427987.939537045,31862956.31371082,13891.054509892369,9427564.669589086,31862048.60837818,13891.054509892369
9428078.971652085,31863466.404413864,13394.98113453907,1.53809062317763,9427746.733819166,31863068.789784256,12898.90775918577,9428170.003767125,31863976.4951169,12898.90775918577,9428411.209485004,31863864.019043464,13891.054509892369,9427987.939537045,31862956.31371082,13891.054509892369
9428502.241600044,31864374.1097465,13394.98113453907,1.5381279732286048,9428170.003767125,31863976.4951169,12898.90775918577,9428593.273715083,31864884.20044954,12898.90775918577,9428834.479432963,31864771.724376105,13891.054509892369,9428411.209485004,31863864.019043464,13891.054509892369
9428925.511548003,31865281.81507914,13394.98113453907,1.0960749256009497,9428593.273715083,31864884.20044954,12898.90775918577,9429016.543663044,31865791.905782185,12898.90775918577,9429257.749380922,31865679.42970875,13891.054509892369,9428834.479432963,31864771.724376105,13891.054509892369
9429348.781495962,31866189.52041179,13394.98113453907,0.7765951831280693,9429016.543663044,31865791.905782185,12898.90775918577,9429439.813611003,31866699.61111483,12898.90775918577,9429681.019328883,31866587.13504139,13891.054509892369,9429257.749380922,31865679.42970875,13891.054509892369
9429772.051443923,31867097.22574443,13394.98113453907,0.6128052725909384,9429439.813611003,31866699.61111483,12898.90775918577,9429863.083558962,31867607.31644747,12898.90775918577,9430104.28927684,31867494.84037403,13891.054509892369,9429681.019328883,31866587.13504139,13891.054509892369
9430195.32139188,31868004.931077074,13394.98113453907,0.5959747014533155,9429863.083558962,31867607.31644747,12898.90775918577,9430286.35350692,31868515.021780115,12898.90775918577,9430527.5592248,31868402.545706674,13891.054509892369,9430104.28927684,31867494.84037403,13891.054509892369
9430618.59133984,31868912.636409715,13394.98113453907,0.8008381969408105,9430286.35350692,31868515.021780115,12898.90775918577,9430709.62345488,31869422.72711275,12898.90775918577,9430950.82917276,31869310.25103932,13891.054509892369,9430527.5592248,31868402.545706674,13891.054509892369
9431041.8612878,31869820.34174236,13394.98113453907,1.0966526967304535,9430709.62345488,31869422.72711275,12898.90775918577,9431132.893402841,31870330.4324454,12898.90775918577,9431374.09912072,31870217.956371963,13891.054509892369,9430950.82917276,31869310.25103932,13891.054509892369
9431465.13123576,31870728.047075,13394.98113453907,1.2553916881274538,9431132.893402841,31870330.4324454,12898.90775918577,9431556.163350798,31871238.13777804,12898.90775918577,9431797.369068678,31871125.661704604,13891.054509892369,9431374.09912072,31870217.956371963,13891.054509892369
9431888.401183719,31871635.752407644,13394.98113453907,1.3923585522406288,9431556.163350798,31871238.13777804,12898.90775918577,9431979.43329876,31872145.843110684,12898.90775918577,9432220.639016638,31872033.367037244,13891.054509892369,9431797.369068678,31871125.661704604,13891.054509892369
9432311.671131678,31872543.457740285,13394.98113453907,1.2859901822723425,9431979.43329876,31872145.843110684,12898.90775918577,9432402.703246718,31873053.548443325,12898.90775918577,9432643.908964597,31872941.07236989,13891.054509892369,9432220.639016638,31872033.367037244,13891.054509892369
9432734.941079637,31873451.16307293,13394.98113453907,1.307180932183204,9432402.703246718,31873053.548443325,12898.90775918577,9432825.973194676,31873961.25377597,12898.90775918577,9433067.178912556,31873848.77770253,13891.054509892369,9432643.908964597,31872941.07236989,13891.054509892369
9433158.211027596,31874358.868405573,13394.98113453907,1.702092362878972,9432825.973194676,31873961.25377597,12898.90775918577,9433249.243142636,31874868.95910861,12898.90775918577,9433490.448860515,31874756.483035173,13891.054509892369,9433067.178912556,31873848.77770253,13891.054509892369
9433581.480975555,31875266.573738214,13394.98113453907,1.786697236585402,9433249.243142636,31874868.95910861,12898.90775918577,9433672.513090596,31875776.66444125,12898.90775918577,9433913.718808476,31875664.188367814,13891.054509892369,9433490.448860515,31874756.483035173,13891.054509892369
9434004.750923516,31876174.27907085,13394.98113453907,1.4126819219611257,9433672.513090596,31875776.66444125,12898.90775918577,9434095.783038555,31876684.369773895,12898.90775918577,9434336.988756433,31876571.893700458,13891.054509892369,9433913.718808476,31875664.188367814,13891.054509892369
9434428.020871473,31877081.9844035,13394.98113453907,1.1839739904314805,9434095.783038555,31876684.369773895,12898.90775918577,9434519.052986514,31877592.07510654,12898.90775918577,9434760.258704392,31877479.5990331,13891.054509892369,9434336.988756433,31876571.893700458,13891.054509892369
9434851.290819433,31877989.68973614,13394.98113453907,1.0519814116955217,9434519.052986514,31877592.07510654,12898.90775918577,9434942.322934473,31878499.780439183,12898.90775918577,9435183.528652353,31878387.304365743,13891.054509892369,9434760.258704392,31877479.5990331,13891.054509892369
9435274.560767394,31878897.395068783,13394.98113453907,1.0266044765399978,9434942.322934473,31878499.780439183,12898.90775918577,9435365.592882434,31879407.485771824,12898.90775918577,9435606.798600312,31879295.009698384,13891.054509892369,9435183.528652353,31878387.304365743,13891.054509892369
9435697.83071535,31879805.100401428,13394.98113453907,0.8057482159238287,9435365.592882434,31879407.485771824,12898.90775918577,9435788.862830391,31880315.191104464,12898.90775918577,9436030.068548271,31880202.715031028,13891.054509892369,9435606.798600312,31879295.009698384,13891.054509892369
9436121.100663312,31880712.80573407,13394.98113453907,0.6601652086836683,9435788.862830391,31880315.191104464,12898.90775918577,9436212.132778352,31881222.896437105,12898.90775918577,9436453.33849623,31881110.420363672,13891.054509892369,9436030.068548271,31880202.715031028,13891.054509892369
9436544.37061127,31881620.511066712,13394.98113453907,0.5978855819190553,9436212.132778352,31881222.896437105,12898.90775918577,9436635.402726311,31882130.60176975,12898.90775918577,9436876.60844419,31882018.125696313,13891.054509892369,9436453.33849623,31881110.420363672,13891.054509892369
9436967.640559228,31882528.216399353,13394.98113453907,0.7296355215398617,9436635.402726311,31882130.60176975,12898.90775918577,9437058.67267427,31883038.307102393,12898.90775918577,9437299.878392149,31882925.831028957,13891.054509892369,9436876.60844419,31882018.125696313,13891.054509892369
9422394.398098534,31850646.053683426,14387.127885245669,2.0753336740945043,9422062.160265613,31850248.439053826,13891.054509892369,9422485.430213574,31851156.144386467,13891.054509892369,9422726.635931453,31851043.66831303,14883.201260598966,9422303.365983494,31850135.96298039,14883.201260598966
9422817.668046493,31851553.75901607,14387.127885245669,2.218956382100245,9422485.430213574,31851156.144386467,13891.054509892369,9422908.700161532,31852063.84971911,13891.054509892369,9423149.905879412,31851951.37364567,14883.201260598966,9422726.635931453,31851043.66831303,14883.201260598966
9423240.93799445,31852461.464348715,14387.127885245669,2.038830676665808,9422908.700161532,31852063.84971911,13891.054509892369,9423331.97010949,31852971.555051755,13891.054509892369,9423573.175827371,31852859.078978315,14883.201260598966,9423149.905879412,31851951.37364567,14883.201260598966
9423664.207942411,31853369.169681355,14387.127885245669,1.7609864252684728,9423331.97010949,31852971.555051755,13891.054509892369,9423755.240057452,31853879.260384396,13891.054509892369,9423996.44577533,31853766.784310956,14883.201260598966,9423573.175827371,31852859.078978315,14883.201260598966
9424087.47789037,31854276.875013996,14387.127885245669,1.4466627009677788,9423755.240057452,31853879.260384396,13891.054509892369,9424178.51000541,31854786.965717036,13891.054509892369,9424419.715723291,31854674.4896436,14883.201260598966,9423996.44577533,31853766.784310956,14883.201260598966
9424510.747838331,31855184.580346644,14387.127885245669,1.8592636065043961,9424178.51000541,31854786.965717036,13891.054509892369,9424601.779953372,31855694.67104968,13891.054509892369,9424842.98567125,31855582.194976244,14883.201260598966,9424419.715723291,31854674.4896436,14883.201260598966
9424934.01778629,31856092.28567928,14387.127885245669,3.455320368649704,9424601.779953372,31855694.67104968,13891.054509892369,9425025.049901329,31856602.37638232,13891.054509892369,9425266.255619207,31856489.90030889,14883.201260598966,9424842.98567125,31855582.194976244,14883.201260598966
9425357.287734248,31856999.991011925,14387.127885245669,3.8754609771756723,9425025.049901329,31856602.37638232,13891.054509892369,9425448.319849288,31857510.081714965,13891.054509892369,9425689.525567168,31857397.605641525,14883.201260598966,9425266.255619207,31856489.90030889,14883.201260598966
9425780.557682209,31857907.69634457,14387.127885245669,4.175372430734217,9425448.319849288,31857510.081714965,13891.054509892369,9425871.589797247,31858417.78704761,13891.054509892369,9426112.795515127,31858305.31097417,14883.201260598966,9425689.525567168,31857397.605641525,14883.201260598966
9426203.827630168,31858815.40167721,14387.127885245669,3.901183060582001,9425871.589797247,31858417.78704761,13891.054509892369,9426294.859745206,31859325.49238025,13891.054509892369,9426536.065463087,31859213.01630681,14883.201260598966,9426112.795515127,31858305.31097417,14883.201260598966
9426627.097578127,31859723.10700985,14387.127885245669,5.95646510666948,9426294.859745206,31859325.49238025,13891.054509892369,9426718.129693167,31860233.19771289,13891.054509892369,9426959.335411046,31860120.721639454,14883.201260598966,9426536.065463087,31859213.01630681,14883.201260598966
9427050.367526086,31860630.8123425,14387.127885245669,4.092986025666107,9426718.129693167,31860233.19771289,13891.054509892369,9427141.399641125,31861140.903045535,13891.054509892369,9427382.605359005,31861028.4269721,14883.201260598966,9426959.335411046,31860120.721639454,14883.201260598966
9427473.637474045,31861538.517675135,14387.127885245669,3.073387291974268,9427141.399641125,31861140.903045535,13891.054509892369,9427564.669589086,31862048.60837818,13891.054509892369,9427805.875306966,31861936.132304743,14883.201260598966,9427382.605359005,31861028.4269721,14883.201260598966
9427896.907422004,31862446.22300778,14387.127885245669,2.81018706060037,9427564.669589086,31862048.60837818,13891.054509892369,9427987.939537045,31862956.31371082,13891.054509892369,9428229.145254923,31862843.83763738,14883.201260598966,9427805.875306966,31861936.132304743,14883.201260598966
9428320.177369963,31863353.928340424,14387.127885245669,2.542759589377418,9427987.939537045,31862956.31371082,13891.054509892369,9428411.209485004,31863864.019043464,13891.054509892369,9428652.415202884,31863751.542970024,14883.201260598966,9428229.145254923,31862843.83763738,14883.201260598966
9428743.447317924,31864261.633673064,14387.127885245669,1.4038655221903558,9428411.209485004,31863864.019043464,13891.054509892369,9428834.479432963,31864771.724376105,13891.054509892369,9429075.685150843,31864659.24830267,14883.201260598966,9428652.415202884,31863751.542970024,14883.201260598966
9429166.717265882,31865169.33900571,14387.127885245669,0.8233035969363001,9428834.479432963,31864771.724376105,13891.054509892369,9429257.749380922,31865679.42970875,13891.054509892369,9429498.9550988,31865566.95363531,14883.201260598966,9429075.685150843,31864659.24830267,14883.201260598966
9429589.98721384,31866077.044338353,14387.127885245669,0.5238945341893956,9429257.749380922,31865679.42970875,13891.054509892369,9429681.019328883,31866587.13504139,13891.054509892369,9429922.225046761,31866474.658967953,14883.201260598966,9429498.9550988,31865566.95363531,14883.201260598966
9430013.257161802,31866984.749670994,14387.127885245669,0.573993110038802,9429681.019328883,31866587.13504139,13891.054509892369,9430104.28927684,31867494.84037403,13891.054509892369,9430345.494994719,31867382.364300594,14883.201260598966,9429922.225046761,31866474.658967953,14883.201260598966
9430436.527109759,31867892.455003634,14387.127885245669,0.6295302065723312,9430104.28927684,31867494.84037403,13891.054509892369,9430527.5592248,31868402.545706674,13891.054509892369,9430768.76494268,31868290.069633238,14883.201260598966,9430345.494994719,31867382.364300594,14883.201260598966
9430859.79705772,31868800.16033628,14387.127885245669,0.7420773701147007,9430527.5592248,31868402.545706674,13891.054509892369,9430950.82917276,31869310.25103932,13891.054509892369,9431192.034890639,31869197.77496588,14883.201260598966,9430768.76494268,31868290.069633238,14883.201260598966
9431283.067005679,31869707.86566892,14387.127885245669,1.0911843143619449,9430950.82917276,31869310.25103932,13891.054509892369,9431374.09912072,31870217.956371963,13891.054509892369,9431615.304838598,31870105.480298523,14883.201260598966,9431192.034890639,31869197.77496588,14883.201260598966
9431706.336953638,31870615.571001563,14387.127885245669,1.3433361535697246,9431374.09912072,31870217.956371963,13891.054509892369,9431797.369068678,31871125.661704604,13891.054509892369,9432038.574786559,31871013.185631163,14883.201260598966,9431615.304838598,31870105.480298523,14883.201260598966
9432129.6069016,31871523.276334208,14387.127885245669,1.5851172385202232,9431797.369068678,31871125.661704604,13891.054509892369,9432220.639016638,31872033.367037244,13891.054509892369,9432461.844734516,31871920.890963808,14883.201260598966,9432038.574786559,31871013.185631163,14883.201260598966
9432552.876849556,31872430.981666848,14387.127885245669,1.7591678881915198,9432220.639016638,31872033.367037244,13891.054509892369,9432643.908964597,31872941.07236989,13891.054509892369,9432885.114682477,31872828.596296452,14883.201260598966,9432461.844734516,31871920.890963808,14883.201260598966
9432976.146797515,31873338.68699949,14387.127885245669,1.9367097689525659,9432643.908964597,31872941.07236989,13891.054509892369,9433067.178912556,31873848.77770253,13891.054509892369,9433308.384630434,31873736.301629093,14883.201260598966,9432885.114682477,31872828.596296452,14883.201260598966
9433399.416745475,31874246.392332133,14387.127885245669,1.8012051244692944,9433067.178912556,31873848.77770253,13891.054509892369,9433490.448860515,31874756.483035173,13891.054509892369,9433731.654578393,31874644.006961733,14883.201260598966,9433308.384630434,31873736.301629093,14883.201260598966
9433822.686693436,31875154.097664773,14387.127885245669,2.1033804458109757,9433490.448860515,31874756.483035173,13891.054509892369,9433913.718808476,31875664.188367814,13891.054509892369,9434154.924526354,31875551.712294377,14883.201260598966,9433731.654578393,31874644.006961733,14883.201260598966
9434245.956641393,31876061.802997418,14387.127885245669,1.6869406318617552,9433913.718808476,31875664.188367814,13891.054509892369,9434336.988756433,31876571.893700458,13891.054509892369,9434578.194474312,31876459.417627018,14883.201260598966,9434154.924526354,31875551.712294377,14883.201260598966
9434669.226589354,31876969.508330062,14387.127885245669,1.4679419370477595,9434336.988756433,31876571.893700458,13891.054509892369,9434760.258704392,31877479.5990331,13891.054509892369,9435001.464422274,31877367.122959662,14883.201260598966,9434578.194474312,31876459.417627018,14883.201260598966
9435092.496537313,31877877.213662703,14387.127885245669,1.3745913635845866,9434760.258704392,31877479.5990331,13891.054509892369,9435183.528652353,31878387.304365743,13891.054509892369,9435424.734370232,31878274.828292307,14883.201260598966,9435001.464422274,31877367.122959662,14883.201260598966
9435515.766485272,31878784.918995343,14387.127885245669,0.9777540994971422,9435183.528652353,31878387.304365743,13891.054509892369,9435606.798600312,31879295.009698384,13891.054509892369,9435848.004318193,31879182.533624947,14883.201260598966,9435424.734370232,31878274.828292307,14883.201260598966
9435939.036433233,31879692.624327987,14387.127885245669,0.807700812151547,9435606.798600312,31879295.009698384,13891.054509892369,9436030.068548271,31880202.715031028,13891.054509892369,9436271.27426615,31880090.238957588,14883.201260598966,9435848.004318193,31879182.533624947,14883.201260598966
9436362.30638119,31880600.329660628,14387.127885245669,0.7343053229994199,9436030.068548271,31880202.715031028,13891.054509892369,9436453.33849623,31881110.420363672,13891.054509892369,9436694.544214109,31880997.944290232,14883.201260598966,9436271.27426615,31880090.238957588,14883.201260598966
9436785.57632915,31881508.034993272,14387.127885245669,0.8218155902469945,9436453.33849623,31881110.420363672,13891.054509892369,9436876.60844419,31882018.125696313,13891.054509892369,9437117.81416207,31881905.649622872,14883.201260598966,9436694.544214109,31880997.944290232,14883.201260598966
9437208.84627711,31882415.740325917,14387.127885245669,1.1707036632683196,9436876.60844419,31882018.125696313,13891.054509892369,9437299.878392149,31882925.831028957,13891.054509892369,9437541.084110027,31882813.354955517,14883.201260598966,9437117.81416207,31881905.649622872,14883.201260598966
9422635.603816412,31850533.57760999,15379.274635952264,1.6860222436110428,9422303.365983494,31850135.96298039,14883.201260598966,9422726.635931453,31851043.66831303,14883.201260598966,9422967.841649331,31850931.192239594,15875.348011305563,9422544.571701372,31850023.48690695,15875.348011305563
9423058.873764371,31851441.282942634,15379.274635952264,1.6264465978560398,9422726.635931453,31851043.66831303,14883.201260598966,9423149.905879412,31851951.37364567,14883.201260598966,9423391.111597292,31851838.897572234,15875.348011305563,9422967.841649331,31850931.192239594,15875.348011305563
9423482.143712332,31852348.988275275,15379.274635952264,1.6977489473388918,9423149.905879412,31851951.37364567,14883.201260598966,9423573.175827371,31852859.078978315,14883.201260598966,9423814.38154525,31852746.60290488,15875.348011305563,9423391.111597292,31851838.897572234,15875.348011305563
9423905.41366029,31853256.693607915,15379.274635952264,1.6947144231690583,9423573.175827371,31852859.078978315,14883.201260598966,9423996.44577533,31853766.784310956,14883.201260598966,9424237.651493208,31853654.30823752,15875.348011305563,9423814.38154525,31852746.60290488,15875.348011305563
9424328.68360825,31854164.398940556,15379.274635952264,1.6056277168672333,9423996.44577533,31853766.784310956,14883.201260598966,9424419.715723291,31854674.4896436,14883.201260598966,9424660.92144117,31854562.01357016,15875.348011305563,9424237.651493208,31853654.30823752,15875.348011305563
9424751.95355621,31855072.104273204,15379.274635952264,1.838510967658156,9424419.715723291,31854674.4896436,14883.201260598966,9424842.98567125,31855582.194976244,14883.201260598966,9425084.191389129,31855469.718902804,15875.348011305563,9424660.92144117,31854562.01357016,15875.348011305563
9425175.223504167,31855979.809605844,15379.274635952264,2.6844079774963925,9424842.98567125,31855582.194976244,14883.201260598966,9425266.255619207,31856489.90030889,14883.201260598966,9425507.461337088,31856377.42423545,15875.348011305563,9425084.191389129,31855469.718902804,15875.348011305563
9425598.493452128,31856887.51493849,15379.274635952264,4.913083038728899,9425266.255619207,31856489.90030889,14883.201260598966,9425689.525567168,31857397.605641525,14883.201260598966,9425930.731285047,31857285.12956809,15875.348011305563,9425507.461337088,31856377.42423545,15875.348011305563
9426021.763400087,31857795.220271133,15379.274635952264,5.42613709249906,9425689.525567168,31857397.605641525,14883.201260598966,9426112.795515127,31858305.31097417,14883.201260598966,9426354.001233006,31858192.834900733,15875.348011305563,9425930.731285047,31857285.12956809,15875.348011305563
9426445.033348046,31858702.92560377,15379.274635952264,5.444538258888237,9426112.795515127,31858305.31097417,14883.201260598966,9426536.065463087,31859213.01630681,14883.201260598966,9426777.271180965,31859100.540233377,15875.348011305563,9426354.001233006,31858192.834900733,15875.348011305563
9426868.303296005,31859610.630936414,15379.274635952264,5.265884506953731,9426536.065463087,31859213.01630681,14883.201260598966,9426959.335411046,31860120.721639454,14883.201260598966,9427200.541128924,31860008.245566014,15875.348011305563,9426777.271180965,31859100.540233377,15875.348011305563
9427291.573243964,31860518.33626906,15379.274635952264,3.0596779714877584,9426959.335411046,31860120.721639454,14883.201260598966,9427382.605359005,31861028.4269721,14883.201260598966,9427623.811076885,31860915.95089866,15875.348011305563,9427200.541128924,31860008.245566014,15875.348011305563
9427714.843191925,31861426.0416017,15379.274635952264,3.5480200497162024,9427382.605359005,31861028.4269721,14883.201260598966,9427805.875306966,31861936.132304743,14883.201260598966,9428047.081024844,31861823.656231303,15875.348011305563,9427623.811076885,31860915.95089866,15875.348011305563
9428138.113139885,31862333.746934343,15379.274635952264,4.99575281693692,9427805.875306966,31861936.132304743,14883.201260598966,9428229.145254923,31862843.83763738,14883.201260598966,9428470.350972803,31862731.361563947,15875.348011305563,9428047.081024844,31861823.656231303,15875.348011305563
9428561.383087844,31863241.452266987,15379.274635952264,4.884563496054801,9428229.145254923,31862843.83763738,14883.201260598966,9428652.415202884,31863751.542970024,14883.201260598966,9428893.620920762,31863639.066896588,15875.348011305563,9428470.350972803,31862731.361563947,15875.348011305563
9428984.653035803,31864149.157599624,15379.274635952264,1.7253656634121042,9428652.415202884,31863751.542970024,14883.201260598966,9429075.685150843,31864659.24830267,14883.201260598966,9429316.890868722,31864546.772229232,15875.348011305563,9428893.620920762,31863639.066896588,15875.348011305563
9429407.922983762,31865056.86293227,15379.274635952264,0.7518356030711244,9429075.685150843,31864659.24830267,14883.201260598966,9429498.9550988,31865566.95363531,14883.201260598966,9429740.16081668,31865454.47756187,15875.348011305563,9429316.890868722,31864546.772229232,15875.348011305563
9429831.192931721,31865964.568264913,15379.274635952264,0.2957024762760366,9429498.9550988,31865566.95363531,14883.201260598966,9429922.225046761,31866474.658967953,14883.201260598966,9430163.43076464,31866362.182894513,15875.348011305563,9429740.16081668,31865454.47756187,15875.348011305563
9430254.46287968,31866872.273597553,15379.274635952264,0.4253175891292513,9429922.225046761,31866474.658967953,14883.201260598966,9430345.494994719,31867382.364300594,14883.201260598966,9430586.7007126,31867269.888227157,15875.348011305563,9430163.43076464,31866362.182894513,15875.348011305563
9430677.732827641,31867779.978930198,15379.274635952264,0.6592561118880018,9430345.494994719,31867382.364300594,14883.201260598966,9430768.76494268,31868290.069633238,14883.201260598966,9431009.970660558,31868177.593559798,15875.348011305563,9430586.7007126,31867269.888227157,15875.348011305563
9431101.002775598,31868687.684262842,15379.274635952264,0.7122221318356357,9430768.76494268,31868290.069633238,14883.201260598966,9431192.034890639,31869197.77496588,14883.201260598966,9431433.240608517,31869085.298892442,15875.348011305563,9431009.970660558,31868177.593559798,15875.348011305563
9431524.272723557,31869595.389595482,15379.274635952264,1.1313134841066563,9431192.034890639,31869197.77496588,14883.201260598966,9431615.304838598,31870105.480298523,14883.201260598966,9431856.510556478,31869993.004225086,15875.348011305563,9431433.240608517,31869085.298892442,15875.348011305563
9431947.542671518,31870503.094928123,15379.274635952264,1.4151129539610996,9431615.304838598,31870105.480298523,14883.201260598966,9432038.574786559,31871013.185631163,14883.201260598966,9432279.780504437,31870900.70955773,15875.348011305563,9431856.510556478,31869993.004225086,15875.348011305563
9432370.812619478,31871410.800260767,15379.274635952264,1.9333575857407925,9432038.574786559,31871013.185631163,14883.201260598966,9432461.844734516,31871920.890963808,14883.201260598966,9432703.050452396,31871808.414890368,15875.348011305563,9432279.780504437,31870900.70955773,15875.348011305563
9432794.082567437,31872318.505593408,15379.274635952264,3.171723054790691,9432461.844734516,31871920.890963808,14883.201260598966,9432885.114682477,31872828.596296452,14883.201260598966,9433126.320400355,31872716.12022301,15875.348011305563,9432703.050452396,31871808.414890368,15875.348011305563
9433217.352515396,31873226.210926052,15379.274635952264,2.3719499323132993,9432885.114682477,31872828.596296452,14883.201260598966,9433308.384630434,31873736.301629093,14883.201260598966,9433549.590348314,31873623.825555652,15875.348011305563,9433126.320400355,31872716.12022301,15875.348011305563
9433640.622463353,31874133.916258696,15379.274635952264,2.4600325111034684,9433308.384630434,31873736.301629093,14883.201260598966,9433731.654578393,31874644.006961733,14883.201260598966,9433972.860296274,31874531.530888297,15875.348011305563,9433549.590348314,31873623.825555652,15875.348011305563
9434063.892411314,31875041.621591337,15379.274635952264,2.5891966827644763,9433731.654578393,31874644.006961733,14883.201260598966,9434154.924526354,31875551.712294377,14883.201260598966,9434396.130244233,31875439.23622094,15875.348011305563,9433972.860296274,31874531.530888297,15875.348011305563
9434487.162359273,31875949.326923978,15379.274635952264,2.963224436066383,9434154.924526354,31875551.712294377,14883.201260598966,9434578.194474312,31876459.417627018,14883.201260598966,9434819.400192194,31876346.94155358,15875.348011305563,9434396.130244233,31875439.23622094,15875.348011305563
9434910.432307234,31876857.032256622,15379.274635952264,1.9255880531978997,9434578.194474312,31876459.417627018,14883.201260598966,9435001.464422274,31877367.122959662,14883.201260598966,9435242.670140153,31877254.646886222,15875.348011305563,9434819.400192194,31876346.94155358,15875.348011305563
9435333.702255193,31877764.737589262,15379.274635952264,1.4591713266224189,9435001.464422274,31877367.122959662,14883.201260598966,9435424.734370232,31878274.828292307,14883.201260598966,9435665.94008811,31878162.352218866,15875.348011305563,9435242.670140153,31877254.646886222,15875.348011305563
9435756.97220315,31878672.442921907,15379.274635952264,1.050854100052861,9435424.734370232,31878274.828292307,14883.201260598966,9435848.004318193,31879182.533624947,14883.201260598966,9436089.210036071,31879070.05755151,15875.348011305563,9435665.94008811,31878162.352218866,15875.348011305563
9436180.242151111,31879580.14825455,15379.274635952264,0.8568426507986019,9435848.004318193,31879182.533624947,14883.201260598966,9436271.27426615,31880090.238957588,14883.201260598966,9436512.47998403,31879977.76288415,15875.348011305563,9436089.210036071,31879070.05755151,15875.348011305563
9436603.51209907,31880487.85358719,15379.274635952264,0.9689798948467391,9436271.27426615,31880090.238957588,14883.201260598966,9436694.544214109,31880997.944290232,14883.201260598966,9436935.74993199,31880885.468216795,15875.348011305563,9436512.47998403,31879977.76288415,15875.348011305563
9437026.78204703,31881395.558919836,15379.274635952264,1.1484311696069527,9436694.544214109,31880997.944290232,14883.201260598966,9437117.81416207,31881905.649622872,14883.201260598966,9437359.019879948,31881793.173549436,15875.348011305563,9436935.74993199,31880885.468216795,15875.348011305563
9437450.051994989,31882303.264252476,15379.274635952264,1.2915130821514231,9437117.81416207,31881905.649622872,14883.201260598966,9437541.084110027,31882813.354955517,14883.201260598966,9437782.289827907,31882700.87888208,15875.348011305563,9437359.019879948,31881793.173549436,15875.348011305563
9422876.80953429,31850421.10153655,16371.421386658863,1.613796585107856,9422544.571701372,31850023.48690695,15875.348011305563,9422967.841649331,31850931.192239594,15875.348011305563,9423209.047367211,31850818.716166154,16867.494762012164,9422785.77741925,31849911.010833513,16867.494762012164
9423300.079482252,31851328.806869194,16371.421386658863,1.1647659757321283,9422967.841649331,31850931.192239594,15875.348011305563,9423391.111597292,31851838.897572234,15875.348011305563,9423632.31731517,31851726.421498794,16867.494762012164,9423209.047367211,31850818.716166154,16867.494762012164
9423723.349430209,31852236.51220184,16371.421386658863,1.545812785288276,9423391.111597292,31851838.897572234,15875.348011305563,9423814.38154525,31852746.60290488,15875.348011305563,9424055.587263128,31852634.12683144,16867.494762012164,9423632.31731517,31851726.421498794,16867.494762012164
9424146.619378168,31853144.21753448,16371.421386658863,1.5299726876213666,9423814.38154525,31852746.60290488,15875.348011305563,9424237.651493208,31853654.30823752,15875.348011305563,9424478.857211089,31853541.832164083,16867.494762012164,9424055.587263128,31852634.12683144,16867.494762012164
9424569.88932613,31854051.922867123,16371.421386658863,1.4633400366527243,9424237.651493208,31853654.30823752,15875.348011305563,9424660.92144117,31854562.01357016,15875.348011305563,9424902.127159048,31854449.537496727,16867.494762012164,9424478.857211089,31853541.832164083,16867.494762012164
9424993.159274088,31854959.628199767,16371.421386658863,1.7598178683757597,9424660.92144117,31854562.01357016,15875.348011305563,9425084.191389129,31855469.718902804,15875.348011305563,9425325.397107009,31855357.242829368,16867.494762012164,9424902.127159048,31854449.537496727,16867.494762012164
9425416.42922205,31855867.333532404,16371.421386658863,3.601852743479618,9425084.191389129,31855469.718902804,15875.348011305563,9425507.461337088,31856377.42423545,15875.348011305563,9425748.667054966,31856264.94816201,16867.494762012164,9425325.397107009,31855357.242829368,16867.494762012164
9425839.699170006,31856775.03886505,16371.421386658863,6.674285664520562,9425507.461337088,31856377.42423545,15875.348011305563,9425930.731285047,31857285.12956809,15875.348011305563,9426171.937002925,31857172.65349465,16867.494762012164,9425748.667054966,31856264.94816201,16867.494762012164
9426262.969117966,31857682.744197693,16371.421386658863,7.367780859468363,9425930.731285047,31857285.12956809,15875.348011305563,9426354.001233006,31858192.834900733,15875.348011305563,9426595.206950886,31858080.358827293,16867.494762012164,9426171.937002925,31857172.65349465,16867.494762012164
9426686.239065927,31858590.449530333,16371.421386658863,8.059782265358177,9426354.001233006,31858192.834900733,15875.348011305563,9426777.271180965,31859100.540233377,15875.348011305563,9427018.476898843,31858988.064159937,16867.494762012164,9426595.206950886,31858080.358827293,16867.494762012164
9427109.509013884,31859498.154862978,16371.421386658863,6.305590023607566,9426777.271180965,31859100.540233377,15875.348011305563,9427200.541128924,31860008.245566014,15875.348011305563,9427441.746846804,31859895.769492578,16867.494762012164,9427018.476898843,31858988.064159937,16867.494762012164
9427532.778961845,31860405.86019562,16371.421386658863,5.0838562081152,9427200.541128924,31860008.245566014,15875.348011305563,9427623.811076885,31860915.95089866,15875.348011305563,9427865.016794764,31860803.474825222,16867.494762012164,9427441.746846804,31859895.769492578,16867.494762012164
9427956.048909804,31861313.56552826,16371.421386658863,4.903352507775161,9427623.811076885,31860915.95089866,15875.348011305563,9428047.081024844,31861823.656231303,15875.348011305563,9428288.286742723,31861711.180157866,16867.494762012164,9427865.016794764,31860803.474825222,16867.494762012164
9428379.318857763,31862221.270860903,16371.421386658863,4.198187347530003,9428047.081024844,31861823.656231303,15875.348011305563,9428470.350972803,31862731.361563947,15875.348011305563,9428711.556690682,31862618.885490507,16867.494762012164,9428288.286742723,31861711.180157866,16867.494762012164
9428802.588805722,31863128.976193547,16371.421386658863,3.3243502010801795,9428470.350972803,31862731.361563947,15875.348011305563,9428893.620920762,31863639.066896588,15875.348011305563,9429134.82663864,31863526.590823147,16867.494762012164,9428711.556690682,31862618.885490507,16867.494762012164
9429225.858753681,31864036.681526188,16371.421386658863,1.7625337395599274,9428893.620920762,31863639.066896588,15875.348011305563,9429316.890868722,31864546.772229232,15875.348011305563,9429558.096586602,31864434.29615579,16867.494762012164,9429134.82663864,31863526.590823147,16867.494762012164
9429649.128701642,31864944.386858832,16371.421386658863,0.8068443488446798,9429316.890868722,31864546.772229232,15875.348011305563,9429740.16081668,31865454.47756187,15875.348011305563,9429981.366534559,31865342.001488436,16867.494762012164,9429558.096586602,31864434.29615579,16867.494762012164
9430072.3986496,31865852.092191476,16371.421386658863,0.4411640928234589,9429740.16081668,31865454.47756187,15875.348011305563,9430163.43076464,31866362.182894513,15875.348011305563,9430404.636482518,31866249.706821077,16867.494762012164,9429981.366534559,31865342.001488436,16867.494762012164
9430495.668597559,31866759.797524117,16371.421386658863,0.6414120753254587,9430163.43076464,31866362.182894513,15875.348011305563,9430586.7007126,31867269.888227157,15875.348011305563,9430827.90643048,31867157.41215372,16867.494762012164,9430404.636482518,31866249.706821077,16867.494762012164
9430918.93854552,31867667.502856757,16371.421386658863,0.7871286090448557,9430586.7007126,31867269.888227157,15875.348011305563,9431009.970660558,31868177.593559798,15875.348011305563,9431251.176378436,31868065.11748636,16867.494762012164,9430827.90643048,31867157.41215372,16867.494762012164
9431342.208493477,31868575.2081894,16371.421386658863,0.8195597595822675,9431009.970660558,31868177.593559798,15875.348011305563,9431433.240608517,31869085.298892442,15875.348011305563,9431674.446326397,31868972.822819002,16867.494762012164,9431251.176378436,31868065.11748636,16867.494762012164
9431765.478441438,31869482.913522042,16371.421386658863,1.2480494879800175,9431433.240608517,31869085.298892442,15875.348011305563,9431856.510556478,31869993.004225086,15875.348011305563,9432097.716274356,31869880.528151646,16867.494762012164,9431674.446326397,31868972.822819002,16867.494762012164
9432188.748389397,31870390.618854687,16371.421386658863,1.728906881844438,9431856.510556478,31869993.004225086,15875.348011305563,9432279.780504437,31870900.70955773,15875.348011305563,9432520.986222316,31870788.23348429,16867.494762012164,9432097.716274356,31869880.528151646,16867.494762012164
9432612.018337358,31871298.32418733,16371.421386658863,2.2454763546686842,9432279.780504437,31870900.70955773,15875.348011305563,9432703.050452396,31871808.414890368,15875.348011305563,9432944.256170275,31871695.93881693,16867.494762012164,9432520.986222316,31870788.23348429,16867.494762012164
9433035.288285315,31872206.02951997,16371.421386658863,2.5902556369022234,9432703.050452396,31871808.414890368,15875.348011305563,9433126.320400355,31872716.12022301,15875.348011305563,9433367.526118234,31872603.644149575,16867.494762012164,9432944.256170275,31871695.93881693,16867.494762012164
9433458.558233274,31873113.734852612,16371.421386658863,1.9992976803725728,9433126.320400355,31872716.12022301,15875.348011305563,9433549.590348314,31873623.825555652,15875.348011305563,9433790.796066195,31873511.34948222,16867.494762012164,9433367.526118234,31872603.644149575,16867.494762012164
9433881.828181235,31874021.440185256,16371.421386658863,2.6562602643356445,9433549.590348314,31873623.825555652,15875.348011305563,9433972.860296274,31874531.530888297,15875.348011305563,9434214.066014152,31874419.054814856,16867.494762012164,9433790.796066195,31873511.34948222,16867.494762012164
9434305.098129192,31874929.145517897,16371.421386658863,3.3266326768102545,9433972.860296274,31874531.530888297,15875.348011305563,9434396.130244233,31875439.23622094,15875.348011305563,9434637.335962111,31875326.7601475,16867.494762012164,9434214.066014152,31874419.054814856,16867.494762012164
9434728.368077153,31875836.85085054,16371.421386658863,4.718068507645209,9434396.130244233,31875439.23622094,15875.348011305563,9434819.400192194,31876346.94155358,15875.348011305563,9435060.605910072,31876234.46548014,16867.494762012164,9434637.335962111,31875326.7601475,16867.494762012164
9435151.638025112,31876744.556183185,16371.421386658863,2.446229861802428,9434819.400192194,31876346.94155358,15875.348011305563,9435242.670140153,31877254.646886222,15875.348011305563,9435483.875858031,31877142.17081279,16867.494762012164,9435060.605910072,31876234.46548014,16867.494762012164
9435574.90797307,31877652.261515833,16371.421386658863,1.7038975728961971,9435242.670140153,31877254.646886222,15875.348011305563,9435665.94008811,31878162.352218866,15875.348011305563,9435907.14580599,31878049.87614543,16867.494762012164,9435483.875858031,31877142.17081279,16867.494762012164
9435998.17792103,31878559.966848467,16371.421386658863,1.4149913371024099,9435665.94008811,31878162.352218866,15875.348011305563,9436089.210036071,31879070.05755151,15875.348011305563,9436330.41575395,31878957.581478074,16867.494762012164,9435907.14580599,31878049.87614543,16867.494762012164
9436421.44786899,31879467.67218111,16371.421386658863,1.3804319578143558,9436089.210036071,31879070.05755151,15875.348011305563,9436512.47998403,31879977.76288415,15875.348011305563,9436753.68570191,31879865.28681071,16867.494762012164,9436330.41575395,31878957.581478074,16867.494762012164
9436844.717816949,31880375.37751375,16371.421386658863,1.2620109250596354,9436512.47998403,31879977.76288415,15875.348011305563,9436935.74993199,31880885.468216795,15875.348011305563,9437176.955649868,31880772.992143355,16867.494762012164,9436753.68570191,31879865.28681071,16867.494762012164
9437267.987764908,31881283.082846396,16371.421386658863,1.2258718452498985,9436935.74993199,31880885.468216795,15875.348011305563,9437359.019879948,31881793.173549436,15875.348011305563,9437600.225597827,31881680.697476,16867.494762012164,9437176.955649868,31880772.992143355,16867.494762012164
9437691.257712867,31882190.78817904,16371.421386658863,1.4335523836634771,9437359.019879948,31881793.173549436,15875.348011305563,9437782.289827907,31882700.87888208,15875.348011305563,9438023.495545788,31882588.40280864,16867.494762012164,9437600.225597827,31881680.697476,16867.494762012164
9423118.01525217,31850308.625463113,17363.568137365462,1.2004277829216319,9422785.77741925,31849911.010833513,16867.494762012164,9423209.047367211,31850818.716166154,16867.494762012164,9423450.25308509,31850706.240092717,17859.64151271876,9423026.983137129,31849798.534760073,17859.64151271876
9423541.28520013,31851216.330795757,17363.568137365462,0.9939760620203008,9423209.047367211,31850818.716166154,16867.494762012164,9423632.31731517,31851726.421498794,16867.494762012164,9423873.523033049,31851613.945425358,17859.64151271876,9423450.25308509,31850706.240092717,17859.64151271876
9423964.55514809,31852124.0361284,17363.568137365462,1.1830850252559937,9423632.31731517,31851726.421498794,16867.494762012164,9424055.587263128,31852634.12683144,16867.494762012164,9424296.792981008,31852521.650758002,17859.64151271876,9423873.523033049,31851613.945425358,17859.64151271876
9424387.825096048,31853031.74146104,17363.568137365462,1.3126985314557762,9424055.587263128,31852634.12683144,16867.494762012164,9424478.857211089,31853541.832164083,16867.494762012164,9424720.062928967,31853429.356090646,17859.64151271876,9424296.792981008,31852521.650758002,17859.64151271876
9424811.095044008,31853939.446793683,17363.568137365462,1.7041985859728992,9424478.857211089,31853541.832164083,16867.494762012164,9424902.127159048,31854449.537496727,16867.494762012164,9425143.332876926,31854337.061423287,17859.64151271876,9424720.062928967,31853429.356090646,17859.64151271876
9425234.364991968,31854847.152126327,17363.568137365462,2.2269654307667337,9424902.127159048,31854449.537496727,16867.494762012164,9425325.397107009,31855357.242829368,16867.494762012164,9425566.602824887,31855244.766755927,17859.64151271876,9425143.332876926,31854337.061423287,17859.64151271876
9425657.634939928,31855754.857458968,17363.568137365462,3.9037438725514613,9425325.397107009,31855357.242829368,16867.494762012164,9425748.667054966,31856264.94816201,16867.494762012164,9425989.872772845,31856152.47208857,17859.64151271876,9425566.602824887,31855244.766755927,17859.64151271876
9426080.904887885,31856662.562791612,17363.568137365462,7.595465342308235,9425748.667054966,31856264.94816201,16867.494762012164,9426171.937002925,31857172.65349465,16867.494762012164,9426413.142720805,31857060.177421216,17859.64151271876,9425989.872772845,31856152.47208857,17859.64151271876
9426504.174835846,31857570.268124256,17363.568137365462,8.317431282218818,9426171.937002925,31857172.65349465,16867.494762012164,9426595.206950886,31858080.358827293,16867.494762012164,9426836.412668765,31857967.882753856,17859.64151271876,9426413.142720805,31857060.177421216,17859.64151271876
9426927.444783805,31858477.973456893,17363.568137365462,8.51251483822205,9426595.206950886,31858080.358827293,16867.494762012164,9427018.476898843,31858988.064159937,16867.494762012164,9427259.682616724,31858875.5880865,17859.64151271876,9426836.412668765,31857967.882753856,17859.64151271876
9427350.714731764,31859385.678789537,17363.568137365462,7.8440159613056,9427018.476898843,31858988.064159937,16867.494762012164,9427441.746846804,31859895.769492578,16867.494762012164,9427682.952564683,31859783.293419138,17859.64151271876,9427259.682616724,31858875.5880865,17859.64151271876
9427773.984679723,31860293.38412218,17363.568137365462,5.2830909620261535,9427441.746846804,31859895.769492578,16867.494762012164,9427865.016794764,31860803.474825222,16867.494762012164,9428106.222512642,31860690.998751782,17859.64151271876,9427682.952564683,31859783.293419138,17859.64151271876
9428197.254627682,31861201.089454822,17363.568137365462,4.092006595181211,9427865.016794764,31860803.474825222,16867.494762012164,9428288.286742723,31861711.180157866,16867.494762012164,9428529.492460603,31861598.704084426,17859.64151271876,9428106.222512642,31860690.998751782,17859.64151271876
9428620.524575643,31862108.794787467,17363.568137365462,3.360295490303028,9428288.286742723,31861711.180157866,16867.494762012164,9428711.556690682,31862618.885490507,16867.494762012164,9428952.76240856,31862506.40941707,17859.64151271876,9428529.492460603,31861598.704084426,17859.64151271876
9429043.7945236,31863016.50012011,17363.568137365462,2.2830165233295756,9428711.556690682,31862618.885490507,16867.494762012164,9429134.82663864,31863526.590823147,16867.494762012164,9429376.032356521,31863414.11474971,17859.64151271876,9428952.76240856,31862506.40941707,17859.64151271876
9429467.064471561,31863924.205452748,17363.568137365462,1.7308215741794104,9429134.82663864,31863526.590823147,16867.494762012164,9429558.096586602,31864434.29615579,16867.494762012164,9429799.30230448,31864321.820082355,17859.64151271876,9429376.032356521,31863414.11474971,17859.64151271876
9429890.33441952,31864831.910785392,17363.568137365462,0.9701052611255973,9429558.096586602,31864434.29615579,16867.494762012164,9429981.366534559,31865342.001488436,16867.494762012164,9430222.572252437,31865229.525414996,17859.64151271876,9429799.30230448,31864321.820082355,17859.64151271876
9430313.604367478,31865739.616118036,17363.568137365462,0.8542872816100643,9429981.366534559,31865342.001488436,16867.494762012164,9430404.636482518,31866249.706821077,16867.494762012164,9430645.842200398,31866137.230747636,17859.64151271876,9430222.572252437,31865229.525414996,17859.64151271876
9430736.874315439,31866647.321450677,17363.568137365462,0.9948302139080037,9430404.636482518,31866249.706821077,16867.494762012164,9430827.90643048,31867157.41215372,16867.494762012164,9431069.112148358,31867044.93608028,17859.64151271876,9430645.842200398,31866137.230747636,17859.64151271876
9431160.144263398,31867555.02678332,17363.568137365462,1.1449035299863348,9430827.90643048,31867157.41215372,16867.494762012164,9431251.176378436,31868065.11748636,16867.494762012164,9431492.382096317,31867952.641412925,17859.64151271876,9431069.112148358,31867044.93608028,17859.64151271876
9431583.414211357,31868462.732115965,17363.568137365462,1.1015612256291327,9431251.176378436,31868065.11748636,16867.494762012164,9431674.446326397,31868972.822819002,16867.494762012164,9431915.652044276,31868860.346745566,17859.64151271876,9431492.382096317,31867952.641412925,17859.64151271876
9432006.684159316,31869370.437448606,17363.568137365462,1.6397846239956742,9431674.446326397,31868972.822819002,16867.494762012164,9432097.716274356,31869880.528151646,16867.494762012164,9432338.921992235,31869768.05207821,17859.64151271876,9431915.652044276,31868860.346745566,17859.64151271876
9432429.954107275,31870278.142781246,17363.568137365462,1.7655158200119574,9432097.716274356,31869880.528151646,16867.494762012164,9432520.986222316,31870788.23348429,16867.494762012164,9432762.191940196,31870675.757410854,17859.64151271876,9432338.921992235,31869768.05207821,17859.64151271876
9432853.224055234,31871185.84811389,17363.568137365462,1.7513262476840497,9432520.986222316,31870788.23348429,16867.494762012164,9432944.256170275,31871695.93881693,16867.494762012164,9433185.461888153,31871583.46274349,17859.64151271876,9432762.191940196,31870675.757410854,17859.64151271876
9433276.494003193,31872093.55344653,17363.568137365462,1.9927841340453558,9432944.256170275,31871695.93881693,16867.494762012164,9433367.526118234,31872603.644149575,16867.494762012164,9433608.731836114,31872491.168076135,17859.64151271876,9433185.461888153,31871583.46274349,17859.64151271876
9433699.763951154,31873001.258779176,17363.568137365462,2.1502948342750265,9433367.526118234,31872603.644149575,16867.494762012164,9433790.796066195,31873511.34948222,16867.494762012164,9434032.001784073,31873398.87340878,17859.64151271876,9433608.731836114,31872491.168076135,17859.64151271876
9434123.033899112,31873908.96411182,17363.568137365462,4.39920598609232,9433790.796066195,31873511.34948222,16867.494762012164,9434214.066014152,31874419.054814856,16867.494762012164,9434455.27173203,31874306.57874142,17859.64151271876,9434032.001784073,31873398.87340878,17859.64151271876
9434546.30384707,31874816.66944446,17363.568137365462,4.544014633355059,9434214.066014152,31874419.054814856,16867.494762012164,9434637.335962111,31875326.7601475,16867.494762012164,9434878.541679991,31875214.284074064,17859.64151271876,9434455.27173203,31874306.57874142,17859.64151271876
9434969.573795032,31875724.3747771,17363.568137365462,4.81689925716368,9434637.335962111,31875326.7601475,16867.494762012164,9435060.605910072,31876234.46548014,16867.494762012164,9435301.81162795,31876121.98940671,17859.64151271876,9434878.541679991,31875214.284074064,17859.64151271876
9435392.84374299,31876632.080109745,17363.568137365462,4.691596136786353,9435060.605910072,31876234.46548014,16867.494762012164,9435483.875858031,31877142.17081279,16867.494762012164,9435725.081575911,31877029.69473935,17859.64151271876,9435301.81162795,31876121.98940671,17859.64151271876
9435816.113690952,31877539.785442393,17363.568137365462,2.3652489856262613,9435483.875858031,31877142.17081279,16867.494762012164,9435907.14580599,31878049.87614543,16867.494762012164,9436148.351523869,31877937.40007199,17859.64151271876,9435725.081575911,31877029.69473935,17859.64151271876
9436239.38363891,31878447.49077503,17363.568137365462,2.1220371717617117,9435907.14580599,31878049.87614543,16867.494762012164,9436330.41575395,31878957.581478074,16867.494762012164,9436571.621471828,31878845.105404634,17859.64151271876,9436148.351523869,31877937.40007199,17859.64151271876
9436662.653586868,31879355.196107674,17363.568137365462,1.8198392128813607,9436330.41575395,31878957.581478074,16867.494762012164,9436753.68570191,31879865.28681071,16867.494762012164,9436994.891419789,31879752.81073728,17859.64151271876,9436571.621471828,31878845.105404634,17859.64151271876
9437085.92353483,31880262.901440315,17363.568137365462,1.248773823464863,9436753.68570191,31879865.28681071,16867.494762012164,9437176.955649868,31880772.992143355,16867.494762012164,9437418.161367746,31880660.51606992,17859.64151271876,9436994.891419789,31879752.81073728,17859.64151271876
9437509.193482786,31881170.60677296,17363.568137365462,1.2794110746663456,9437176.955649868,31880772.992143355,16867.494762012164,9437600.225597827,31881680.697476,16867.494762012164,9437841.431315707,31881568.221402563,17859.64151271876,9437418.161367746,31880660.51606992,17859.64151271876
9437932.463430747,31882078.3121056,17363.568137365462,1.4818996832594846,9437600.225597827,31881680.697476,16867.494762012164,9438023.495545788,31882588.40280864,16867.494762012164,9438264.701263666,31882475.926735204,17859.64151271876,9437841.431315707,31881568.221402563,17859.64151271876
9423359.220970051,31850196.149389673,18355.714888072056,1.3695089484885097,9423026.983137129,31849798.534760073,17859.64151271876,9423450.25308509,31850706.240092717,17859.64151271876,9423691.458802968,31850593.764019277,18851.78826342536,9423268.188855011,31849686.058686636,18851.78826342536
9423782.490918009,31851103.854722317,18355.714888072056,1.2361068863084343,9423450.25308509,31850706.240092717,17859.64151271876,9423873.523033049,31851613.945425358,17859.64151271876,9424114.72875093,31851501.46935192,18851.78826342536,9423691.458802968,31850593.764019277,18851.78826342536
9424205.76086597,31852011.56005496,18355.714888072056,1.2442616992265336,9423873.523033049,31851613.945425358,17859.64151271876,9424296.792981008,31852521.650758002,17859.64151271876,9424537.998698888,31852409.17468456,18851.78826342536,9424114.72875093,31851501.46935192,18851.78826342536
9424629.030813929,31852919.265387602,18355.714888072056,1.1132366909573845,9424296.792981008,31852521.650758002,17859.64151271876,9424720.062928967,31853429.356090646,17859.64151271876,9424961.268646846,31853316.880017206,18851.78826342536,9424537.998698888,31852409.17468456,18851.78826342536
9425052.300761886,31853826.970720246,18355.714888072056,1.460885832206208,9424720.062928967,31853429.356090646,17859.64151271876,9425143.332876926,31854337.061423287,17859.64151271876,9425384.538594807,31854224.58534985,18851.78826342536,9424961.268646846,31853316.880017206,18851.78826342536
9425475.570709847,31854734.67605289,18355.714888072056,2.1463280000653526,9425143.332876926,31854337.061423287,17859.64151271876,9425566.602824887,31855244.766755927,17859.64151271876,9425807.808542766,31855132.290682495,18851.78826342536,9425384.538594807,31854224.58534985,18851.78826342536
9425898.840657806,31855642.381385535,18355.714888072056,6.000208403100476,9425566.602824887,31855244.766755927,17859.64151271876,9425989.872772845,31856152.47208857,17859.64151271876,9426231.078490727,31856039.996015135,18851.78826342536,9425807.808542766,31855132.290682495,18851.78826342536
9426322.110605765,31856550.08671817,18355.714888072056,7.875834273256048,9425989.872772845,31856152.47208857,17859.64151271876,9426413.142720805,31857060.177421216,17859.64151271876,9426654.348438684,31856947.701347776,18851.78826342536,9426231.078490727,31856039.996015135,18851.78826342536
9426745.380553724,31857457.792050816,18355.714888072056,9.654158643128735,9426413.142720805,31857060.177421216,17859.64151271876,9426836.412668765,31857967.882753856,17859.64151271876,9427077.618386643,31857855.406680416,18851.78826342536,9426654.348438684,31856947.701347776,18851.78826342536
9427168.650501683,31858365.497383457,18355.714888072056,9.493751324189393,9426836.412668765,31857967.882753856,17859.64151271876,9427259.682616724,31858875.5880865,17859.64151271876,9427500.888334604,31858763.11201306,18851.78826342536,9427077.618386643,31857855.406680416,18851.78826342536
9427591.920449642,31859273.2027161,18355.714888072056,8.290904888634444,9427259.682616724,31858875.5880865,17859.64151271876,9427682.952564683,31859783.293419138,17859.64151271876,9427924.158282561,31859670.817345705,18851.78826342536,9427500.888334604,31858763.11201306,18851.78826342536
9428015.190397602,31860180.908048745,18355.714888072056,5.501460372990785,9427682.952564683,31859783.293419138,17859.64151271876,9428106.222512642,31860690.998751782,17859.64151271876,9428347.428230522,31860578.522678345,18851.78826342536,9427924.158282561,31859670.817345705,18851.78826342536
9428438.460345563,31861088.613381382,18355.714888072056,4.6147240651034585,9428106.222512642,31860690.998751782,17859.64151271876,9428529.492460603,31861598.704084426,17859.64151271876,9428770.698178481,31861486.22801099,18851.78826342536,9428347.428230522,31860578.522678345,18851.78826342536
9428861.730293522,31861996.318714026,18355.714888072056,3.37365757907253,9428529.492460603,31861598.704084426,17859.64151271876,9428952.76240856,31862506.40941707,17859.64151271876,9429193.96812644,31862393.93334363,18851.78826342536,9428770.698178481,31861486.22801099,18851.78826342536
9429285.00024148,31862904.02404667,18355.714888072056,1.939259410517458,9428952.76240856,31862506.40941707,17859.64151271876,9429376.032356521,31863414.11474971,17859.64151271876,9429617.2380744,31863301.638676275,18851.78826342536,9429193.96812644,31862393.93334363,18851.78826342536
9429708.27018944,31863811.72937931,18355.714888072056,2.020990415079198,9429376.032356521,31863414.11474971,17859.64151271876,9429799.30230448,31864321.820082355,17859.64151271876,9430040.508022359,31864209.344008915,18851.78826342536,9429617.2380744,31863301.638676275,18851.78826342536
9430131.540137397,31864719.434711955,18355.714888072056,1.6220792949533638,9429799.30230448,31864321.820082355,17859.64151271876,9430222.572252437,31865229.525414996,17859.64151271876,9430463.777970318,31865117.04934156,18851.78826342536,9430040.508022359,31864209.344008915,18851.78826342536
9430554.810085358,31865627.1400446,18355.714888072056,1.3154592327541927,9430222.572252437,31865229.525414996,17859.64151271876,9430645.842200398,31866137.230747636,17859.64151271876,9430887.047918277,31866024.7546742,18851.78826342536,9430463.777970318,31865117.04934156,18851.78826342536
9430978.080033317,31866534.84537724,18355.714888072056,1.537019602475843,9430645.842200398,31866137.230747636,17859.64151271876,9431069.112148358,31867044.93608028,17859.64151271876,9431310.317866236,31866932.460006844,18851.78826342536,9430887.047918277,31866024.7546742,18851.78826342536
9431401.349981276,31867442.55070988,18355.714888072056,1.6635727468541452,9431069.112148358,31867044.93608028,17859.64151271876,9431492.382096317,31867952.641412925,17859.64151271876,9431733.587814195,31867840.16533949,18851.78826342536,9431310.317866236,31866932.460006844,18851.78826342536
9431824.619929235,31868350.256042525,18355.714888072056,1.6691527802113748,9431492.382096317,31867952.641412925,17859.64151271876,9431915.652044276,31868860.346745566,17859.64151271876,9432156.857762154,31868747.870672125,18851.78826342536,9431733.587814195,31867840.16533949,18851.78826342536
9432247.889877195,31869257.961375166,18355.714888072056,2.168022564104947,9431915.652044276,31868860.346745566,17859.64151271876,9432338.921992235,31869768.05207821,17859.64151271876,9432580.127710115,31869655.57600477,18851.78826342536,9432156.857762154,31868747.870672125,18851.78826342536
9432671.159825156,31870165.66670781,18355.714888072056,3.617104364638018,9432338.921992235,31869768.05207821,17859.64151271876,9432762.191940196,31870675.757410854,17859.64151271876,9433003.397658074,31870563.281337414,18851.78826342536,9432580.127710115,31869655.57600477,18851.78826342536
9433094.429773115,31871073.372040454,18355.714888072056,2.6547755266233466,9432762.191940196,31870675.757410854,17859.64151271876,9433185.461888153,31871583.46274349,17859.64151271876,9433426.667606032,31871470.98667006,18851.78826342536,9433003.397658074,31870563.281337414,18851.78826342536
9433517.699721074,31871981.077373102,18355.714888072056,1.9585721456957277,9433185.461888153,31871583.46274349,17859.64151271876,9433608.731836114,31872491.168076135,17859.64151271876,9433849.937553992,31872378.6920027,18851.78826342536,9433426.667606032,31871470.98667006,18851.78826342536
9433940.969669033,31872888.782705735,18355.714888072056,2.0080026448092423,9433608.731836114,31872491.168076135,17859.64151271876,9434032.001784073,31873398.87340878,17859.64151271876,9434273.207501952,31873286.397335343,18851.78826342536,9433849.937553992,31872378.6920027,18851.78826342536
9434364.239616992,31873796.48803838,18355.714888072056,3.161859723776792,9434032.001784073,31873398.87340878,17859.64151271876,9434455.27173203,31874306.57874142,17859.64151271876,9434696.47744991,31874194.10266798,18851.78826342536,9434273.207501952,31873286.397335343,18851.78826342536
9434787.509564951,31874704.19337102,18355.714888072056,3.4466138809831324,9434455.27173203,31874306.57874142,17859.64151271876,9434878.541679991,31875214.284074064,17859.64151271876,9435119.74739787,31875101.808000624,18851.78826342536,9434696.47744991,31874194.10266798,18851.78826342536
9435210.77951291,31875611.898703665,18355.714888072056,2.9942980442094043,9434878.541679991,31875214.284074064,17859.64151271876,9435301.81162795,31876121.98940671,17859.64151271876,9435543.01734583,31876009.51333327,18851.78826342536,9435119.74739787,31875101.808000624,18851.78826342536
9435634.049460871,31876519.60403631,18355.714888072056,4.515702065045746,9435301.81162795,31876121.98940671,17859.64151271876,9435725.081575911,31877029.69473935,17859.64151271876,9435966.28729379,31876917.218665913,18851.78826342536,9435543.01734583,31876009.51333327,18851.78826342536
9436057.31940883,31877427.309368957,18355.714888072056,3.228952193869422,9435725.081575911,31877029.69473935,17859.64151271876,9436148.351523869,31877937.40007199,17859.64151271876,9436389.557241747,31877824.923998553,18851.78826342536,9435966.28729379,31876917.218665913,18851.78826342536
9436480.589356788,31878335.01470159,18355.714888072056,2.4491932368679388,9436148.351523869,31877937.40007199,17859.64151271876,9436571.621471828,31878845.105404634,17859.64151271876,9436812.827189708,31878732.629331198,18851.78826342536,9436389.557241747,31877824.923998553,18851.78826342536
9436903.859304748,31879242.720034238,18355.714888072056,2.2333443387516674,9436571.621471828,31878845.105404634,17859.64151271876,9436994.891419789,31879752.81073728,17859.64151271876,9437236.097137667,31879640.33466384,18851.78826342536,9436812.827189708,31878732.629331198,18851.78826342536
9437327.129252708,31880150.425366875,18355.714888072056,1.634438966333417,9436994.891419789,31879752.81073728,17859.64151271876,9437418.161367746,31880660.51606992,17859.64151271876,9437659.367085626,31880548.03999648,18851.78826342536,9437236.097137667,31879640.33466384,18851.78826342536
9437750.399200667,31881058.13069952,18355.714888072056,1.512830780377818,9437418.161367746,31880660.51606992,17859.64151271876,9437841.431315707,31881568.221402563,17859.64151271876,9438082.637033585,31881455.745329123,18851.78826342536,9437659.367085626,31880548.03999648,18851.78826342536
9438173.669148626,31881965.836032163,18355.714888072056,1.8014024513084534,9437841.431315707,31881568.221402563,17859.64151271876,9438264.701263666,31882475.926735204,17859.64151271876,9438505.906981545,31882363.450661767,18851.78826342536,9438082.637033585,31881455.745329123,18851.78826342536
9423600.426687928,31850083.673316237,19347.861638778657,1.2892095618204815,9423268.188855011,31849686.058686636,18851.78826342536,9423691.458802968,31850593.764019277,18851.78826342536,9423932.664520847,31850481.28794584,19843.935014131956,9423509.39457289,31849573.582613196,19843.935014131956
9424023.696635889,31850991.37864888,19347.861638778657,0.9673304905275912,9423691.458802968,31850593.764019277,18851.78826342536,9424114.72875093,31851501.46935192,18851.78826342536,9424355.934468808,31851388.993278485,19843.935014131956,9423932.664520847,31850481.28794584,19843.935014131956
9424446.966583848,31851899.08398152,19347.861638778657,0.9557432927288173,9424114.72875093,31851501.46935192,18851.78826342536,9424537.998698888,31852409.17468456,18851.78826342536,9424779.204416767,31852296.698611125,19843.935014131956,9424355.934468808,31851388.993278485,19843.935014131956
9424870.236531805,31852806.789314162,19347.861638778657,1.0260535768054169,9424537.998698888,31852409.17468456,18851.78826342536,9424961.268646846,31853316.880017206,18851.78826342536,9425202.474364726,31853204.40394377,19843.935014131956,9424779.204416767,31852296.698611125,19843.935014131956
9425293.506479766,31853714.494646806,19347.861638778657,1.4098360201150628,9424961.268646846,31853316.880017206,18851.78826342536,9425384.538594807,31854224.58534985,18851.78826342536,9425625.744312685,31854112.10927641,19843.935014131956,9425202.474364726,31853204.40394377,19843.935014131956
9425716.776427725,31854622.19997945,19347.861638778657,2.0166365362200267,9425384.538594807,31854224.58534985,18851.78826342536,9425807.808542766,31855132.290682495,18851.78826342536,9426049.014260644,31855019.814609054,19843.935014131956,9425625.744312685,31854112.10927641,19843.935014131956
9426140.046375686,31855529.9053121,19347.861638778657,5.3576211969375365,9425807.808542766,31855132.290682495,18851.78826342536,9426231.078490727,31856039.996015135,18851.78826342536,9426472.284208605,31855927.519941695,19843.935014131956,9426049.014260644,31855019.814609054,19843.935014131956
9426563.316323645,31856437.610644735,19347.861638778657,7.429987496620532,9426231.078490727,31856039.996015135,18851.78826342536,9426654.348438684,31856947.701347776,18851.78826342536,9426895.554156562,31856835.22527434,19843.935014131956,9426472.284208605,31855927.519941695,19843.935014131956
9426986.586271603,31857345.31597738,19347.861638778657,8.708681728614708,9426654.348438684,31856947.701347776,18851.78826342536,9427077.618386643,31857855.406680416,18851.78826342536,9427318.824104523,31857742.930606984,19843.935014131956,9426895.554156562,31856835.22527434,19843.935014131956
9427409.856219564,31858253.021310017,19347.861638778657,8.214080568640018,9427077.618386643,31857855.406680416,18851.78826342536,9427500.888334604,31858763.11201306,18851.78826342536,9427742.094052482,31858650.635939624,19843.935014131956,9427318.824104523,31857742.930606984,19843.935014131956
9427833.126167523,31859160.72664266,19347.861638778657,8.21395494181349,9427500.888334604,31858763.11201306,18851.78826342536,9427924.158282561,31859670.817345705,18851.78826342536,9428165.364000442,31859558.341272265,19843.935014131956,9427742.094052482,31858650.635939624,19843.935014131956
9428256.396115482,31860068.431975305,19347.861638778657,5.788178402900028,9427924.158282561,31859670.817345705,18851.78826342536,9428347.428230522,31860578.522678345,18851.78826342536,9428588.6339484,31860466.046604905,19843.935014131956,9428165.364000442,31859558.341272265,19843.935014131956
9428679.666063441,31860976.137307946,19347.861638778657,4.64794953624691,9428347.428230522,31860578.522678345,18851.78826342536,9428770.698178481,31861486.22801099,18851.78826342536,9429011.90389636,31861373.75193755,19843.935014131956,9428588.6339484,31860466.046604905,19843.935014131956
9429102.9360114,31861883.84264059,19347.861638778657,3.7120955246236957,9428770.698178481,31861486.22801099,18851.78826342536,9429193.96812644,31862393.93334363,18851.78826342536,9429435.17384432,31862281.457270194,19843.935014131956,9429011.90389636,31861373.75193755,19843.935014131956
9429526.205959361,31862791.547973238,19347.861638778657,2.230596704172834,9429193.96812644,31862393.93334363,18851.78826342536,9429617.2380744,31863301.638676275,18851.78826342536,9429858.443792278,31863189.162602838,19843.935014131956,9429435.17384432,31862281.457270194,19843.935014131956
9429949.475907318,31863699.25330587,19347.861638778657,2.5737790807917422,9429617.2380744,31863301.638676275,18851.78826342536,9430040.508022359,31864209.344008915,18851.78826342536,9430281.713740239,31864096.86793548,19843.935014131956,9429858.443792278,31863189.162602838,19843.935014131956
9430372.74585528,31864606.958638515,19347.861638778657,1.8638908027572494,9430040.508022359,31864209.344008915,18851.78826342536,9430463.777970318,31865117.04934156,18851.78826342536,9430704.983688198,31865004.57326812,19843.935014131956,9430281.713740239,31864096.86793548,19843.935014131956
9430796.015803237,31865514.66397116,19347.861638778657,1.6004502011494253,9430463.777970318,31865117.04934156,18851.78826342536,9430887.047918277,31866024.7546742,18851.78826342536,9431128.253636155,31865912.278600764,19843.935014131956,9430704.983688198,31865004.57326812,19843.935014131956
9431219.285751196,31866422.369303808,19347.861638778657,1.704710226187299,9430887.047918277,31866024.7546742,18851.78826342536,9431310.317866236,31866932.460006844,18851.78826342536,9431551.523584116,31866819.983933404,19843.935014131956,9431128.253636155,31865912.278600764,19843.935014131956
9431642.555699157,31867330.074636444,19347.861638778657,2.06532117616828,9431310.317866236,31866932.460006844,18851.78826342536,9431733.587814195,31867840.16533949,18851.78826342536,9431974.793532075,31867727.68926605,19843.935014131956,9431551.523584116,31866819.983933404,19843.935014131956
9432065.825647114,31868237.77996909,19347.861638778657,2.703989275943879,9431733.587814195,31867840.16533949,18851.78826342536,9432156.857762154,31868747.870672125,18851.78826342536,9432398.063480034,31868635.39459869,19843.935014131956,9431974.793532075,31867727.68926605,19843.935014131956
9432489.095595075,31869145.48530173,19347.861638778657,6.235792764531021,9432156.857762154,31868747.870672125,18851.78826342536,9432580.127710115,31869655.57600477,18851.78826342536,9432821.333427994,31869543.099931333,19843.935014131956,9432398.063480034,31868635.39459869,19843.935014131956
9432912.365543034,31870053.19063437,19347.861638778657,7.152574696489311,9432580.127710115,31869655.57600477,18851.78826342536,9433003.397658074,31870563.281337414,18851.78826342536,9433244.603375953,31870450.805263977,19843.935014131956,9432821.333427994,31869543.099931333,19843.935014131956
9433335.635490993,31870960.895967014,19347.861638778657,4.575384922988177,9433003.397658074,31870563.281337414,18851.78826342536,9433426.667606032,31871470.98667006,18851.78826342536,9433667.873323914,31871358.510596618,19843.935014131956,9433244.603375953,31870450.805263977,19843.935014131956
9433758.905438954,31871868.601299662,19347.861638778657,1.7670170834993912,9433426.667606032,31871470.98667006,18851.78826342536,9433849.937553992,31872378.6920027,18851.78826342536,9434091.14327187,31872266.21592926,19843.935014131956,9433667.873323914,31871358.510596618,19843.935014131956
9434182.175386911,31872776.3066323,19347.861638778657,2.391429875802749,9433849.937553992,31872378.6920027,18851.78826342536,9434273.207501952,31873286.397335343,18851.78826342536,9434514.413219832,31873173.921261903,19843.935014131956,9434091.14327187,31872266.21592926,19843.935014131956
9434605.445334872,31873684.011964943,19347.861638778657,2.789942403778301,9434273.207501952,31873286.397335343,18851.78826342536,9434696.47744991,31874194.10266798,18851.78826342536,9434937.683167791,31874081.626594547,19843.935014131956,9434514.413219832,31873173.921261903,19843.935014131956
9435028.715282831,31874591.717297584,19347.861638778657,2.977716843172433,9434696.47744991,31874194.10266798,18851.78826342536,9435119.74739787,31875101.808000624,18851.78826342536,9435360.953115748,31874989.331927188,19843.935014131956,9434937.683167791,31874081.626594547,19843.935014131956
9435451.985230789,31875499.422630224,19347.861638778657,3.041577745956803,9435119.74739787,31875101.808000624,18851.78826342536,9435543.01734583,31876009.51333327,18851.78826342536,9435784.22306371,31875897.037259832,19843.935014131956,9435360.953115748,31874989.331927188,19843.935014131956
9435875.25517875,31876407.12796287,19347.861638778657,3.9575286127832268,9435543.01734583,31876009.51333327,18851.78826342536,9435966.28729379,31876917.218665913,18851.78826342536,9436207.493011668,31876804.742592473,19843.935014131956,9435784.22306371,31875897.037259832,19843.935014131956
9436298.525126709,31877314.833295517,19347.861638778657,5.47232361384,9435966.28729379,31876917.218665913,18851.78826342536,9436389.557241747,31877824.923998553,18851.78826342536,9436630.76295963,31877712.447925117,19843.935014131956,9436207.493011668,31876804.742592473,19843.935014131956
9436721.795074668,31878222.538628154,19347.861638778657,4.2666396327469736,9436389.557241747,31877824.923998553,18851.78826342536,9436812.827189708,31878732.629331198,18851.78826342536,9437054.032907587,31878620.153257757,19843.935014131956,9436630.76295963,31877712.447925117,19843.935014131956
9437145.065022627,31879130.2439608,19347.861638778657,4.394065667172712,9436812.827189708,31878732.629331198,18851.78826342536,9437236.097137667,31879640.33466384,18851.78826342536,9437477.302855546,31879527.8585904,19843.935014131956,9437054.032907587,31878620.153257757,19843.935014131956
9437568.334970586,31880037.94929344,19347.861638778657,2.1633132245168682,9437236.097137667,31879640.33466384,18851.78826342536,9437659.367085626,31880548.03999648,18851.78826342536,9437900.572803507,31880435.563923042,19843.935014131956,9437477.302855546,31879527.8585904,19843.935014131956
9437991.604918545,31880945.654626083,19347.861638778657,1.828332391534056,9437659.367085626,31880548.03999648,18851.78826342536,9438082.637033585,31881455.745329123,18851.78826342536,9438323.842751464,31881343.269255687,19843.935014131956,9437900.572803507,31880435.563923042,19843.935014131956
9438414.874866504,31881853.359958723,19347.861638778657,1.9631672131201736,9438082.637033585,31881455.745329123,18851.78826342536,9438505.906981545,31882363.450661767,18851.78826342536,9438747.112699425,31882250.974588327,19843.935014131956,9438323.842751464,31881343.269255687,19843.935014131956
9423841.632405808,31849971.197242804,20340.008389485254,1.5092556773596078,9423509.39457289,31849573.582613196,19843.935014131956,9423932.664520847,31850481.28794584,19843.935014131956,9424173.870238727,31850368.8118724,20836.081764838553,9423750.600290768,31849461.106539764,20836.081764838553
9424264.902353767,31850878.90257544,20340.008389485254,1.3344107006207673,9423932.664520847,31850481.28794584,19843.935014131956,9424355.934468808,31851388.993278485,19843.935014131956,9424597.140186686,31851276.517205045,20836.081764838553,9424173.870238727,31850368.8118724,20836.081764838553
9424688.172301726,31851786.607908085,20340.008389485254,1.1979928492292735,9424355.934468808,31851388.993278485,19843.935014131956,9424779.204416767,31852296.698611125,19843.935014131956,9425020.410134647,31852184.222537685,20836.081764838553,9424597.140186686,31851276.517205045,20836.081764838553
9425111.442249687,31852694.313240726,20340.008389485254,1.2973126103549046,9424779.204416767,31852296.698611125,19843.935014131956,9425202.474364726,31853204.40394377,19843.935014131956,9425443.680082604,31853091.92787033,20836.081764838553,9425020.410134647,31852184.222537685,20836.081764838553
9425534.712197645,31853602.01857337,20340.008389485254,1.490002043991252,9425202.474364726,31853204.40394377,19843.935014131956,9425625.744312685,31854112.10927641,19843.935014131956,9425866.950030563,31853999.633202974,20836.081764838553,9425443.680082604,31853091.92787033,20836.081764838553
9425957.982145604,31854509.723906014,20340.008389485254,2.0759439477589856,9425625.744312685,31854112.10927641,19843.935014131956,9426049.014260644,31855019.814609054,19843.935014131956,9426290.219978524,31854907.338535618,20836.081764838553,9425866.950030563,31853999.633202974,20836.081764838553
9426381.252093565,31855417.42923866,20340.008389485254,4.56905869653112,9426049.014260644,31855019.814609054,19843.935014131956,9426472.284208605,31855927.519941695,19843.935014131956,9426713.489926483,31855815.04386826,20836.081764838553,9426290.219978524,31854907.338535618,20836.081764838553
9426804.522041524,31856325.134571295,20340.008389485254,7.559190640065939,9426472.284208605,31855927.519941695,19843.935014131956,9426895.554156562,31856835.22527434,19843.935014131956,9427136.759874443,31856722.7492009,20836.081764838553,9426713.489926483,31855815.04386826,20836.081764838553
9427227.791989483,31857232.839903943,20340.008389485254,8.687477387194146,9426895.554156562,31856835.22527434,19843.935014131956,9427318.824104523,31857742.930606984,19843.935014131956,9427560.029822402,31857630.454533543,20836.081764838553,9427136.759874443,31856722.7492009,20836.081764838553
9427651.061937442,31858140.54523658,20340.008389485254,9.05108362102818,9427318.824104523,31857742.930606984,19843.935014131956,9427742.094052482,31858650.635939624,19843.935014131956,9427983.29977036,31858538.159866184,20836.081764838553,9427560.029822402,31857630.454533543,20836.081764838553
9428074.331885401,31859048.250569224,20340.008389485254,9.650092790317872,9427742.094052482,31858650.635939624,19843.935014131956,9428165.364000442,31859558.341272265,19843.935014131956,9428406.56971832,31859445.86519883,20836.081764838553,9427983.29977036,31858538.159866184,20836.081764838553
9428497.60183336,31859955.95590187,20340.008389485254,7.146692272992294,9428165.364000442,31859558.341272265,19843.935014131956,9428588.6339484,31860466.046604905,19843.935014131956,9428829.839666279,31860353.570531473,20836.081764838553,9428406.56971832,31859445.86519883,20836.081764838553
9428920.87178132,31860863.661234513,20340.008389485254,4.203047986119512,9428588.6339484,31860466.046604905,19843.935014131956,9429011.90389636,31861373.75193755,19843.935014131956,9429253.10961424,31861261.275864117,20836.081764838553,9428829.839666279,31860353.570531473,20836.081764838553
9429344.14172928,31861771.36656715,20340.008389485254,2.915433510576516,9429011.90389636,31861373.75193755,19843.935014131956,9429435.17384432,31862281.457270194,19843.935014131956,9429676.3795622,31862168.981196754,20836.081764838553,9429253.10961424,31861261.275864117,20836.081764838553
9429767.41167724,31862679.071899798,20340.008389485254,3.0322026268198297,9429435.17384432,31862281.457270194,19843.935014131956,9429858.443792278,31863189.162602838,19843.935014131956,9430099.649510156,31863076.686529398,20836.081764838553,9429676.3795622,31862168.981196754,20836.081764838553
9430190.681625197,31863586.777232435,20340.008389485254,3.702388269974403,9429858.443792278,31863189.162602838,19843.935014131956,9430281.713740239,31864096.86793548,19843.935014131956,9430522.919458117,31863984.39186204,20836.081764838553,9430099.649510156,31863076.686529398,20836.081764838553
9430613.951573158,31864494.48256508,20340.008389485254,2.836348426404754,9430281.713740239,31864096.86793548,19843.935014131956,9430704.983688198,31865004.57326812,19843.935014131956,9430946.189406076,31864892.097194683,20836.081764838553,9430522.919458117,31863984.39186204,20836.081764838553
9431037.221521117,31865402.187897723,20340.008389485254,1.9713301448060694,9430704.983688198,31865004.57326812,19843.935014131956,9431128.253636155,31865912.278600764,19843.935014131956,9431369.459354036,31865799.802527327,20836.081764838553,9430946.189406076,31864892.097194683,20836.081764838553
9431460.491469076,31866309.893230367,20340.008389485254,2.092058944341682,9431128.253636155,31865912.278600764,19843.935014131956,9431551.523584116,31866819.983933404,19843.935014131956,9431792.729301995,31866707.507859968,20836.081764838553,9431369.459354036,31865799.802527327,20836.081764838553
9431883.761417035,31867217.598563004,20340.008389485254,3.3854275013983526,9431551.523584116,31866819.983933404,19843.935014131956,9431974.793532075,31867727.68926605,19843.935014131956,9432215.999249954,31867615.213192612,20836.081764838553,9431792.729301995,31866707.507859968,20836.081764838553
9432307.031364996,31868125.30389565,20340.008389485254,4.363522173553397,9431974.793532075,31867727.68926605,19843.935014131956,9432398.063480034,31868635.39459869,19843.935014131956,9432639.269197913,31868522.918525252,20836.081764838553,9432215.999249954,31867615.213192612,20836.081764838553
9432730.301312953,31869033.009228293,20340.008389485254,6.7726560992884774,9432398.063480034,31868635.39459869,19843.935014131956,9432821.333427994,31869543.099931333,19843.935014131956,9433062.539145872,31869430.623857897,20836.081764838553,9432639.269197913,31868522.918525252,20836.081764838553
9433153.571260912,31869940.714560933,20340.008389485254,8.027139089385093,9432821.333427994,31869543.099931333,19843.935014131956,9433244.603375953,31870450.805263977,19843.935014131956,9433485.809093833,31870338.329190537,20836.081764838553,9433062.539145872,31869430.623857897,20836.081764838553
9433576.841208873,31870848.419893578,20340.008389485254,6.599086430635607,9433244.603375953,31870450.805263977,19843.935014131956,9433667.873323914,31871358.510596618,19843.935014131956,9433909.079041792,31871246.03452318,20836.081764838553,9433485.809093833,31870338.329190537,20836.081764838553
9434000.11115683,31871756.125226226,20340.008389485254,3.9036070953187645,9433667.873323914,31871358.510596618,19843.935014131956,9434091.14327187,31872266.21592926,19843.935014131956,9434332.34898975,31872153.739855822,20836.081764838553,9433909.079041792,31871246.03452318,20836.081764838553
9434423.381104792,31872663.83055886,20340.008389485254,2.2332091686021096,9434091.14327187,31872266.21592926,19843.935014131956,9434514.413219832,31873173.921261903,19843.935014131956,9434755.61893771,31873061.445188466,20836.081764838553,9434332.34898975,31872153.739855822,20836.081764838553
9434846.65105275,31873571.535891507,20340.008389485254,2.362471588144735,9434514.413219832,31873173.921261903,19843.935014131956,9434937.683167791,31874081.626594547,19843.935014131956,9435178.88888567,31873969.150521107,20836.081764838553,9434755.61893771,31873061.445188466,20836.081764838553
9435269.921000708,31874479.241224144,20340.008389485254,2.1182272841092598,9434937.683167791,31874081.626594547,19843.935014131956,9435360.953115748,31874989.331927188,19843.935014131956,9435602.158833629,31874876.855853748,20836.081764838553,9435178.88888567,31873969.150521107,20836.081764838553
9435693.190948669,31875386.946556788,20340.008389485254,3.3443886143058092,9435360.953115748,31874989.331927188,19843.935014131956,9435784.22306371,31875897.037259832,19843.935014131956,9436025.428781588,31875784.56118639,20836.081764838553,9435602.158833629,31874876.855853748,20836.081764838553
9436116.460896628,31876294.651889432,20340.008389485254,3.9816153022621514,9435784.22306371,31875897.037259832,19843.935014131956,9436207.493011668,31876804.742592473,19843.935014131956,9436448.698729549,31876692.266519036,20836.081764838553,9436025.428781588,31875784.56118639,20836.081764838553
9436539.730844589,31877202.35722208,20340.008389485254,4.36643354488874,9436207.493011668,31876804.742592473,19843.935014131956,9436630.76295963,31877712.447925117,19843.935014131956,9436871.968677508,31877599.97185168,20836.081764838553,9436448.698729549,31876692.266519036,20836.081764838553
9436963.000792548,31878110.062554717,20340.008389485254,2.43603758089864,9436630.76295963,31877712.447925117,19843.935014131956,9437054.032907587,31878620.153257757,19843.935014131956,9437295.238625465,31878507.67718432,20836.081764838553,9436871.968677508,31877599.97185168,20836.081764838553
9437386.270740505,31879017.76788736,20340.008389485254,4.045483658284585,9437054.032907587,31878620.153257757,19843.935014131956,9437477.302855546,31879527.8585904,19843.935014131956,9437718.508573426,31879415.38251696,20836.081764838553,9437295.238625465,31878507.67718432,20836.081764838553
9437809.540688466,31879925.473220002,20340.008389485254,3.1441414237436196,9437477.302855546,31879527.8585904,19843.935014131956,9437900.572803507,31880435.563923042,19843.935014131956,9438141.778521385,31880323.087849606,20836.081764838553,9437718.508573426,31879415.38251696,20836.081764838553
9438232.810636425,31880833.178552642,20340.008389485254,1.7801096743430114,9437900.572803507,31880435.563923042,19843.935014131956,9438323.842751464,31881343.269255687,19843.935014131956,9438565.048469344,31881230.793182246,20836.081764838553,9438141.778521385,31880323.087849606,20836.081764838553
9438656.080584385,31881740.883885287,20340.008389485254,2.3839617530670614,9438323.842751464,31881343.269255687,19843.935014131956,9438747.112699425,31882250.974588327,19843.935014131956,9438988.318417303,31882138.49851489,20836.081764838553,9438565.048469344,31881230.793182246,20836.081764838553
9424082.838123688,31849858.721169367,21332.15514019185,1.9717688699042475,9423750.600290768,31849461.106539764,20836.081764838553,9424173.870238727,31850368.8118724,20836.081764838553,9424415.075956605,31850256.335798964,21828.228515545154,9423991.806008648,31849348.630466323,21828.228515545154
9424506.108071646,31850766.426502004,21332.15514019185,1.4805039426408757,9424173.870238727,31850368.8118724,20836.081764838553,9424597.140186686,31851276.517205045,20836.081764838553,9424838.345904564,31851164.04113161,21828.228515545154,9424415.075956605,31850256.335798964,21828.228515545154
9424929.378019607,31851674.13183465,21332.15514019185,1.4707814269704915,9424597.140186686,31851276.517205045,20836.081764838553,9425020.410134647,31852184.222537685,20836.081764838553,9425261.615852525,31852071.746464252,21828.228515545154,9424838.345904564,31851164.04113161,21828.228515545154
9425352.647967566,31852581.837167285,21332.15514019185,1.5414087631599223,9425020.410134647,31852184.222537685,20836.081764838553,9425443.680082604,31853091.92787033,20836.081764838553,9425684.885800483,31852979.451796893,21828.228515545154,9425261.615852525,31852071.746464252,21828.228515545154
9425775.917915523,31853489.54249993,21332.15514019185,1.963043548568683,9425443.680082604,31853091.92787033,20836.081764838553,9425866.950030563,31853999.633202974,20836.081764838553,9426108.155748444,31853887.157129534,21828.228515545154,9425684.885800483,31852979.451796893,21828.228515545154
9426199.187863484,31854397.247832574,21332.15514019185,2.0537123753804027,9425866.950030563,31853999.633202974,20836.081764838553,9426290.219978524,31854907.338535618,20836.081764838553,9426531.425696403,31854794.862462178,21828.228515545154,9426108.155748444,31853887.157129534,21828.228515545154
9426622.457811443,31855304.953165222,21332.15514019185,4.317918626905054,9426290.219978524,31854907.338535618,20836.081764838553,9426713.489926483,31855815.04386826,20836.081764838553,9426954.695644362,31855702.567794822,21828.228515545154,9426531.425696403,31854794.862462178,21828.228515545154
9427045.727759404,31856212.65849786,21332.15514019185,6.781184692283525,9426713.489926483,31855815.04386826,20836.081764838553,9427136.759874443,31856722.7492009,20836.081764838553,9427377.965592321,31856610.273127463,21828.228515545154,9426954.695644362,31855702.567794822,21828.228515545154
9427468.997707361,31857120.363830507,21332.15514019185,9.44254497079372,9427136.759874443,31856722.7492009,20836.081764838553,9427560.029822402,31857630.454533543,20836.081764838553,9427801.23554028,31857517.978460107,21828.228515545154,9427377.965592321,31856610.273127463,21828.228515545154
9427892.26765532,31858028.06916314,21332.15514019185,9.938161233676514,9427560.029822402,31857630.454533543,20836.081764838553,9427983.29977036,31858538.159866184,20836.081764838553,9428224.505488241,31858425.683792748,21828.228515545154,9427801.23554028,31857517.978460107,21828.228515545154
9428315.537603281,31858935.774495784,21332.15514019185,8.819227701133826,9427983.29977036,31858538.159866184,20836.081764838553,9428406.56971832,31859445.86519883,20836.081764838553,9428647.775436198,31859333.389125388,21828.228515545154,9428224.505488241,31858425.683792748,21828.228515545154
9428738.807551239,31859843.47982843,21332.15514019185,5.34081368387291,9428406.56971832,31859445.86519883,20836.081764838553,9428829.839666279,31860353.570531473,20836.081764838553,9429071.04538416,31860241.094458032,21828.228515545154,9428647.775436198,31859333.389125388,21828.228515545154
9429162.0774992,31860751.185161076,21332.15514019185,2.839549854686922,9428829.839666279,31860353.570531473,20836.081764838553,9429253.10961424,31861261.275864117,20836.081764838553,9429494.315332118,31861148.799790677,21828.228515545154,9429071.04538416,31860241.094458032,21828.228515545154
9429585.347447159,31861658.890493717,21332.15514019185,2.897203495670541,9429253.10961424,31861261.275864117,20836.081764838553,9429676.3795622,31862168.981196754,20836.081764838553,9429917.585280078,31862056.505123317,21828.228515545154,9429494.315332118,31861148.799790677,21828.228515545154
9430008.617395116,31862566.59582636,21332.15514019185,3.343164697501334,9429676.3795622,31862168.981196754,20836.081764838553,9430099.649510156,31863076.686529398,20836.081764838553,9430340.855228037,31862964.21045596,21828.228515545154,9429917.585280078,31862056.505123317,21828.228515545154
9430431.887343077,31863474.301159,21332.15514019185,3.370169287238872,9430099.649510156,31863076.686529398,20836.081764838553,9430522.919458117,31863984.39186204,20836.081764838553,9430764.125175996,31863871.915788606,21828.228515545154,9430340.855228037,31862964.21045596,21828.228515545154
9430855.157291036,31864382.00649164,21332.15514019185,5.092992562562858,9430522.919458117,31863984.39186204,20836.081764838553,9430946.189406076,31864892.097194683,20836.081764838553,9431187.395123957,31864779.621121243,21828.228515545154,9430764.125175996,31863871.915788606,21828.228515545154
9431278.427238995,31865289.711824283,21332.15514019185,3.3442730050303218,9430946.189406076,31864892.097194683,20836.081764838553,9431369.459354036,31865799.802527327,20836.081764838553,9431610.665071914,31865687.326453887,21828.228515545154,9431187.395123957,31864779.621121243,21828.228515545154
9431701.697186954,31866197.41715693,21332.15514019185,4.145731992215008,9431369.459354036,31865799.802527327,20836.081764838553,9431792.729301995,31866707.507859968,20836.081764838553,9432033.935019873,31866595.031786527,21828.228515545154,9431610.665071914,31865687.326453887,21828.228515545154
9432124.967134913,31867105.122489568,21332.15514019185,5.195140032434195,9431792.729301995,31866707.507859968,20836.081764838553,9432215.999249954,31867615.213192612,20836.081764838553,9432457.204967834,31867502.73711917,21828.228515545154,9432033.935019873,31866595.031786527,21828.228515545154
9432548.237082873,31868012.827822216,21332.15514019185,4.819589782264425,9432215.999249954,31867615.213192612,20836.081764838553,9432639.269197913,31868522.918525252,20836.081764838553,9432880.474915791,31868410.442451816,21828.228515545154,9432457.204967834,31867502.73711917,21828.228515545154
9432971.507030832,31868920.53315486,21332.15514019185,6.2159479903186545,9432639.269197913,31868522.918525252,20836.081764838553,9433062.539145872,31869430.623857897,20836.081764838553,9433303.744863752,31869318.14778446,21828.228515545154,9432880.474915791,31868410.442451816,21828.228515545154
9433394.776978793,31869828.238487497,21332.15514019185,7.044455686353696,9433062.539145872,31869430.623857897,20836.081764838553,9433485.809093833,31870338.329190537,20836.081764838553,9433727.014811711,31870225.8531171,21828.228515545154,9433303.744863752,31869318.14778446,21828.228515545154
9433818.046926752,31870735.943820138,21332.15514019185,6.90574704894169,9433485.809093833,31870338.329190537,20836.081764838553,9433909.079041792,31871246.03452318,20836.081764838553,9434150.28475967,31871133.55844974,21828.228515545154,9433727.014811711,31870225.8531171,21828.228515545154
9434241.31687471,31871643.649152786,21332.15514019185,7.156367920381575,9433909.079041792,31871246.03452318,20836.081764838553,9434332.34898975,31872153.739855822,20836.081764838553,9434573.55470763,31872041.263782386,21828.228515545154,9434150.28475967,31871133.55844974,21828.228515545154
9434664.58682267,31872551.354485422,21332.15514019185,4.371449785376171,9434332.34898975,31872153.739855822,20836.081764838553,9434755.61893771,31873061.445188466,20836.081764838553,9434996.824655589,31872948.969115026,21828.228515545154,9434573.55470763,31872041.263782386,21828.228515545154
9435087.856770629,31873459.05981807,21332.15514019185,2.0986708126562785,9434755.61893771,31873061.445188466,20836.081764838553,9435178.88888567,31873969.150521107,20836.081764838553,9435420.09460355,31873856.67444767,21828.228515545154,9434996.824655589,31872948.969115026,21828.228515545154
9435511.12671859,31874366.765150707,21332.15514019185,2.0305863927283547,9435178.88888567,31873969.150521107,20836.081764838553,9435602.158833629,31874876.855853748,20836.081764838553,9435843.364551507,31874764.37978031,21828.228515545154,9435420.09460355,31873856.67444767,21828.228515545154
9435934.396666547,31875274.470483348,21332.15514019185,2.408586691446483,9435602.158833629,31874876.855853748,20836.081764838553,9436025.428781588,31875784.56118639,20836.081764838553,9436266.634499466,31875672.085112955,21828.228515545154,9435843.364551507,31874764.37978031,21828.228515545154
9436357.666614506,31876182.175815992,21332.15514019185,4.2426585645558434,9436025.428781588,31875784.56118639,20836.081764838553,9436448.698729549,31876692.266519036,20836.081764838553,9436689.904447427,31876579.790445596,21828.228515545154,9436266.634499466,31875672.085112955,21828.228515545154
9436780.936562467,31877089.88114864,21332.15514019185,3.527059657910248,9436448.698729549,31876692.266519036,20836.081764838553,9436871.968677508,31877599.97185168,20836.081764838553,9437113.174395386,31877487.49577824,21828.228515545154,9436689.904447427,31876579.790445596,21828.228515545154
9437204.206510426,31877997.58648128,21332.15514019185,2.2937994576178853,9436871.968677508,31877599.97185168,20836.081764838553,9437295.238625465,31878507.67718432,20836.081764838553,9437536.444343345,31878395.20111088,21828.228515545154,9437113.174395386,31877487.49577824,21828.228515545154
9437627.476458386,31878905.291813925,21332.15514019185,3.256132667815455,9437295.238625465,31878507.67718432,20836.081764838553,9437718.508573426,31879415.38251696,20836.081764838553,9437959.714291304,31879302.906443525,21828.228515545154,9437536.444343345,31878395.20111088,21828.228515545154
9438050.746406345,31879812.99714657,21332.15514019185,2.9652651805967856,9437718.508573426,31879415.38251696,20836.081764838553,9438141.778521385,31880323.087849606,20836.081764838553,9438382.984239263,31880210.61177617,21828.228515545154,9437959.714291304,31879302.906443525,21828.228515545154
9438474.016354304,31880720.702479206,21332.15514019185,2.5009215969437366,9438141.778521385,31880323.087849606,20836.081764838553,9438565.048469344,31881230.793182246,20836.081764838553,9438806.254187223,31881118.31710881,21828.228515545154,9438382.984239263,31880210.61177617,21828.228515545154
9438897.286302263,31881628.407811847,21332.15514019185,2.0747301973628507,9438565.048469344,31881230.793182246,20836.081764838553,9438988.318417303,31882138.49851489,20836.081764838553,9439229.524135182,31882026.022441454,21828.228515545154,9438806.254187223,31881118.31710881,21828.228515545154
9424324.043841567,31849746.245095927,22324.30189089845,2.3774676121944607,9423991.806008648,31849348.630466323,21828.228515545154,9424415.075956605,31850256.335798964,21828.228515545154,9424656.281674488,31850143.859725524,22820.375266251747,9424233.01172653,31849236.154392883,22820.375266251747
9424747.313789524,31850653.950428564,22324.30189089845,1.5428859507762913,9424415.075956605,31850256.335798964,21828.228515545154,9424838.345904564,31851164.04113161,21828.228515545154,9425079.551622448,31851051.565058168,22820.375266251747,9424656.281674488,31850143.859725524,22820.375266251747
9425170.583737487,31851561.655761212,22324.30189089845,1.4288980083975709,9424838.345904564,31851164.04113161,21828.228515545154,9425261.615852525,31852071.746464252,21828.228515545154,9425502.821570408,31851959.27039081,22820.375266251747,9425079.551622448,31851051.565058168,22820.375266251747
9425593.853685444,31852469.36109385,22324.30189089845,2.3441142299667694,9425261.615852525,31852071.746464252,21828.228515545154,9425684.885800483,31852979.451796893,21828.228515545154,9425926.091518367,31852866.975723453,22820.375266251747,9425502.821570408,31851959.27039081,22820.375266251747
9426017.123633403,31853377.066426493,22324.30189089845,2.907032005375705,9425684.885800483,31852979.451796893,21828.228515545154,9426108.155748444,31853887.157129534,21828.228515545154,9426349.361466326,31853774.681056097,22820.375266251747,9425926.091518367,31852866.975723453,22820.375266251747
9426440.393581364,31854284.771759138,22324.30189089845,2.5104905864053304,9426108.155748444,31853887.157129534,21828.228515545154,9426531.425696403,31854794.862462178,21828.228515545154,9426772.631414285,31854682.38638874,22820.375266251747,9426349.361466326,31853774.681056097,22820.375266251747
9426863.663529323,31855192.47709178,22324.30189089845,5.040258026002699,9426531.425696403,31854794.862462178,21828.228515545154,9426954.695644362,31855702.567794822,21828.228515545154,9427195.901362246,31855590.091721382,22820.375266251747,9426772.631414285,31854682.38638874,22820.375266251747
9427286.933477284,31856100.18242442,22324.30189089845,5.305810203693009,9426954.695644362,31855702.567794822,21828.228515545154,9427377.965592321,31856610.273127463,21828.228515545154,9427619.171310203,31856497.797054023,22820.375266251747,9427195.901362246,31855590.091721382,22820.375266251747
9427710.203425242,31857007.887757067,22324.30189089845,7.203889158369933,9427377.965592321,31856610.273127463,21828.228515545154,9427801.23554028,31857517.978460107,21828.228515545154,9428042.441258164,31857405.502386667,22820.375266251747,9427619.171310203,31856497.797054023,22820.375266251747
9428133.473373203,31857915.593089703,22324.30189089845,8.682364855473057,9427801.23554028,31857517.978460107,21828.228515545154,9428224.505488241,31858425.683792748,21828.228515545154,9428465.711206123,31858313.207719307,22820.375266251747,9428042.441258164,31857405.502386667,22820.375266251747
9428556.743321162,31858823.298422348,22324.30189089845,8.213494091569109,9428224.505488241,31858425.683792748,21828.228515545154,9428647.775436198,31859333.389125388,21828.228515545154,9428888.98115408,31859220.91305195,22820.375266251747,9428465.711206123,31858313.207719307,22820.375266251747
9428980.013269119,31859731.003754992,22324.30189089845,3.6543441623423276,9428647.775436198,31859333.389125388,21828.228515545154,9429071.04538416,31860241.094458032,21828.228515545154,9429312.251102041,31860128.618384592,22820.375266251747,9428888.98115408,31859220.91305195,22820.375266251747
9429403.28321708,31860638.709087636,22324.30189089845,2.4642135306413264,9429071.04538416,31860241.094458032,21828.228515545154,9429494.315332118,31861148.799790677,21828.228515545154,9429735.52105,31861036.323717237,22820.375266251747,9429312.251102041,31860128.618384592,22820.375266251747
9429826.553165039,31861546.414420273,22324.30189089845,3.4828091405701875,9429494.315332118,31861148.799790677,21828.228515545154,9429917.585280078,31862056.505123317,21828.228515545154,9430158.790997962,31861944.029049877,22820.375266251747,9429735.52105,31861036.323717237,22820.375266251747
9430249.823112998,31862454.11975292,22324.30189089845,3.223296622378493,9429917.585280078,31862056.505123317,21828.228515545154,9430340.855228037,31862964.21045596,21828.228515545154,9430582.060945919,31862851.73438252,22820.375266251747,9430158.790997962,31861944.029049877,22820.375266251747
9430673.093060957,31863361.825085565,22324.30189089845,3.2232531274736385,9430340.855228037,31862964.21045596,21828.228515545154,9430764.125175996,31863871.915788606,21828.228515545154,9431005.330893878,31863759.439715162,22820.375266251747,9430582.060945919,31862851.73438252,22820.375266251747
9431096.363008916,31864269.530418202,22324.30189089845,4.166408754563364,9430764.125175996,31863871.915788606,21828.228515545154,9431187.395123957,31864779.621121243,21828.228515545154,9431428.600841839,31864667.145047806,22820.375266251747,9431005.330893878,31863759.439715162,22820.375266251747
9431519.632956875,31865177.235750847,22324.30189089845,3.5496767513967318,9431187.395123957,31864779.621121243,21828.228515545154,9431610.665071914,31865687.326453887,21828.228515545154,9431851.870789796,31865574.85038045,22820.375266251747,9431428.600841839,31864667.145047806,22820.375266251747
9431942.902904835,31866084.94108349,22324.30189089845,3.899738580557834,9431610.665071914,31865687.326453887,21828.228515545154,9432033.935019873,31866595.031786527,21828.228515545154,9432275.140737757,31866482.55571309,22820.375266251747,9431851.870789796,31865574.85038045,22820.375266251747
9432366.172852796,31866992.646416128,22324.30189089845,2.472429196335825,9432033.935019873,31866595.031786527,21828.228515545154,9432457.204967834,31867502.73711917,21828.228515545154,9432698.410685716,31867390.261045735,22820.375266251747,9432275.140737757,31866482.55571309,22820.375266251747
9432789.442800753,31867900.351748776,22324.30189089845,4.510783404216322,9432457.204967834,31867502.73711917,21828.228515545154,9432880.474915791,31868410.442451816,21828.228515545154,9433121.680633673,31868297.966378372,22820.375266251747,9432698.410685716,31867390.261045735,22820.375266251747
9433212.712748714,31868808.05708142,22324.30189089845,5.628700047385923,9432880.474915791,31868410.442451816,21828.228515545154,9433303.744863752,31869318.14778446,21828.228515545154,9433544.950581634,31869205.671711016,22820.375266251747,9433121.680633673,31868297.966378372,22820.375266251747
9433635.982696673,31869715.762414057,22324.30189089845,5.553928395677557,9433303.744863752,31869318.14778446,21828.228515545154,9433727.014811711,31870225.8531171,21828.228515545154,9433968.220529594,31870113.37704366,22820.375266251747,9433544.950581634,31869205.671711016,22820.375266251747
9434059.25264463,31870623.4677467,22324.30189089845,6.608806088448865,9433727.014811711,31870225.8531171,21828.228515545154,9434150.28475967,31871133.55844974,21828.228515545154,9434391.490477555,31871021.082376305,22820.375266251747,9433968.220529594,31870113.37704366,22820.375266251747
9434482.522592591,31871531.17307935,22324.30189089845,7.065797472175857,9434150.28475967,31871133.55844974,21828.228515545154,9434573.55470763,31872041.263782386,21828.228515545154,9434814.760425512,31871928.787708946,22820.375266251747,9434391.490477555,31871021.082376305,22820.375266251747
9434905.79254055,31872438.878411982,22324.30189089845,5.338352903160405,9434573.55470763,31872041.263782386,21828.228515545154,9434996.824655589,31872948.969115026,21828.228515545154,9435238.03037347,31872836.49304159,22820.375266251747,9434814.760425512,31871928.787708946,22820.375266251747
9435329.06248851,31873346.58374463,22324.30189089845,5.114364660226627,9434996.824655589,31872948.969115026,21828.228515545154,9435420.09460355,31873856.67444767,21828.228515545154,9435661.300321432,31873744.19837423,22820.375266251747,9435238.03037347,31872836.49304159,22820.375266251747
9435752.332436468,31874254.289077267,22324.30189089845,3.2260661204600494,9435420.09460355,31873856.67444767,21828.228515545154,9435843.364551507,31874764.37978031,21828.228515545154,9436084.57026939,31874651.90370687,22820.375266251747,9435661.300321432,31873744.19837423,22820.375266251747
9436175.602384428,31875161.99440991,22324.30189089845,2.127656640871025,9435843.364551507,31874764.37978031,21828.228515545154,9436266.634499466,31875672.085112955,21828.228515545154,9436507.84021735,31875559.609039515,22820.375266251747,9436084.57026939,31874651.90370687,22820.375266251747
9436598.872332387,31876069.699742556,22324.30189089845,3.3734826114131193,9436266.634499466,31875672.085112955,21828.228515545154,9436689.904447427,31876579.790445596,21828.228515545154,9436931.11016531,31876467.31437216,22820.375266251747,9436507.84021735,31875559.609039515,22820.375266251747
9437022.142280348,31876977.405075204,22324.30189089845,3.1090710362920966,9436689.904447427,31876579.790445596,21828.228515545154,9437113.174395386,31877487.49577824,21828.228515545154,9437354.380113268,31877375.019704804,22820.375266251747,9436931.11016531,31876467.31437216,22820.375266251747
9437445.412228307,31877885.11040784,22324.30189089845,2.5633410321829584,9437113.174395386,31877487.49577824,21828.228515545154,9437536.444343345,31878395.20111088,21828.228515545154,9437777.650061227,31878282.725037444,22820.375266251747,9437354.380113268,31877375.019704804,22820.375266251747
9437868.682176264,31878792.815740485,22324.30189089845,3.5096502399179186,9437536.444343345,31878395.20111088,21828.228515545154,9437959.714291304,31879302.906443525,21828.228515545154,9438200.920009186,31879190.430370085,22820.375266251747,9437777.650061227,31878282.725037444,22820.375266251747
9438291.952124225,31879700.52107313,22324.30189089845,4.112005306926444,9437959.714291304,31879302.906443525,21828.228515545154,9438382.984239263,31880210.61177617,21828.228515545154,9438624.189957147,31880098.135702725,22820.375266251747,9438200.920009186,31879190.430370085,22820.375266251747
9438715.222072184,31880608.226405766,22324.30189089845,3.9481637736831163,9438382.984239263,31880210.61177617,21828.228515545154,9438806.254187223,31881118.31710881,21828.228515545154,9439047.459905105,31881005.84103537,22820.375266251747,9438624.189957147,31880098.135702725,22820.375266251747
9439138.492020141,31881515.93173841,22324.30189089845,2.300366413446839,9438806.254187223,31881118.31710881,21828.228515545154,9439229.524135182,31882026.022441454,21828.228515545154,9439470.729853066,31881913.546368014,22820.375266251747,9439047.459905105,31881005.84103537,22820.375266251747
9424565.249559449,31849633.76902249,23316.44864160505,2.4990293632538885,9424233.01172653,31849236.154392883,22820.375266251747,9424656.281674488,31850143.859725524,22820.375266251747,9424897.487392368,31850031.383652087,23812.522016958348,9424474.217444409,31849123.678319447,23812.522016958348
9424988.519507408,31850541.474355128,23316.44864160505,2.069151924201048,9424656.281674488,31850143.859725524,22820.375266251747,9425079.551622448,31851051.565058168,22820.375266251747,9425320.757340327,31850939.08898473,23812.522016958348,9424897.487392368,31850031.383652087,23812.522016958348
9425411.789455367,31851449.17968777,23316.44864160505,2.0546820590921344,9425079.551622448,31851051.565058168,22820.375266251747,9425502.821570408,31851959.27039081,22820.375266251747,9425744.027288286,31851846.794317372,23812.522016958348,9425320.757340327,31850939.08898473,23812.522016958348
9425835.059403326,31852356.88502041,23316.44864160505,3.409016020071598,9425502.821570408,31851959.27039081,22820.375266251747,9425926.091518367,31852866.975723453,22820.375266251747,9426167.297236245,31852754.499650016,23812.522016958348,9425744.027288286,31851846.794317372,23812.522016958348
9426258.329351285,31853264.590353053,23316.44864160505,5.0112352257646995,9425926.091518367,31852866.975723453,22820.375266251747,9426349.361466326,31853774.681056097,22820.375266251747,9426590.567184204,31853662.204982657,23812.522016958348,9426167.297236245,31852754.499650016,23812.522016958348
9426681.599299245,31854172.295685697,23316.44864160505,6.164597645963041,9426349.361466326,31853774.681056097,22820.375266251747,9426772.631414285,31854682.38638874,22820.375266251747,9427013.837132165,31854569.9103153,23812.522016958348,9426590.567184204,31853662.204982657,23812.522016958348
9427104.869247206,31855080.001018345,23316.44864160505,5.293856660100563,9426772.631414285,31854682.38638874,22820.375266251747,9427195.901362246,31855590.091721382,22820.375266251747,9427437.107080124,31855477.61564794,23812.522016958348,9427013.837132165,31854569.9103153,23812.522016958348
9427528.139195165,31855987.706350982,23316.44864160505,5.444748762758204,9427195.901362246,31855590.091721382,22820.375266251747,9427619.171310203,31856497.797054023,22820.375266251747,9427860.377028082,31856385.320980586,23812.522016958348,9427437.107080124,31855477.61564794,23812.522016958348
9427951.409143124,31856895.41168363,23316.44864160505,5.555886639879226,9427619.171310203,31856497.797054023,22820.375266251747,9428042.441258164,31857405.502386667,22820.375266251747,9428283.646976043,31857293.02631323,23812.522016958348,9427860.377028082,31856385.320980586,23812.522016958348
9428374.679091083,31857803.117016263,23316.44864160505,6.2946907956373455,9428042.441258164,31857405.502386667,22820.375266251747,9428465.711206123,31858313.207719307,22820.375266251747,9428706.916924002,31858200.73164587,23812.522016958348,9428283.646976043,31857293.02631323,23812.522016958348
9428797.949039042,31858710.822348908,23316.44864160505,6.867276944745,9428465.711206123,31858313.207719307,22820.375266251747,9428888.98115408,31859220.91305195,22820.375266251747,9429130.18687196,31859108.43697851,23812.522016958348,9428706.916924002,31858200.73164587,23812.522016958348
9429221.218987001,31859618.527681552,23316.44864160505,4.758673057271249,9428888.98115408,31859220.91305195,22820.375266251747,9429312.251102041,31860128.618384592,22820.375266251747,9429553.45681992,31860016.142311156,23812.522016958348,9429130.18687196,31859108.43697851,23812.522016958348
9429644.48893496,31860526.2330142,23316.44864160505,2.4088248469870472,9429312.251102041,31860128.618384592,22820.375266251747,9429735.52105,31861036.323717237,22820.375266251747,9429976.726767879,31860923.8476438,23812.522016958348,9429553.45681992,31860016.142311156,23812.522016958348
9430067.758882921,31861433.938346837,23316.44864160505,1.599308523698311,9429735.52105,31861036.323717237,22820.375266251747,9430158.790997962,31861944.029049877,22820.375266251747,9430399.99671584,31861831.55297644,23812.522016958348,9429976.726767879,31860923.8476438,23812.522016958348
9430491.028830878,31862341.643679485,23316.44864160505,1.8461643077525913,9430158.790997962,31861944.029049877,22820.375266251747,9430582.060945919,31862851.73438252,22820.375266251747,9430823.266663797,31862739.258309085,23812.522016958348,9430399.99671584,31861831.55297644,23812.522016958348
9430914.298778838,31863249.349012118,23316.44864160505,4.430271483980458,9430582.060945919,31862851.73438252,22820.375266251747,9431005.330893878,31863759.439715162,22820.375266251747,9431246.536611758,31863646.963641725,23812.522016958348,9430823.266663797,31862739.258309085,23812.522016958348
9431337.568726799,31864157.054344762,23316.44864160505,3.532270622364757,9431005.330893878,31863759.439715162,22820.375266251747,9431428.600841839,31864667.145047806,22820.375266251747,9431669.806559717,31864554.668974366,23812.522016958348,9431246.536611758,31863646.963641725,23812.522016958348
9431760.838674756,31865064.759677406,23316.44864160505,2.3322977624345356,9431428.600841839,31864667.145047806,22820.375266251747,9431851.870789796,31865574.85038045,22820.375266251747,9432093.076507676,31865462.37430701,23812.522016958348,9431669.806559717,31864554.668974366,23812.522016958348
9432184.108622717,31865972.465010054,23316.44864160505,2.690034042614191,9431851.870789796,31865574.85038045,22820.375266251747,9432275.140737757,31866482.55571309,22820.375266251747,9432516.346455636,31866370.07963965,23812.522016958348,9432093.076507676,31865462.37430701,23812.522016958348
9432607.378570676,31866880.17034269,23316.44864160505,2.3847834114223487,9432275.140737757,31866482.55571309,22820.375266251747,9432698.410685716,31867390.261045735,22820.375266251747,9432939.616403595,31867277.784972295,23812.522016958348,9432516.346455636,31866370.07963965,23812.522016958348
9433030.648518633,31867787.875675336,23316.44864160505,3.3619801288030726,9432698.410685716,31867390.261045735,22820.375266251747,9433121.680633673,31868297.966378372,22820.375266251747,9433362.886351554,31868185.49030494,23812.522016958348,9432939.616403595,31867277.784972295,23812.522016958348
9433453.918466594,31868695.58100798,23316.44864160505,5.383786564752818,9433121.680633673,31868297.966378372,22820.375266251747,9433544.950581634,31869205.671711016,22820.375266251747,9433786.156299513,31869093.195637584,23812.522016958348,9433362.886351554,31868185.49030494,23812.522016958348
9433877.188414553,31869603.286340617,23316.44864160505,6.564530345309994,9433544.950581634,31869205.671711016,22820.375266251747,9433968.220529594,31870113.37704366,22820.375266251747,9434209.426247474,31870000.900970224,23812.522016958348,9433786.156299513,31869093.195637584,23812.522016958348
9434300.458362514,31870510.99167326,23316.44864160505,6.712428509626979,9433968.220529594,31870113.37704366,22820.375266251747,9434391.490477555,31871021.082376305,22820.375266251747,9434632.696195433,31870908.606302865,23812.522016958348,9434209.426247474,31870000.900970224,23812.522016958348
9434723.728310473,31871418.69700591,23316.44864160505,5.974309014198153,9434391.490477555,31871021.082376305,22820.375266251747,9434814.760425512,31871928.787708946,22820.375266251747,9435055.96614339,31871816.311635505,23812.522016958348,9434632.696195433,31870908.606302865,23812.522016958348
9435146.99825843,31872326.402338546,23316.44864160505,3.25343395614259,9434814.760425512,31871928.787708946,22820.375266251747,9435238.03037347,31872836.49304159,22820.375266251747,9435479.236091351,31872724.01696815,23812.522016958348,9435055.96614339,31871816.311635505,23812.522016958348
9435570.268206391,31873234.107671194,23316.44864160505,4.532835739833404,9435238.03037347,31872836.49304159,22820.375266251747,9435661.300321432,31873744.19837423,22820.375266251747,9435902.50603931,31873631.722300794,23812.522016958348,9435479.236091351,31872724.01696815,23812.522016958348
9435993.53815435,31874141.81300383,23316.44864160505,3.3557632404674345,9435661.300321432,31873744.19837423,22820.375266251747,9436084.57026939,31874651.90370687,22820.375266251747,9436325.77598727,31874539.427633435,23812.522016958348,9435902.50603931,31873631.722300794,23812.522016958348
9436416.80810231,31875049.51833647,23316.44864160505,2.5367044905230056,9436084.57026939,31874651.90370687,22820.375266251747,9436507.84021735,31875559.609039515,22820.375266251747,9436749.045935228,31875447.13296608,23812.522016958348,9436325.77598727,31874539.427633435,23812.522016958348
9436840.078050269,31875957.223669115,23316.44864160505,2.336524245635403,9436507.84021735,31875559.609039515,22820.375266251747,9436931.11016531,31876467.31437216,22820.375266251747,9437172.315883188,31876354.83829872,23812.522016958348,9436749.045935228,31875447.13296608,23812.522016958348
9437263.347998228,31876864.929001763,23316.44864160505,2.0789400506421387,9436931.11016531,31876467.31437216,22820.375266251747,9437354.380113268,31877375.019704804,22820.375266251747,9437595.585831149,31877262.543631364,23812.522016958348,9437172.315883188,31876354.83829872,23812.522016958348
9437686.617946189,31877772.634334404,23316.44864160505,2.2032267379844828,9437354.380113268,31877375.019704804,22820.375266251747,9437777.650061227,31878282.725037444,22820.375266251747,9438018.855779106,31878170.248964004,23812.522016958348,9437595.585831149,31877262.543631364,23812.522016958348
9438109.887894146,31878680.33966705,23316.44864160505,3.464801077347332,9437777.650061227,31878282.725037444,22820.375266251747,9438200.920009186,31879190.430370085,22820.375266251747,9438442.125727067,31879077.95429665,23812.522016958348,9438018.855779106,31878170.248964004,23812.522016958348
9438533.157842107,31879588.04499969,23316.44864160505,5.254107316302294,9438200.920009186,31879190.430370085,22820.375266251747,9438624.189957147,31880098.135702725,22820.375266251747,9438865.395675026,31879985.659629293,23812.522016958348,9438442.125727067,31879077.95429665,23812.522016958348
9438956.427790066,31880495.75033233,23316.44864160505,3.0068162134497887,9438624.189957147,31880098.135702725,22820.375266251747,9439047.459905105,31881005.84103537,22820.375266251747,9439288.665622983,31880893.364961933,23812.522016958348,9438865.395675026,31879985.659629293,23812.522016958348
9439379.697738023,31881403.45566497,23316.44864160505,1.985363499986886,9439047.459905105,31881005.84103537,22820.375266251747,9439470.729853066,31881913.546368014,22820.375266251747,9439711.935570944,31881801.070294574,23812.522016958348,9439288.665622983,31880893.364961933,23812.522016958348
9424806.45527733,31849521.29294905,24308.595392311647,2.668314527100895,9424474.217444409,31849123.678319447,23812.522016958348,9424897.487392368,31850031.383652087,23812.522016958348,9425138.693110246,31849918.907578647,24804.668767664945,9424715.423162289,31849011.20224601,24804.668767664945
9425229.725225287,31850428.998281687,24308.595392311647,3.31373252410918,9424897.487392368,31850031.383652087,23812.522016958348,9425320.757340327,31850939.08898473,23812.522016958348,9425561.963058205,31850826.61291129,24804.668767664945,9425138.693110246,31849918.907578647,24804.668767664945
9425652.995173246,31851336.70361433,24308.595392311647,2.9800716666878664,9425320.757340327,31850939.08898473,23812.522016958348,9425744.027288286,31851846.794317372,23812.522016958348,9425985.233006166,31851734.318243936,24804.668767664945,9425561.963058205,31850826.61291129,24804.668767664945
9426076.265121207,31852244.408946972,24308.595392311647,4.58001003750252,9425744.027288286,31851846.794317372,23812.522016958348,9426167.297236245,31852754.499650016,23812.522016958348,9426408.502954124,31852642.023576576,24804.668767664945,9425985.233006166,31851734.318243936,24804.668767664945
9426499.535069164,31853152.114279617,24308.595392311647,5.699109910276181,9426167.297236245,31852754.499650016,23812.522016958348,9426590.567184204,31853662.204982657,23812.522016958348,9426831.772902086,31853549.72890922,24804.668767664945,9426408.502954124,31852642.023576576,24804.668767664945
9426922.805017127,31854059.81961226,24308.595392311647,6.567359627949382,9426590.567184204,31853662.204982657,23812.522016958348,9427013.837132165,31854569.9103153,23812.522016958348,9427255.042850044,31854457.434241865,24804.668767664945,9426831.772902086,31853549.72890922,24804.668767664945
9427346.074965084,31854967.524944905,24308.595392311647,5.953968209677278,9427013.837132165,31854569.9103153,23812.522016958348,9427437.107080124,31855477.61564794,23812.522016958348,9427678.312798003,31855365.13957451,24804.668767664945,9427255.042850044,31854457.434241865,24804.668767664945
9427769.344913041,31855875.230277542,24308.595392311647,5.9363170228715045,9427437.107080124,31855477.61564794,23812.522016958348,9427860.377028082,31856385.320980586,23812.522016958348,9428101.582745962,31856272.844907146,24804.668767664945,9427678.312798003,31855365.13957451,24804.668767664945
9428192.614861002,31856782.93561019,24308.595392311647,5.3021523990455925,9427860.377028082,31856385.320980586,23812.522016958348,9428283.646976043,31857293.02631323,23812.522016958348,9428524.852693921,31857180.55023979,24804.668767664945,9428101.582745962,31856272.844907146,24804.668767664945
9428615.884808961,31857690.640942827,24308.595392311647,5.630575255329515,9428283.646976043,31857293.02631323,23812.522016958348,9428706.916924002,31858200.73164587,23812.522016958348,9428948.122641882,31858088.25557243,24804.668767664945,9428524.852693921,31857180.55023979,24804.668767664945
9429039.15475692,31858598.34627547,24308.595392311647,5.4943831511467875,9428706.916924002,31858200.73164587,23812.522016958348,9429130.18687196,31859108.43697851,23812.522016958348,9429371.39258984,31858995.960905075,24804.668767664945,9428948.122641882,31858088.25557243,24804.668767664945
9429462.42470488,31859506.051608115,24308.595392311647,5.001051854030797,9429130.18687196,31859108.43697851,23812.522016958348,9429553.45681992,31860016.142311156,23812.522016958348,9429794.662537798,31859903.66623772,24804.668767664945,9429371.39258984,31858995.960905075,24804.668767664945
9429885.694652839,31860413.75694076,24308.595392311647,1.6588773047007044,9429553.45681992,31860016.142311156,23812.522016958348,9429976.726767879,31860923.8476438,23812.522016958348,9430217.93248576,31860811.371570364,24804.668767664945,9429794.662537798,31859903.66623772,24804.668767664945
9430308.9646008,31861321.4622734,24308.595392311647,1.3590460792074033,9429976.726767879,31860923.8476438,23812.522016958348,9430399.99671584,31861831.55297644,23812.522016958348,9430641.202433718,31861719.076903,24804.668767664945,9430217.93248576,31860811.371570364,24804.668767664945
9430732.234548759,31862229.167606045,24308.595392311647,1.7347944536955349,9430399.99671584,31861831.55297644,23812.522016958348,9430823.266663797,31862739.258309085,23812.522016958348,9431064.472381677,31862626.782235645,24804.668767664945,9430641.202433718,31861719.076903,24804.668767664945
9431155.504496718,31863136.872938685,24308.595392311647,3.8399015754384775,9430823.266663797,31862739.258309085,23812.522016958348,9431246.536611758,31863646.963641725,23812.522016958348,9431487.742329637,31863534.48756829,24804.668767664945,9431064.472381677,31862626.782235645,24804.668767664945
9431578.774444677,31864044.578271326,24308.595392311647,4.234973842559491,9431246.536611758,31863646.963641725,23812.522016958348,9431669.806559717,31864554.668974366,23812.522016958348,9431911.012277596,31864442.19290093,24804.668767664945,9431487.742329637,31863534.48756829,24804.668767664945
9432002.044392636,31864952.28360397,24308.595392311647,2.8478268435236624,9431669.806559717,31864554.668974366,23812.522016958348,9432093.076507676,31865462.37430701,23812.522016958348,9432334.282225555,31865349.898233574,24804.668767664945,9431911.012277596,31864442.19290093,24804.668767664945
9432425.314340595,31865859.988936614,24308.595392311647,2.017198289683728,9432093.076507676,31865462.37430701,23812.522016958348,9432516.346455636,31866370.07963965,23812.522016958348,9432757.552173514,31866257.603566214,24804.668767664945,9432334.282225555,31865349.898233574,24804.668767664945
9432848.584288554,31866767.69426925,24308.595392311647,2.604652173074931,9432516.346455636,31866370.07963965,23812.522016958348,9432939.616403595,31867277.784972295,23812.522016958348,9433180.822121475,31867165.30889886,24804.668767664945,9432757.552173514,31866257.603566214,24804.668767664945
9433271.854236515,31867675.3996019,24308.595392311647,3.748964060726756,9432939.616403595,31867277.784972295,23812.522016958348,9433362.886351554,31868185.49030494,23812.522016958348,9433604.092069432,31868073.0142315,24804.668767664945,9433180.822121475,31867165.30889886,24804.668767664945
9433695.124184472,31868583.104934543,24308.595392311647,4.781972302315802,9433362.886351554,31868185.49030494,23812.522016958348,9433786.156299513,31869093.195637584,23812.522016958348,9434027.362017391,31868980.719564144,24804.668767664945,9433604.092069432,31868073.0142315,24804.668767664945
9434118.394132432,31869490.810267184,24308.595392311647,3.769959177249679,9433786.156299513,31869093.195637584,23812.522016958348,9434209.426247474,31870000.900970224,23812.522016958348,9434450.631965352,31869888.424896784,24804.668767664945,9434027.362017391,31868980.719564144,24804.668767664945
9434541.664080393,31870398.515599824,24308.595392311647,4.657555975416399,9434209.426247474,31870000.900970224,23812.522016958348,9434632.696195433,31870908.606302865,23812.522016958348,9434873.901913311,31870796.13022943,24804.668767664945,9434450.631965352,31869888.424896784,24804.668767664945
9434964.934028352,31871306.220932472,24308.595392311647,4.831780016894019,9434632.696195433,31870908.606302865,23812.522016958348,9435055.96614339,31871816.311635505,23812.522016958348,9435297.17186127,31871703.835562073,24804.668767664945,9434873.901913311,31870796.13022943,24804.668767664945
9435388.20397631,31872213.926265106,24308.595392311647,3.18043062667644,9435055.96614339,31871816.311635505,23812.522016958348,9435479.236091351,31872724.01696815,23812.522016958348,9435720.44180923,31872611.540894713,24804.668767664945,9435297.17186127,31871703.835562073,24804.668767664945
9435811.47392427,31873121.631597754,24308.595392311647,2.5629925928093265,9435479.236091351,31872724.01696815,23812.522016958348,9435902.50603931,31873631.722300794,23812.522016958348,9436143.711757189,31873519.246227354,24804.668767664945,9435720.44180923,31872611.540894713,24804.668767664945
9436234.74387223,31874029.33693039,24308.595392311647,2.5494268316799396,9435902.50603931,31873631.722300794,23812.522016958348,9436325.77598727,31874539.427633435,23812.522016958348,9436566.981705148,31874426.951559994,24804.668767664945,9436143.711757189,31873519.246227354,24804.668767664945
9436658.013820188,31874937.042263035,24308.595392311647,2.779360104690647,9436325.77598727,31874539.427633435,23812.522016958348,9436749.045935228,31875447.13296608,23812.522016958348,9436990.251653107,31875334.65689264,24804.668767664945,9436566.981705148,31874426.951559994,24804.668767664945
9437081.283768147,31875844.74759568,24308.595392311647,3.000353644289214,9436749.045935228,31875447.13296608,23812.522016958348,9437172.315883188,31876354.83829872,23812.522016958348,9437413.521601068,31876242.362225283,24804.668767664945,9436990.251653107,31875334.65689264,24804.668767664945
9437504.553716108,31876752.452928327,24308.595392311647,3.2540815828539302,9437172.315883188,31876354.83829872,23812.522016958348,9437595.585831149,31877262.543631364,23812.522016958348,9437836.791549027,31877150.067557927,24804.668767664945,9437413.521601068,31876242.362225283,24804.668767664945
9437927.823664067,31877660.158260964,24308.595392311647,2.024061580882932,9437595.585831149,31877262.543631364,23812.522016958348,9438018.855779106,31878170.248964004,23812.522016958348,9438260.061496984,31878057.772890568,24804.668767664945,9437836.791549027,31877150.067557927,24804.668767664945
9438351.093612026,31878567.86359361,24308.595392311647,3.2051041146670873,9438018.855779106,31878170.248964004,23812.522016958348,9438442.125727067,31879077.95429665,23812.522016958348,9438683.331444945,31878965.47822321,24804.668767664945,9438260.061496984,31878057.772890568,24804.668767664945
9438774.363559986,31879475.568926252,24308.595392311647,5.0560311244942655,9438442.125727067,31879077.95429665,23812.522016958348,9438865.395675026,31879985.659629293,23812.522016958348,9439106.601392904,31879873.183555853,24804.668767664945,9438683.331444945,31878965.47822321,24804.668767664945
9439197.633507945,31880383.274258893,24308.595392311647,3.3413813654726656,9438865.395675026,31879985.659629293,23812.522016958348,9439288.665622983,31880893.364961933,23812.522016958348,9439529.871340863,31880780.888888493,24804.668767664945,9439106.601392904,31879873.183555853,24804.668767664945
9439620.903455904,31881290.979591534,24308.595392311647,2.3584486055303384,9439288.665622983,31880893.364961933,23812.522016958348,9439711.935570944,31881801.070294574,23812.522016958348,9439953.141288823,31881688.594221137,24804.668767664945,9439529.871340863,31880780.888888493,24804.668767664945
9425047.660995208,31849408.816875614,25300.742143018244,2.7980911465624234,9424715.423162289,31849011.20224601,24804.668767664945,9425138.693110246,31849918.907578647,24804.668767664945,9425379.898828126,31849806.43150521,25796.815518371543,9424956.628880167,31848898.72617257,25796.815518371543
9425470.930943167,31850316.52220825,25300.742143018244,3.880808658586562,9425138.693110246,31849918.907578647,24804.668767664945,9425561.963058205,31850826.61291129,24804.668767664945,9425803.168776086,31850714.136837855,25796.815518371543,9425379.898828126,31849806.43150521,25796.815518371543
9425894.200891126,31851224.227540895,25300.742143018244,5.06163503803561,9425561.963058205,31850826.61291129,24804.668767664945,9425985.233006166,31851734.318243936,24804.668767664945,9426226.438724045,31851621.8421705,25796.815518371543,9425803.168776086,31850714.136837855,25796.815518371543
9426317.470839085,31852131.932873532,25300.742143018244,5.415959100480566,9425985.233006166,31851734.318243936,24804.668767664945,9426408.502954124,31852642.023576576,24804.668767664945,9426649.708672004,31852529.54750314,25796.815518371543,9426226.438724045,31851621.8421705,25796.815518371543
9426740.740787044,31853039.638206176,25300.742143018244,4.827954455254876,9426408.502954124,31852642.023576576,24804.668767664945,9426831.772902086,31853549.72890922,24804.668767664945,9427072.978619965,31853437.25283578,25796.815518371543,9426649.708672004,31852529.54750314,25796.815518371543
9427164.010735005,31853947.34353882,25300.742143018244,4.347712117454347,9426831.772902086,31853549.72890922,24804.668767664945,9427255.042850044,31854457.434241865,24804.668767664945,9427496.248567922,31854344.958168425,25796.815518371543,9427072.978619965,31853437.25283578,25796.815518371543
9427587.280682962,31854855.04887147,25300.742143018244,3.8921982989190953,9427255.042850044,31854457.434241865,24804.668767664945,9427678.312798003,31855365.13957451,24804.668767664945,9427919.518515883,31855252.66350107,25796.815518371543,9427496.248567922,31854344.958168425,25796.815518371543
9428010.550630923,31855762.75420411,25300.742143018244,5.377699332337937,9427678.312798003,31855365.13957451,24804.668767664945,9428101.582745962,31856272.844907146,24804.668767664945,9428342.788463842,31856160.36883371,25796.815518371543,9427919.518515883,31855252.66350107,25796.815518371543
9428433.82057888,31856670.459536754,25300.742143018244,5.050428762021504,9428101.582745962,31856272.844907146,24804.668767664945,9428524.852693921,31857180.55023979,24804.668767664945,9428766.0584118,31857068.074166354,25796.815518371543,9428342.788463842,31856160.36883371,25796.815518371543
9428857.090526842,31857578.16486939,25300.742143018244,4.532028938681912,9428524.852693921,31857180.55023979,24804.668767664945,9428948.122641882,31858088.25557243,24804.668767664945,9429189.32835976,31857975.779498998,25796.815518371543,9428766.0584118,31857068.074166354,25796.815518371543
9429280.3604748,31858485.87020203,25300.742143018244,5.817661203128322,9428948.122641882,31858088.25557243,24804.668767664945,9429371.39258984,31858995.960905075,24804.668767664945,9429612.59830772,31858883.484831635,25796.815518371543,9429189.32835976,31857975.779498998,25796.815518371543
9429703.630422758,31859393.575534675,25300.742143018244,2.765165217479589,9429371.39258984,31858995.960905075,24804.668767664945,9429794.662537798,31859903.66623772,24804.668767664945,9430035.868255679,31859791.19016428,25796.815518371543,9429612.59830772,31858883.484831635,25796.815518371543
9430126.900370719,31860301.280867323,25300.742143018244,1.5020743357563304,9429794.662537798,31859903.66623772,24804.668767664945,9430217.93248576,31860811.371570364,24804.668767664945,9430459.138203638,31860698.895496923,25796.815518371543,9430035.868255679,31859791.19016428,25796.815518371543
9430550.170318678,31861208.986199964,25300.742143018244,1.3523863578920536,9430217.93248576,31860811.371570364,24804.668767664945,9430641.202433718,31861719.076903,24804.668767664945,9430882.408151597,31861606.600829564,25796.815518371543,9430459.138203638,31860698.895496923,25796.815518371543
9430973.440266639,31862116.691532608,25300.742143018244,1.6599390011213064,9430641.202433718,31861719.076903,24804.668767664945,9431064.472381677,31862626.782235645,24804.668767664945,9431305.678099558,31862514.30616221,25796.815518371543,9430882.408151597,31861606.600829564,25796.815518371543
9431396.710214598,31863024.39686525,25300.742143018244,4.097271633207388,9431064.472381677,31862626.782235645,24804.668767664945,9431487.742329637,31863534.48756829,24804.668767664945,9431728.948047515,31863422.011494853,25796.815518371543,9431305.678099558,31862514.30616221,25796.815518371543
9431819.980162555,31863932.10219789,25300.742143018244,4.44161899580234,9431487.742329637,31863534.48756829,24804.668767664945,9431911.012277596,31864442.19290093,24804.668767664945,9432152.217995476,31864329.71682749,25796.815518371543,9431728.948047515,31863422.011494853,25796.815518371543
9432243.250110516,31864839.80753053,25300.742143018244,4.754197748034776,9431911.012277596,31864442.19290093,24804.668767664945,9432334.282225555,31865349.898233574,24804.668767664945,9432575.487943435,31865237.422160134,25796.815518371543,9432152.217995476,31864329.71682749,25796.815518371543
9432666.520058475,31865747.512863178,25300.742143018244,2.606789028653269,9432334.282225555,31865349.898233574,24804.668767664945,9432757.552173514,31866257.603566214,24804.668767664945,9432998.757891394,31866145.127492778,25796.815518371543,9432575.487943435,31865237.422160134,25796.815518371543
9433089.790006435,31866655.218195815,25300.742143018244,2.0169399298340793,9432757.552173514,31866257.603566214,24804.668767664945,9433180.822121475,31867165.30889886,24804.668767664945,9433422.027839353,31867052.83282542,25796.815518371543,9432998.757891394,31866145.127492778,25796.815518371543
9433513.059954394,31867562.923528463,25300.742143018244,2.4442907580922877,9433180.822121475,31867165.30889886,24804.668767664945,9433604.092069432,31868073.0142315,24804.668767664945,9433845.29778731,31867960.538158063,25796.815518371543,9433422.027839353,31867052.83282542,25796.815518371543
9433936.32990235,31868470.628861107,25300.742143018244,4.264513257217989,9433604.092069432,31868073.0142315,24804.668767664945,9434027.362017391,31868980.719564144,24804.668767664945,9434268.567735273,31868868.243490707,25796.815518371543,9433845.29778731,31867960.538158063,25796.815518371543
9434359.599850312,31869378.334193744,25300.742143018244,3.258911118700193,9434027.362017391,31868980.719564144,24804.668767664945,9434450.631965352,31869888.424896784,24804.668767664945,9434691.83768323,31869775.94882335,25796.815518371543,9434268.567735273,31868868.243490707,25796.815518371543
9434782.869798271,31870286.039526388,25300.742143018244,2.2849110639773653,9434450.631965352,31869888.424896784,24804.668767664945,9434873.901913311,31870796.13022943,24804.668767664945,9435115.107631192,31870683.65415599,25796.815518371543,9434691.83768323,31869775.94882335,25796.815518371543
9435206.139746232,31871193.744859032,25300.742143018244,2.2898894531114897,9434873.901913311,31870796.13022943,24804.668767664945,9435297.17186127,31871703.835562073,24804.668767664945,9435538.377579149,31871591.359488633,25796.815518371543,9435115.107631192,31870683.65415599,25796.815518371543
9435629.40969419,31872101.450191673,25300.742143018244,2.349575945935009,9435297.17186127,31871703.835562073,24804.668767664945,9435720.44180923,31872611.540894713,24804.668767664945,9435961.647527108,31872499.064821273,25796.815518371543,9435538.377579149,31871591.359488633,25796.815518371543
9436052.679642148,31873009.155524317,25300.742143018244,2.1404948951142937,9435720.44180923,31872611.540894713,24804.668767664945,9436143.711757189,31873519.246227354,24804.668767664945,9436384.917475069,31873406.770153917,25796.815518371543,9435961.647527108,31872499.064821273,25796.815518371543
9436475.94959011,31873916.860856958,25300.742143018244,1.829472084738959,9436143.711757189,31873519.246227354,24804.668767664945,9436566.981705148,31874426.951559994,24804.668767664945,9436808.187423026,31874314.47548656,25796.815518371543,9436384.917475069,31873406.770153917,25796.815518371543
9436899.219538067,31874824.566189595,25300.742143018244,2.1974764573914705,9436566.981705148,31874426.951559994,24804.668767664945,9436990.251653107,31875334.65689264,24804.668767664945,9437231.457370987,31875222.180819202,25796.815518371543,9436808.187423026,31874314.47548656,25796.815518371543
9437322.489486028,31875732.27152224,25300.742143018244,3.370843510462612,9436990.251653107,31875334.65689264,24804.668767664945,9437413.521601068,31876242.362225283,24804.668767664945,9437654.727318946,31876129.886151843,25796.815518371543,9437231.457370987,31875222.180819202,25796.815518371543
9437745.759433987,31876639.976854887,25300.742143018244,4.753260189520944,9437413.521601068,31876242.362225283,24804.668767664945,9437836.791549027,31877150.067557927,24804.668767664945,9438077.997266905,31877037.591484487,25796.815518371543,9437654.727318946,31876129.886151843,25796.815518371543
9438169.029381944,31877547.682187527,25300.742143018244,2.6841116968295005,9437836.791549027,31877150.067557927,24804.668767664945,9438260.061496984,31878057.772890568,24804.668767664945,9438501.267214864,31877945.29681713,25796.815518371543,9438077.997266905,31877037.591484487,25796.815518371543
9438592.299329905,31878455.38752017,25300.742143018244,2.6714521436462273,9438260.061496984,31878057.772890568,24804.668767664945,9438683.331444945,31878965.47822321,24804.668767664945,9438924.537162824,31878853.002149772,25796.815518371543,9438501.267214864,31877945.29681713,25796.815518371543
9439015.569277864,31879363.092852816,25300.742143018244,4.100523267587134,9438683.331444945,31878965.47822321,24804.668767664945,9439106.601392904,31879873.183555853,24804.668767664945,9439347.807110785,31879760.707482416,25796.815518371543,9438924.537162824,31878853.002149772,25796.815518371543
9439438.839225823,31880270.798185453,25300.742143018244,3.2558692334248445,9439106.601392904,31879873.183555853,24804.668767664945,9439529.871340863,31880780.888888493,24804.668767664945,9439771.077058742,31880668.412815057,25796.815518371543,9439347.807110785,31879760.707482416,25796.815518371543
9439862.109173782,31881178.503518093,25300.742143018244,1.8765323796717883,9439529.871340863,31880780.888888493,24804.668767664945,9439953.141288823,31881688.594221137,24804.668767664945,9440194.347006701,31881576.1181477,25796.815518371543,9439771.077058742,31880668.412815057,25796.815518371543
9425288.866713086,31849296.340802174,26292.888893724845,2.085779437979139,9424956.628880167,31848898.72617257,25796.815518371543,9425379.898828126,31849806.43150521,25796.815518371543,9425621.104546007,31849693.955431774,26788.96226907814,9425197.834598046,31848786.250099134,26788.96226907814
9425712.136661047,31850204.04613481,26292.888893724845,3.2204802667566663,9425379.898828126,31849806.43150521,25796.815518371543,9425803.168776086,31850714.136837855,25796.815518371543,9426044.374493964,31850601.660764415,26788.96226907814,9425621.104546007,31849693.955431774,26788.96226907814
9426135.406609004,31851111.75146746,26292.888893724845,6.589518414335076,9425803.168776086,31850714.136837855,25796.815518371543,9426226.438724045,31851621.8421705,25796.815518371543,9426467.644441923,31851509.36609706,26788.96226907814,9426044.374493964,31850601.660764415,26788.96226907814
9426558.676556963,31852019.456800096,26292.888893724845,6.096652892177094,9426226.438724045,31851621.8421705,25796.815518371543,9426649.708672004,31852529.54750314,25796.815518371543,9426890.914389884,31852417.0714297,26788.96226907814,9426467.644441923,31851509.36609706,26788.96226907814
9426981.946504924,31852927.162132744,26292.888893724845,3.4510510241632937,9426649.708672004,31852529.54750314,25796.815518371543,9427072.978619965,31853437.25283578,25796.815518371543,9427314.184337843,31853324.776762348,26788.96226907814,9426890.914389884,31852417.0714297,26788.96226907814
9427405.216452884,31853834.867465388,26292.888893724845,3.483076824736726,9427072.978619965,31853437.25283578,25796.815518371543,9427496.248567922,31854344.958168425,25796.815518371543,9427737.454285802,31854232.48209499,26788.96226907814,9427314.184337843,31853324.776762348,26788.96226907814
9427828.486400843,31854742.57279803,26292.888893724845,3.2639481984677903,9427496.248567922,31854344.958168425,25796.815518371543,9427919.518515883,31855252.66350107,25796.815518371543,9428160.724233761,31855140.187427633,26788.96226907814,9427737.454285802,31854232.48209499,26788.96226907814
9428251.756348802,31855650.27813067,26292.888893724845,4.93136594758681,9427919.518515883,31855252.66350107,25796.815518371543,9428342.788463842,31856160.36883371,25796.815518371543,9428583.99418172,31856047.89276027,26788.96226907814,9428160.724233761,31855140.187427633,26788.96226907814
9428675.02629676,31856557.983463313,26292.888893724845,3.32472070418133,9428342.788463842,31856160.36883371,25796.815518371543,9428766.0584118,31857068.074166354,25796.815518371543,9429007.26412968,31856955.598092914,26788.96226907814,9428583.99418172,31856047.89276027,26788.96226907814
9429098.29624472,31857465.688795958,26292.888893724845,2.4852305884377324,9428766.0584118,31857068.074166354,25796.815518371543,9429189.32835976,31857975.779498998,25796.815518371543,9429430.534077639,31857863.303425558,26788.96226907814,9429007.26412968,31856955.598092914,26788.96226907814
9429521.56619268,31858373.3941286,26292.888893724845,2.0962269965763163,9429189.32835976,31857975.779498998,25796.815518371543,9429612.59830772,31858883.484831635,25796.815518371543,9429853.8040256,31858771.0087582,26788.96226907814,9429430.534077639,31857863.303425558,26788.96226907814
9429944.83614064,31859281.09946124,26292.888893724845,1.5362247651416026,9429612.59830772,31858883.484831635,25796.815518371543,9430035.868255679,31859791.19016428,25796.815518371543,9430277.073973557,31859678.714090843,26788.96226907814,9429853.8040256,31858771.0087582,26788.96226907814
9430368.106088597,31860188.804793883,26292.888893724845,1.2935825340465317,9430035.868255679,31859791.19016428,25796.815518371543,9430459.138203638,31860698.895496923,25796.815518371543,9430700.343921516,31860586.419423487,26788.96226907814,9430277.073973557,31859678.714090843,26788.96226907814
9430791.376036556,31861096.510126524,26292.888893724845,1.4637093314404261,9430459.138203638,31860698.895496923,25796.815518371543,9430882.408151597,31861606.600829564,25796.815518371543,9431123.613869477,31861494.124756128,26788.96226907814,9430700.343921516,31860586.419423487,26788.96226907814
9431214.645984517,31862004.215459168,26292.888893724845,1.9130516345642499,9430882.408151597,31861606.600829564,25796.815518371543,9431305.678099558,31862514.30616221,25796.815518371543,9431546.883817436,31862401.83008877,26788.96226907814,9431123.613869477,31861494.124756128,26788.96226907814
9431637.915932475,31862911.920791812,26292.888893724845,3.573404948712205,9431305.678099558,31862514.30616221,25796.815518371543,9431728.948047515,31863422.011494853,25796.815518371543,9431970.153765395,31863309.535421412,26788.96226907814,9431546.883817436,31862401.83008877,26788.96226907814
9432061.185880436,31863819.626124453,26292.888893724845,4.0393036916725045,9431728.948047515,31863422.011494853,25796.815518371543,9432152.217995476,31864329.71682749,25796.815518371543,9432393.423713354,31864217.240754053,26788.96226907814,9431970.153765395,31863309.535421412,26788.96226907814
9432484.455828395,31864727.331457093,26292.888893724845,4.846746636722044,9432152.217995476,31864329.71682749,25796.815518371543,9432575.487943435,31865237.422160134,25796.815518371543,9432816.693661314,31865124.946086697,26788.96226907814,9432393.423713354,31864217.240754053,26788.96226907814
9432907.725776352,31865635.036789738,26292.888893724845,3.0893823658445223,9432575.487943435,31865237.422160134,25796.815518371543,9432998.757891394,31866145.127492778,25796.815518371543,9433239.963609273,31866032.65141934,26788.96226907814,9432816.693661314,31865124.946086697,26788.96226907814
9433330.995724313,31866542.74212238,26292.888893724845,1.87723858440319,9432998.757891394,31866145.127492778,25796.815518371543,9433422.027839353,31867052.83282542,25796.815518371543,9433663.233557232,31866940.356751982,26788.96226907814,9433239.963609273,31866032.65141934,26788.96226907814
9433754.265672272,31867450.447455022,26292.888893724845,2.10053420162051,9433422.027839353,31867052.83282542,25796.815518371543,9433845.29778731,31867960.538158063,25796.815518371543,9434086.503505193,31867848.062084623,26788.96226907814,9433663.233557232,31866940.356751982,26788.96226907814
9434177.535620233,31868358.152787667,26292.888893724845,1.8989351652854578,9433845.29778731,31867960.538158063,25796.815518371543,9434268.567735273,31868868.243490707,25796.815518371543,9434509.773453152,31868755.767417267,26788.96226907814,9434086.503505193,31867848.062084623,26788.96226907814
9434600.805568192,31869265.858120307,26292.888893724845,1.5853819879373316,9434268.567735273,31868868.243490707,25796.815518371543,9434691.83768323,31869775.94882335,25796.815518371543,9434933.043401109,31869663.47274991,26788.96226907814,9434509.773453152,31868755.767417267,26788.96226907814
9435024.07551615,31870173.56345295,26292.888893724845,1.6038392624244309,9434691.83768323,31869775.94882335,25796.815518371543,9435115.107631192,31870683.65415599,25796.815518371543,9435356.31334907,31870571.17808255,26788.96226907814,9434933.043401109,31869663.47274991,26788.96226907814
9435447.34546411,31871081.268785596,26292.888893724845,2.302667378943234,9435115.107631192,31870683.65415599,25796.815518371543,9435538.377579149,31871591.359488633,25796.815518371543,9435779.58329703,31871478.883415196,26788.96226907814,9435356.31334907,31870571.17808255,26788.96226907814
9435870.61541207,31871988.974118233,26292.888893724845,1.675947564901126,9435538.377579149,31871591.359488633,25796.815518371543,9435961.647527108,31872499.064821273,25796.815518371543,9436202.853244988,31872386.58874784,26788.96226907814,9435779.58329703,31871478.883415196,26788.96226907814
9436293.885360029,31872896.679450877,26292.888893724845,1.7412997115681712,9435961.647527108,31872499.064821273,25796.815518371543,9436384.917475069,31873406.770153917,25796.815518371543,9436626.123192947,31873294.294080477,26788.96226907814,9436202.853244988,31872386.58874784,26788.96226907814
9436717.155307988,31873804.38478352,26292.888893724845,1.5535536860316908,9436384.917475069,31873406.770153917,25796.815518371543,9436808.187423026,31874314.47548656,25796.815518371543,9437049.393140906,31874201.99941312,26788.96226907814,9436626.123192947,31873294.294080477,26788.96226907814
9437140.425255949,31874712.09011616,26292.888893724845,2.196470791452591,9436808.187423026,31874314.47548656,25796.815518371543,9437231.457370987,31875222.180819202,25796.815518371543,9437472.663088866,31875109.704745762,26788.96226907814,9437049.393140906,31874201.99941312,26788.96226907814
9437563.695203906,31875619.795448802,26292.888893724845,3.108604017061386,9437231.457370987,31875222.180819202,25796.815518371543,9437654.727318946,31876129.886151843,25796.815518371543,9437895.933036825,31876017.410078406,26788.96226907814,9437472.663088866,31875109.704745762,26788.96226907814
9437986.965151865,31876527.50078145,26292.888893724845,4.232411591356906,9437654.727318946,31876129.886151843,25796.815518371543,9438077.997266905,31877037.591484487,25796.815518371543,9438319.202984786,31876925.11541105,26788.96226907814,9437895.933036825,31876017.410078406,26788.96226907814
9438410.235099826,31877435.206114087,26292.888893724845,3.8640446561118345,9438077.997266905,31877037.591484487,25796.815518371543,9438501.267214864,31877945.29681713,25796.815518371543,9438742.472932745,31877832.820743695,26788.96226907814,9438319.202984786,31876925.11541105,26788.96226907814
9438833.505047783,31878342.91144673,26292.888893724845,3.1736797641971157,9438501.267214864,31877945.29681713,25796.815518371543,9438924.537162824,31878853.002149772,25796.815518371543,9439165.742880704,31878740.52607633,26788.96226907814,9438742.472932745,31877832.820743695,26788.96226907814
9439256.774995744,31879250.616779376,26292.888893724845,2.5417710116912744,9438924.537162824,31878853.002149772,25796.815518371543,9439347.807110785,31879760.707482416,25796.815518371543,9439589.012828663,31879648.231408976,26788.96226907814,9439165.742880704,31878740.52607633,26788.96226907814
9439680.044943703,31880158.322112016,26292.888893724845,3.2316684407167706,9439347.807110785,31879760.707482416,25796.815518371543,9439771.077058742,31880668.412815057,25796.815518371543,9440012.282776622,31880555.93674162,26788.96226907814,9439589.012828663,31879648.231408976,26788.96226907814
9440103.31489166,31881066.02744466,26292.888893724845,1.7522186549908079,9439771.077058742,31880668.412815057,25796.815518371543,9440194.347006701,31881576.1181477,25796.815518371543,9440435.552724581,31881463.64207426,26788.96226907814,9440012.282776622,31880555.93674162,26788.96226907814
