clon,clat,cdep,slip,lon1,lat1,dep1,lon2,lat2,dep2,lon3,lat3,dep3,lon4,lat4,dep4
9421261.722405486,31859886.634122305,5969.6186540433355,0.5089601116332986,9420925.553224787,31859484.103777763,5467.4485579035745,9421353.993154995,31860402.896173116,5467.4485579035745,9421597.891586186,31860289.16446684,6471.788750183098,9421169.45165598,31859370.372071486,6471.788750183098
9421690.162335696,31860805.426517654,5969.6186540433355,0.2686371538156352,9421353.993154995,31860402.896173116,5467.4485579035745,9421782.433085201,31861321.688568465,5467.4485579035745,9422026.331516394,31861207.956862193,6471.788750183098,9421597.891586186,31860289.16446684,6471.788750183098
9422118.602265902,31861724.218913004,5969.6186540433355,0.2550177565013058,9421782.433085201,31861321.688568465,5467.4485579035745,9422210.87301541,31862240.480963822,5467.4485579035745,9422454.771446602,31862126.749257546,6471.788750183098,9422026.331516394,31861207.956862193,6471.788750183098
9422547.04219611,31862643.011308357,5969.6186540433355,0.1495928208412803,9422210.87301541,31862240.480963822,5467.4485579035745,9422639.312945617,31863159.273359176,5467.4485579035745,9422883.211376809,31863045.541652896,6471.788750183098,9422454.771446602,31862126.749257546,6471.788750183098
9422975.482126318,31863561.803703714,5969.6186540433355,0.08443818812610537,9422639.312945617,31863159.273359176,5467.4485579035745,9423067.752875825,31864078.06575453,5467.4485579035745,9423311.651307018,31863964.334048253,6471.788750183098,9422883.211376809,31863045.541652896,6471.788750183098
9423403.922056526,31864480.596099067,5969.6186540433355,0.09252499766495657,9423067.752875825,31864078.06575453,5467.4485579035745,9423496.192806033,31864996.85814988,5467.4485579035745,9423740.091237225,31864883.126443606,6471.788750183098,9423311.651307018,31863964.334048253,6471.788750183098
9423832.361986732,31865399.38849442,5969.6186540433355,0.10371700781097398,9423496.192806033,31864996.85814988,5467.4485579035745,9423924.63273624,31865915.650545232,5467.4485579035745,9424168.531167433,31865801.91883896,6471.788750183098,9423740.091237225,31864883.126443606,6471.788750183098
9424260.80191694,31866318.18088977,5969.6186540433355,0.12448251589428627,9423924.63273624,31865915.650545232,5467.4485579035745,9424353.072666448,31866834.44294059,5467.4485579035745,9424596.97109764,31866720.71123431,6471.788750183098,9424168.531167433,31865801.91883896,6471.788750183098
9424689.241847148,31867236.973285127,5969.6186540433355,0.15839686332397399,9424353.072666448,31866834.44294059,5467.4485579035745,9424781.512596656,31867753.23533594,5467.4485579035745,9425025.411027847,31867639.503629662,6471.788750183098,9424596.97109764,31866720.71123431,6471.788750183098
9425117.681777354,31868155.765680477,5969.6186540433355,0.23353675148716418,9424781.512596656,31867753.23533594,5467.4485579035745,9425209.952526862,31868672.027731292,5467.4485579035745,9425453.850958055,31868558.296025015,6471.788750183098,9425025.411027847,31867639.503629662,6471.788750183098
9425546.121707562,31869074.55807583,5969.6186540433355,0.22548489061487936,9425209.952526862,31868672.027731292,5467.4485579035745,9425638.392457072,31869590.820126645,5467.4485579035745,9425882.290888263,31869477.08842037,6471.788750183098,9425453.850958055,31868558.296025015,6471.788750183098
9425974.561637772,31869993.350471184,5969.6186540433355,0.25352448296208524,9425638.392457072,31869590.820126645,5467.4485579035745,9426066.832387278,31870509.612522,5467.4485579035745,9426310.73081847,31870395.880815722,6471.788750183098,9425882.290888263,31869477.08842037,6471.788750183098
9426403.001567978,31870912.142866537,5969.6186540433355,0.35879809199331925,9426066.832387278,31870509.612522,5467.4485579035745,9426495.272317486,31871428.404917352,5467.4485579035745,9426739.170748679,31871314.673211075,6471.788750183098,9426310.73081847,31870395.880815722,6471.788750183098
9426831.441498186,31871830.93526189,5969.6186540433355,0.41370399308515987,9426495.272317486,31871428.404917352,5467.4485579035745,9426923.712247694,31872347.197312705,5467.4485579035745,9427167.610678885,31872233.465606425,6471.788750183098,9426739.170748679,31871314.673211075,6471.788750183098
9427259.881428394,31872749.727657244,5969.6186540433355,0.7140751181225641,9426923.712247694,31872347.197312705,5467.4485579035745,9427352.1521779,31873265.98970806,5467.4485579035745,9427596.050609095,31873152.258001782,6471.788750183098,9427167.610678885,31872233.465606425,6471.788750183098
9427688.3213586,31873668.520052593,5969.6186540433355,0.4143129036198687,9427352.1521779,31873265.98970806,5467.4485579035745,9427780.592108108,31874184.782103408,5467.4485579035745,9428024.490539301,31874071.050397135,6471.788750183098,9427596.050609095,31873152.258001782,6471.788750183098
9428116.761288809,31874587.312447947,5969.6186540433355,0.18239523185845077,9427780.592108108,31874184.782103408,5467.4485579035745,9428209.032038316,31875103.574498765,5467.4485579035745,9428452.930469507,31874989.842792485,6471.788750183098,9428024.490539301,31874071.050397135,6471.788750183098
9428545.201219017,31875506.104843304,5969.6186540433355,0.11237262991105916,9428209.032038316,31875103.574498765,5467.4485579035745,9428637.471968522,31876022.36689412,5467.4485579035745,9428881.370399717,31875908.63518784,6471.788750183098,9428452.930469507,31874989.842792485,6471.788750183098
9428973.641149223,31876424.897238657,5969.6186540433355,0.10134480330090757,9428637.471968522,31876022.36689412,5467.4485579035745,9429065.911898732,31876941.159289468,5467.4485579035745,9429309.810329923,31876827.427583195,6471.788750183098,9428881.370399717,31875908.63518784,6471.788750183098
9429402.08107943,31877343.689634006,5969.6186540433355,0.09741961895962327,9429065.911898732,31876941.159289468,5467.4485579035745,9429494.351828938,31877859.95168482,5467.4485579035745,9429738.25026013,31877746.219978545,6471.788750183098,9429309.810329923,31876827.427583195,6471.788750183098
9421505.62083668,31859772.902416024,6973.95884632286,0.48403256027576913,9421169.45165598,31859370.372071486,6471.788750183098,9421597.891586186,31860289.16446684,6471.788750183098,9421841.79001738,31860175.432760563,7476.128942462621,9421413.350087171,31859256.64036521,7476.128942462621
9421934.060766887,31860691.694811378,6973.95884632286,0.41578486802756154,9421597.891586186,31860289.16446684,6471.788750183098,9422026.331516394,31861207.956862193,6471.788750183098,9422270.229947586,31861094.225155912,7476.128942462621,9421841.79001738,31860175.432760563,7476.128942462621
9422362.500697095,31861610.48720673,6973.95884632286,0.18970439259465477,9422026.331516394,31861207.956862193,6471.788750183098,9422454.771446602,31862126.749257546,6471.788750183098,9422698.669877796,31862013.01755127,7476.128942462621,9422270.229947586,31861094.225155912,7476.128942462621
9422790.940627303,31862529.279602084,6973.95884632286,0.15077746641385315,9422454.771446602,31862126.749257546,6471.788750183098,9422883.211376809,31863045.541652896,6471.788750183098,9423127.109808002,31862931.809946623,7476.128942462621,9422698.669877796,31862013.01755127,7476.128942462621
9423219.38055751,31863448.071997434,6973.95884632286,0.17388429525856094,9422883.211376809,31863045.541652896,6471.788750183098,9423311.651307018,31863964.334048253,6471.788750183098,9423555.54973821,31863850.602341976,7476.128942462621,9423127.109808002,31862931.809946623,7476.128942462621
9423647.820487719,31864366.864392787,6973.95884632286,0.1351351000331782,9423311.651307018,31863964.334048253,6471.788750183098,9423740.091237225,31864883.126443606,6471.788750183098,9423983.989668418,31864769.394737326,7476.128942462621,9423555.54973821,31863850.602341976,7476.128942462621
9424076.260417925,31865285.656788144,6973.95884632286,0.11232698875889473,9423740.091237225,31864883.126443606,6471.788750183098,9424168.531167433,31865801.91883896,6471.788750183098,9424412.429598626,31865688.18713268,7476.128942462621,9423983.989668418,31864769.394737326,7476.128942462621
9424504.700348131,31866204.449183498,6973.95884632286,0.13895570952264963,9424168.531167433,31865801.91883896,6471.788750183098,9424596.97109764,31866720.71123431,6471.788750183098,9424840.869528832,31866606.979528036,7476.128942462621,9424412.429598626,31865688.18713268,7476.128942462621
9424933.140278341,31867123.241578847,6973.95884632286,0.18896359830152354,9424596.97109764,31866720.71123431,6471.788750183098,9425025.411027847,31867639.503629662,6471.788750183098,9425269.30945904,31867525.771923386,7476.128942462621,9424840.869528832,31866606.979528036,7476.128942462621
9425361.580208547,31868042.0339742,6973.95884632286,0.2158073900526518,9425025.411027847,31867639.503629662,6471.788750183098,9425453.850958055,31868558.296025015,6471.788750183098,9425697.749389248,31868444.56431874,7476.128942462621,9425269.30945904,31867525.771923386,7476.128942462621
9425790.020138755,31868960.82636955,6973.95884632286,0.1993948505644879,9425453.850958055,31868558.296025015,6471.788750183098,9425882.290888263,31869477.08842037,6471.788750183098,9426126.189319456,31869363.35671409,7476.128942462621,9425697.749389248,31868444.56431874,7476.128942462621
9426218.460068963,31869879.618764907,6973.95884632286,0.2972767605706063,9425882.290888263,31869477.08842037,6471.788750183098,9426310.73081847,31870395.880815722,6471.788750183098,9426554.629249662,31870282.149109446,7476.128942462621,9426126.189319456,31869363.35671409,7476.128942462621
9426646.89999917,31870798.41116026,6973.95884632286,0.5561097924567323,9426310.73081847,31870395.880815722,6471.788750183098,9426739.170748679,31871314.673211075,6471.788750183098,9426983.06917987,31871200.9415048,7476.128942462621,9426554.629249662,31870282.149109446,7476.128942462621
9427075.339929378,31871717.203555614,6973.95884632286,0.5785619596669968,9426739.170748679,31871314.673211075,6471.788750183098,9427167.610678885,31872233.465606425,6471.788750183098,9427411.509110078,31872119.733900152,7476.128942462621,9426983.06917987,31871200.9415048,7476.128942462621
9427503.779859586,31872635.995950963,6973.95884632286,0.6271473710613207,9427167.610678885,31872233.465606425,6471.788750183098,9427596.050609095,31873152.258001782,6471.788750183098,9427839.949040286,31873038.5262955,7476.128942462621,9427411.509110078,31872119.733900152,7476.128942462621
9427932.219789794,31873554.78834632,6973.95884632286,0.5006876292259289,9427596.050609095,31873152.258001782,6471.788750183098,9428024.490539301,31874071.050397135,6471.788750183098,9428268.388970492,31873957.318690855,7476.128942462621,9427839.949040286,31873038.5262955,7476.128942462621
9428360.65972,31874473.58074167,6973.95884632286,0.7003256328052292,9428024.490539301,31874071.050397135,6471.788750183098,9428452.930469507,31874989.842792485,6471.788750183098,9428696.8289007,31874876.111086212,7476.128942462621,9428268.388970492,31873957.318690855,7476.128942462621
9428789.099650208,31875392.373137023,6973.95884632286,0.7008357246959999,9428452.930469507,31874989.842792485,6471.788750183098,9428881.370399717,31875908.63518784,6471.788750183098,9429125.268830908,31875794.90348156,7476.128942462621,9428696.8289007,31874876.111086212,7476.128942462621
9429217.539580418,31876311.165532377,6973.95884632286,0.24223198731489334,9428881.370399717,31875908.63518784,6471.788750183098,9429309.810329923,31876827.427583195,6471.788750183098,9429553.708761115,31876713.695876915,7476.128942462621,9429125.268830908,31875794.90348156,7476.128942462621
9429645.979510622,31877229.95792773,6973.95884632286,0.10330047349402567,9429309.810329923,31876827.427583195,6471.788750183098,9429738.25026013,31877746.219978545,6471.788750183098,9429982.148691323,31877632.48827227,7476.128942462621,9429553.708761115,31876713.695876915,7476.128942462621
9421749.519267872,31859659.170709748,7978.299038602382,1.1339132072404208,9421413.350087171,31859256.64036521,7476.128942462621,9421841.79001738,31860175.432760563,7476.128942462621,9422085.688448574,31860061.701054286,8480.469134742143,9421657.248518368,31859142.90865893,8480.469134742143
9422177.959198082,31860577.9631051,7978.299038602382,0.8266748065847322,9421841.79001738,31860175.432760563,7476.128942462621,9422270.229947586,31861094.225155912,7476.128942462621,9422514.128378782,31860980.493449636,8480.469134742143,9422085.688448574,31860061.701054286,8480.469134742143
9422606.399128288,31861496.755500454,7978.299038602382,0.7702232614931126,9422270.229947586,31861094.225155912,7476.128942462621,9422698.669877796,31862013.01755127,7476.128942462621,9422942.56830899,31861899.28584499,8480.469134742143,9422514.128378782,31860980.493449636,8480.469134742143
9423034.839058494,31862415.547895804,7978.299038602382,0.6663702754566355,9422698.669877796,31862013.01755127,7476.128942462621,9423127.109808002,31862931.809946623,7476.128942462621,9423371.008239197,31862818.078240342,8480.469134742143,9422942.56830899,31861899.28584499,8480.469134742143
9423463.278988704,31863334.34029116,7978.299038602382,0.22224560813777386,9423127.109808002,31862931.809946623,7476.128942462621,9423555.54973821,31863850.602341976,7476.128942462621,9423799.448169407,31863736.870635696,8480.469134742143,9423371.008239197,31862818.078240342,8480.469134742143
9423891.718918912,31864253.13268651,7978.299038602382,0.1618218669101734,9423555.54973821,31863850.602341976,7476.128942462621,9423983.989668418,31864769.394737326,7476.128942462621,9424227.888099613,31864655.66303105,8480.469134742143,9423799.448169407,31863736.870635696,8480.469134742143
9424320.15884912,31865171.925081864,7978.299038602382,0.10442981599615972,9423983.989668418,31864769.394737326,7476.128942462621,9424412.429598626,31865688.18713268,7476.128942462621,9424656.32802982,31865574.455426402,8480.469134742143,9424227.888099613,31864655.66303105,8480.469134742143
9424748.598779326,31866090.717477217,7978.299038602382,0.10262899106329249,9424412.429598626,31865688.18713268,7476.128942462621,9424840.869528832,31866606.979528036,7476.128942462621,9425084.767960029,31866493.247821756,8480.469134742143,9424656.32802982,31865574.455426402,8480.469134742143
9425177.038709534,31867009.50987257,7978.299038602382,0.21651224889369394,9424840.869528832,31866606.979528036,7476.128942462621,9425269.30945904,31867525.771923386,7476.128942462621,9425513.207890235,31867412.040217105,8480.469134742143,9425084.767960029,31866493.247821756,8480.469134742143
9425605.478639742,31867928.302267924,7978.299038602382,0.3782972354013117,9425269.30945904,31867525.771923386,7476.128942462621,9425697.749389248,31868444.56431874,7476.128942462621,9425941.647820445,31868330.832612462,8480.469134742143,9425513.207890235,31867412.040217105,8480.469134742143
9426033.918569949,31868847.094663277,7978.299038602382,0.6343237254511668,9425697.749389248,31868444.56431874,7476.128942462621,9426126.189319456,31869363.35671409,7476.128942462621,9426370.087750651,31869249.625007812,8480.469134742143,9425941.647820445,31868330.832612462,8480.469134742143
9426462.358500157,31869765.887058627,7978.299038602382,0.8068048421022023,9426126.189319456,31869363.35671409,7476.128942462621,9426554.629249662,31870282.149109446,7476.128942462621,9426798.527680857,31870168.417403165,8480.469134742143,9426370.087750651,31869249.625007812,8480.469134742143
9426890.798430365,31870684.67945398,7978.299038602382,1.4890887484058186,9426554.629249662,31870282.149109446,7476.128942462621,9426983.06917987,31871200.9415048,7476.128942462621,9427226.967611067,31871087.20979852,8480.469134742143,9426798.527680857,31870168.417403165,8480.469134742143
9427319.23836057,31871603.471849337,7978.299038602382,1.5494902997034143,9426983.06917987,31871200.9415048,7476.128942462621,9427411.509110078,31872119.733900152,7476.128942462621,9427655.407541273,31872006.002193872,8480.469134742143,9427226.967611067,31871087.20979852,8480.469134742143
9427747.67829078,31872522.26424469,7978.299038602382,1.147376003229365,9427411.509110078,31872119.733900152,7476.128942462621,9427839.949040286,31873038.5262955,7476.128942462621,9428083.847471481,31872924.794589225,8480.469134742143,9427655.407541273,31872006.002193872,8480.469134742143
9428176.118220989,31873441.05664004,7978.299038602382,1.3589946734930907,9427839.949040286,31873038.5262955,7476.128942462621,9428268.388970492,31873957.318690855,7476.128942462621,9428512.28740169,31873843.58698458,8480.469134742143,9428083.847471481,31872924.794589225,8480.469134742143
9428604.558151193,31874359.849035393,7978.299038602382,1.6377928144402294,9428268.388970492,31873957.318690855,7476.128942462621,9428696.8289007,31874876.111086212,7476.128942462621,9428940.727331895,31874762.37937993,8480.469134742143,9428512.28740169,31873843.58698458,8480.469134742143
9429032.998081403,31875278.641430743,7978.299038602382,1.4681297794198247,9428696.8289007,31874876.111086212,7476.128942462621,9429125.268830908,31875794.90348156,7476.128942462621,9429369.167262105,31875681.17177528,8480.469134742143,9428940.727331895,31874762.37937993,8480.469134742143
9429461.43801161,31876197.4338261,7978.299038602382,1.5425555430195494,9429125.268830908,31875794.90348156,7476.128942462621,9429553.708761115,31876713.695876915,7476.128942462621,9429797.607192311,31876599.96417064,8480.469134742143,9429369.167262105,31875681.17177528,8480.469134742143
9429889.877941815,31877116.226221453,7978.299038602382,1.4042161135531885,9429553.708761115,31876713.695876915,7476.128942462621,9429982.148691323,31877632.48827227,7476.128942462621,9430226.047122518,31877518.75656599,8480.469134742143,9429797.607192311,31876599.96417064,8480.469134742143
9421993.417699067,31859545.439003468,8982.639230881907,0.6278679450381923,9421657.248518368,31859142.90865893,8480.469134742143,9422085.688448574,31860061.701054286,8480.469134742143,9422329.586879767,31859947.969348006,9484.809327021669,9421901.14694956,31859029.176952653,9484.809327021669
9422421.857629275,31860464.23139882,8982.639230881907,1.1293591243088406,9422085.688448574,31860061.701054286,8480.469134742143,9422514.128378782,31860980.493449636,8480.469134742143,9422758.026809976,31860866.76174336,9484.809327021669,9422329.586879767,31859947.969348006,9484.809327021669
9422850.297559481,31861383.023794174,8982.639230881907,1.2961809938902407,9422514.128378782,31860980.493449636,8480.469134742143,9422942.56830899,31861899.28584499,8480.469134742143,9423186.466740182,31861785.554138713,9484.809327021669,9422758.026809976,31860866.76174336,9484.809327021669
9423278.73748969,31862301.81618953,8982.639230881907,1.1148975520548008,9422942.56830899,31861899.28584499,8480.469134742143,9423371.008239197,31862818.078240342,8480.469134742143,9423614.90667039,31862704.346534066,9484.809327021669,9423186.466740182,31861785.554138713,9484.809327021669
9423707.177419897,31863220.60858488,8982.639230881907,0.5339254631412226,9423371.008239197,31862818.078240342,8480.469134742143,9423799.448169407,31863736.870635696,8480.469134742143,9424043.346600598,31863623.13892942,9484.809327021669,9423614.90667039,31862704.346534066,9484.809327021669
9424135.617350107,31864139.400980234,8982.639230881907,0.5192440492110919,9423799.448169407,31863736.870635696,8480.469134742143,9424227.888099613,31864655.66303105,8480.469134742143,9424471.786530804,31864541.931324773,9484.809327021669,9424043.346600598,31863623.13892942,9484.809327021669
9424564.057280313,31865058.193375587,8982.639230881907,1.094809868274618,9424227.888099613,31864655.66303105,8480.469134742143,9424656.32802982,31865574.455426402,8480.469134742143,9424900.226461014,31865460.723720122,9484.809327021669,9424471.786530804,31864541.931324773,9484.809327021669
9424992.497210521,31865976.98577094,8982.639230881907,0.865391262235823,9424656.32802982,31865574.455426402,8480.469134742143,9425084.767960029,31866493.247821756,8480.469134742143,9425328.66639122,31866379.51611548,9484.809327021669,9424900.226461014,31865460.723720122,9484.809327021669
9425420.93714073,31866895.778166294,8982.639230881907,0.8507994101970318,9425084.767960029,31866493.247821756,8480.469134742143,9425513.207890235,31867412.040217105,8480.469134742143,9425757.106321428,31867298.308510832,9484.809327021669,9425328.66639122,31866379.51611548,9484.809327021669
9425849.377070935,31867814.570561647,8982.639230881907,1.2590666662944427,9425513.207890235,31867412.040217105,8480.469134742143,9425941.647820445,31868330.832612462,8480.469134742143,9426185.546251636,31868217.100906182,9484.809327021669,9425757.106321428,31867298.308510832,9484.809327021669
9426277.817001143,31868733.362956997,8982.639230881907,1.3940348817596198,9425941.647820445,31868330.832612462,8480.469134742143,9426370.087750651,31869249.625007812,8480.469134742143,9426613.986181842,31869135.893301535,9484.809327021669,9426185.546251636,31868217.100906182,9484.809327021669
9426706.256931351,31869652.15535235,8982.639230881907,1.5854070805333877,9426370.087750651,31869249.625007812,8480.469134742143,9426798.527680857,31870168.417403165,8480.469134742143,9427042.42611205,31870054.68569689,9484.809327021669,9426613.986181842,31869135.893301535,9484.809327021669
9427134.696861558,31870570.947747704,8982.639230881907,1.8735898730402207,9426798.527680857,31870168.417403165,8480.469134742143,9427226.967611067,31871087.20979852,8480.469134742143,9427470.866042258,31870973.478092246,9484.809327021669,9427042.42611205,31870054.68569689,9484.809327021669
9427563.136791768,31871489.740143057,8982.639230881907,2.2578404971308976,9427226.967611067,31871087.20979852,8480.469134742143,9427655.407541273,31872006.002193872,8480.469134742143,9427899.305972466,31871892.270487595,9484.809327021669,9427470.866042258,31870973.478092246,9484.809327021669
9427991.576721974,31872408.53253841,8982.639230881907,2.5894398066765496,9427655.407541273,31872006.002193872,8480.469134742143,9428083.847471481,31872924.794589225,8480.469134742143,9428327.745902674,31872811.06288295,9484.809327021669,9427899.305972466,31871892.270487595,9484.809327021669
9428420.016652182,31873327.324933764,8982.639230881907,3.1790195296615367,9428083.847471481,31872924.794589225,8480.469134742143,9428512.28740169,31873843.58698458,8480.469134742143,9428756.18583288,31873729.8552783,9484.809327021669,9428327.745902674,31872811.06288295,9484.809327021669
9428848.45658239,31874246.117329117,8982.639230881907,2.7837381384217306,9428512.28740169,31873843.58698458,8480.469134742143,9428940.727331895,31874762.37937993,8480.469134742143,9429184.62576309,31874648.647673655,9484.809327021669,9428756.18583288,31873729.8552783,9484.809327021669
9429276.896512596,31875164.90972447,8982.639230881907,1.9613895120298959,9428940.727331895,31874762.37937993,8480.469134742143,9429369.167262105,31875681.17177528,8480.469134742143,9429613.065693296,31875567.44006901,9484.809327021669,9429184.62576309,31874648.647673655,9484.809327021669
9429705.336442804,31876083.70211982,8982.639230881907,1.6926364789066461,9429369.167262105,31875681.17177528,8480.469134742143,9429797.607192311,31876599.96417064,8480.469134742143,9430041.505623503,31876486.23246436,9484.809327021669,9429613.065693296,31875567.44006901,9484.809327021669
9430133.776373012,31877002.494515173,8982.639230881907,1.589581996630089,9429797.607192311,31876599.96417064,8480.469134742143,9430226.047122518,31877518.75656599,8480.469134742143,9430469.945553713,31877405.02485971,9484.809327021669,9430041.505623503,31876486.23246436,9484.809327021669
9422237.31613026,31859431.70729719,9986.979423161429,1.0062796294374945,9421901.14694956,31859029.176952653,9484.809327021669,9422329.586879767,31859947.969348006,9484.809327021669,9422573.48531096,31859834.237641733,10489.14951930119,9422145.045380753,31858915.445246376,10489.14951930119
9422665.756060468,31860350.499692544,9986.979423161429,1.1238916431395736,9422329.586879767,31859947.969348006,9484.809327021669,9422758.026809976,31860866.76174336,9484.809327021669,9423001.925241167,31860753.030037083,10489.14951930119,9422573.48531096,31859834.237641733,10489.14951930119
9423094.195990676,31861269.292087898,9986.979423161429,1.1805298764951708,9422758.026809976,31860866.76174336,9484.809327021669,9423186.466740182,31861785.554138713,9484.809327021669,9423430.365171375,31861671.822432436,10489.14951930119,9423001.925241167,31860753.030037083,10489.14951930119
9423522.635920882,31862188.084483247,9986.979423161429,1.1026558126503074,9423186.466740182,31861785.554138713,9484.809327021669,9423614.90667039,31862704.346534066,9484.809327021669,9423858.805101583,31862590.614827786,10489.14951930119,9423430.365171375,31861671.822432436,10489.14951930119
9423951.07585109,31863106.876878608,9986.979423161429,1.0414613794997043,9423614.90667039,31862704.346534066,9484.809327021669,9424043.346600598,31863623.13892942,9484.809327021669,9424287.24503179,31863509.40722314,10489.14951930119,9423858.805101583,31862590.614827786,10489.14951930119
9424379.515781298,31864025.669273958,9986.979423161429,0.7818159393989554,9424043.346600598,31863623.13892942,9484.809327021669,9424471.786530804,31864541.931324773,9484.809327021669,9424715.684961999,31864428.199618496,10489.14951930119,9424287.24503179,31863509.40722314,10489.14951930119
9424807.955711504,31864944.46166931,9986.979423161429,1.643614018423639,9424471.786530804,31864541.931324773,9484.809327021669,9424900.226461014,31865460.723720122,9484.809327021669,9425144.124892205,31865346.99201385,10489.14951930119,9424715.684961999,31864428.199618496,10489.14951930119
9425236.395641712,31865863.25406466,9986.979423161429,2.3482835685563774,9424900.226461014,31865460.723720122,9484.809327021669,9425328.66639122,31866379.51611548,9484.809327021669,9425572.564822413,31866265.7844092,10489.14951930119,9425144.124892205,31865346.99201385,10489.14951930119
9425664.83557192,31866782.046460014,9986.979423161429,1.765877658383004,9425328.66639122,31866379.51611548,9484.809327021669,9425757.106321428,31867298.308510832,9484.809327021669,9426001.004752621,31867184.576804552,10489.14951930119,9425572.564822413,31866265.7844092,10489.14951930119
9426093.275502129,31867700.83885537,9986.979423161429,2.6990754086955238,9425757.106321428,31867298.308510832,9484.809327021669,9426185.546251636,31868217.100906182,9484.809327021669,9426429.444682827,31868103.369199906,10489.14951930119,9426001.004752621,31867184.576804552,10489.14951930119
9426521.715432335,31868619.631250724,9986.979423161429,4.07894903300873,9426185.546251636,31868217.100906182,9484.809327021669,9426613.986181842,31869135.893301535,9484.809327021669,9426857.884613035,31869022.16159526,10489.14951930119,9426429.444682827,31868103.369199906,10489.14951930119
9426950.155362543,31869538.423646074,9986.979423161429,3.0147963108742855,9426613.986181842,31869135.893301535,9484.809327021669,9427042.42611205,31870054.68569689,9484.809327021669,9427286.324543243,31869940.953990612,10489.14951930119,9426857.884613035,31869022.16159526,10489.14951930119
9427378.59529275,31870457.216041427,9986.979423161429,2.314779108276103,9427042.42611205,31870054.68569689,9484.809327021669,9427470.866042258,31870973.478092246,9484.809327021669,9427714.764473451,31870859.746385965,10489.14951930119,9427286.324543243,31869940.953990612,10489.14951930119
9427807.035222959,31871376.00843678,9986.979423161429,3.1025212003578595,9427470.866042258,31870973.478092246,9484.809327021669,9427899.305972466,31871892.270487595,9484.809327021669,9428143.20440366,31871778.53878132,10489.14951930119,9427714.764473451,31870859.746385965,10489.14951930119
9428235.475153167,31872294.800832134,9986.979423161429,4.184290918539894,9427899.305972466,31871892.270487595,9484.809327021669,9428327.745902674,31872811.06288295,9484.809327021669,9428571.644333865,31872697.331176672,10489.14951930119,9428143.20440366,31871778.53878132,10489.14951930119
9428663.915083375,31873213.593227487,9986.979423161429,4.786921790828633,9428327.745902674,31872811.06288295,9484.809327021669,9428756.18583288,31873729.8552783,9484.809327021669,9429000.084264074,31873616.123572025,10489.14951930119,9428571.644333865,31872697.331176672,10489.14951930119
9429092.355013581,31874132.38562284,9986.979423161429,4.041190039398376,9428756.18583288,31873729.8552783,9484.809327021669,9429184.62576309,31874648.647673655,9484.809327021669,9429428.524194282,31874534.91596738,10489.14951930119,9429000.084264074,31873616.123572025,10489.14951930119
9429520.79494379,31875051.17801819,9986.979423161429,3.3788568009224695,9429184.62576309,31874648.647673655,9484.809327021669,9429613.065693296,31875567.44006901,9484.809327021669,9429856.964124488,31875453.70836273,10489.14951930119,9429428.524194282,31874534.91596738,10489.14951930119
9429949.234873997,31875969.970413547,9986.979423161429,1.9624870104827314,9429613.065693296,31875567.44006901,9484.809327021669,9430041.505623503,31876486.23246436,9484.809327021669,9430285.404054696,31876372.50075808,10489.14951930119,9429856.964124488,31875453.70836273,10489.14951930119
9430377.674804203,31876888.762808897,9986.979423161429,1.7291586463766082,9430041.505623503,31876486.23246436,9484.809327021669,9430469.945553713,31877405.02485971,9484.809327021669,9430713.843984904,31877291.293153435,10489.14951930119,9430285.404054696,31876372.50075808,10489.14951930119
9422481.214561453,31859317.975590914,10991.319615440952,2.7277996926362,9422145.045380753,31858915.445246376,10489.14951930119,9422573.48531096,31859834.237641733,10489.14951930119,9422817.383742154,31859720.505935453,11493.489711580714,9422388.943811944,31858801.7135401,11493.489711580714
9422909.654491661,31860236.767986268,10991.319615440952,1.9020129670973815,9422573.48531096,31859834.237641733,10489.14951930119,9423001.925241167,31860753.030037083,10489.14951930119,9423245.82367236,31860639.298330806,11493.489711580714,9422817.383742154,31859720.505935453,11493.489711580714
9423338.094421867,31861155.56038162,10991.319615440952,1.0705226459251234,9423001.925241167,31860753.030037083,10489.14951930119,9423430.365171375,31861671.822432436,10489.14951930119,9423674.263602566,31861558.090726156,11493.489711580714,9423245.82367236,31860639.298330806,11493.489711580714
9423766.534352075,31862074.352776974,10991.319615440952,1.170341348199671,9423430.365171375,31861671.822432436,10489.14951930119,9423858.805101583,31862590.614827786,10489.14951930119,9424102.703532776,31862476.883121513,11493.489711580714,9423674.263602566,31861558.090726156,11493.489711580714
9424194.974282283,31862993.145172324,10991.319615440952,0.8929958661531409,9423858.805101583,31862590.614827786,10489.14951930119,9424287.24503179,31863509.40722314,10489.14951930119,9424531.143462982,31863395.675516866,11493.489711580714,9424102.703532776,31862476.883121513,11493.489711580714
9424623.41421249,31863911.93756768,10991.319615440952,1.2294189973996923,9424287.24503179,31863509.40722314,10489.14951930119,9424715.684961999,31864428.199618496,10489.14951930119,9424959.58339319,31864314.46791222,11493.489711580714,9424531.143462982,31863395.675516866,11493.489711580714
9425051.8541427,31864830.72996303,10991.319615440952,2.223573880013314,9424715.684961999,31864428.199618496,10489.14951930119,9425144.124892205,31865346.99201385,10489.14951930119,9425388.023323398,31865233.26030757,11493.489711580714,9424959.58339319,31864314.46791222,11493.489711580714
9425480.294072906,31865749.522358388,10991.319615440952,2.821180557396663,9425144.124892205,31865346.99201385,10489.14951930119,9425572.564822413,31866265.7844092,10489.14951930119,9425816.463253604,31866152.052702926,11493.489711580714,9425388.023323398,31865233.26030757,11493.489711580714
9425908.734003114,31866668.314753737,10991.319615440952,2.936865960926208,9425572.564822413,31866265.7844092,10489.14951930119,9426001.004752621,31867184.576804552,10489.14951930119,9426244.903183814,31867070.845098276,11493.489711580714,9425816.463253604,31866152.052702926,11493.489711580714
9426337.173933322,31867587.10714909,10991.319615440952,3.9309191273763386,9426001.004752621,31867184.576804552,10489.14951930119,9426429.444682827,31868103.369199906,10489.14951930119,9426673.34311402,31867989.63749363,11493.489711580714,9426244.903183814,31867070.845098276,11493.489711580714
9426765.613863528,31868505.899544444,10991.319615440952,4.474546248427856,9426429.444682827,31868103.369199906,10489.14951930119,9426857.884613035,31869022.16159526,10489.14951930119,9427101.783044226,31868908.429888982,11493.489711580714,9426673.34311402,31867989.63749363,11493.489711580714
9427194.053793736,31869424.6919398,10991.319615440952,4.0956633101621245,9426857.884613035,31869022.16159526,10489.14951930119,9427286.324543243,31869940.953990612,10489.14951930119,9427530.222974436,31869827.222284332,11493.489711580714,9427101.783044226,31868908.429888982,11493.489711580714
9427622.493723944,31870343.48433515,10991.319615440952,3.4662151146790436,9427286.324543243,31869940.953990612,10489.14951930119,9427714.764473451,31870859.746385965,10489.14951930119,9427958.662904644,31870746.01467969,11493.489711580714,9427530.222974436,31869827.222284332,11493.489711580714
9428050.93365415,31871262.276730504,10991.319615440952,3.593052899915508,9427714.764473451,31870859.746385965,10489.14951930119,9428143.20440366,31871778.53878132,10489.14951930119,9428387.10283485,31871664.807075042,11493.489711580714,9427958.662904644,31870746.01467969,11493.489711580714
9428479.373584358,31872181.069125853,10991.319615440952,4.049980230797231,9428143.20440366,31871778.53878132,10489.14951930119,9428571.644333865,31872697.331176672,10489.14951930119,9428815.542765059,31872583.599470396,11493.489711580714,9428387.10283485,31871664.807075042,11493.489711580714
9428907.813514566,31873099.861521207,10991.319615440952,4.225656908015624,9428571.644333865,31872697.331176672,10489.14951930119,9429000.084264074,31873616.123572025,10489.14951930119,9429243.982695267,31873502.391865745,11493.489711580714,9428815.542765059,31872583.599470396,11493.489711580714
9429336.253444774,31874018.653916564,10991.319615440952,3.835163290100107,9429000.084264074,31873616.123572025,10489.14951930119,9429428.524194282,31874534.91596738,10489.14951930119,9429672.422625475,31874421.1842611,11493.489711580714,9429243.982695267,31873502.391865745,11493.489711580714
9429764.69337498,31874937.446311917,10991.319615440952,3.9838888245159456,9429428.524194282,31874534.91596738,10489.14951930119,9429856.964124488,31875453.70836273,10489.14951930119,9430100.86255568,31875339.976656456,11493.489711580714,9429672.422625475,31874421.1842611,11493.489711580714
9430193.133305188,31875856.238707267,10991.319615440952,2.125694998098124,9429856.964124488,31875453.70836273,10489.14951930119,9430285.404054696,31876372.50075808,10489.14951930119,9430529.302485889,31876258.769051805,11493.489711580714,9430100.86255568,31875339.976656456,11493.489711580714
9430621.573235396,31876775.03110262,10991.319615440952,1.2151407616298526,9430285.404054696,31876372.50075808,10489.14951930119,9430713.843984904,31877291.293153435,10489.14951930119,9430957.742416097,31877177.56144716,11493.489711580714,9430529.302485889,31876258.769051805,11493.489711580714
9422725.112992644,31859204.24388464,11995.659807720474,2.358725861000493,9422388.943811944,31858801.7135401,11493.489711580714,9422817.383742154,31859720.505935453,11493.489711580714,9423061.282173345,31859606.774229173,12497.82990386024,9422632.842243139,31858687.981833823,12497.82990386024
9423153.55292285,31860123.03627999,11995.659807720474,1.8506894061192989,9422817.383742154,31859720.505935453,11493.489711580714,9423245.82367236,31860639.298330806,11493.489711580714,9423489.722103551,31860525.56662453,12497.82990386024,9423061.282173345,31859606.774229173,12497.82990386024
9423581.99285306,31861041.828675345,11995.659807720474,1.1684061043636034,9423245.82367236,31860639.298330806,11493.489711580714,9423674.263602566,31861558.090726156,11493.489711580714,9423918.16203376,31861444.359019883,12497.82990386024,9423489.722103551,31860525.56662453,12497.82990386024
9424010.432783267,31861960.621070694,11995.659807720474,0.770953186016249,9423674.263602566,31861558.090726156,11493.489711580714,9424102.703532776,31862476.883121513,11493.489711580714,9424346.601963967,31862363.151415233,12497.82990386024,9423918.16203376,31861444.359019883,12497.82990386024
9424438.872713476,31862879.413466047,11995.659807720474,0.9434782497214098,9424102.703532776,31862476.883121513,11493.489711580714,9424531.143462982,31863395.675516866,11493.489711580714,9424775.041894175,31863281.943810586,12497.82990386024,9424346.601963967,31862363.151415233,12497.82990386024
9424867.312643684,31863798.205861405,11995.659807720474,1.0684623810791156,9424531.143462982,31863395.675516866,11493.489711580714,9424959.58339319,31864314.46791222,11493.489711580714,9425203.481824383,31864200.736205943,12497.82990386024,9424775.041894175,31863281.943810586,12497.82990386024
9425295.75257389,31864716.998256758,11995.659807720474,1.7787251526171233,9424959.58339319,31864314.46791222,11493.489711580714,9425388.023323398,31865233.26030757,11493.489711580714,9425631.92175459,31865119.528601296,12497.82990386024,9425203.481824383,31864200.736205943,12497.82990386024
9425724.192504099,31865635.790652107,11995.659807720474,2.215283678860544,9425388.023323398,31865233.26030757,11493.489711580714,9425816.463253604,31866152.052702926,11493.489711580714,9426060.3616848,31866038.320996646,12497.82990386024,9425631.92175459,31865119.528601296,12497.82990386024
9426152.632434307,31866554.58304746,11995.659807720474,2.0556946716559095,9425816.463253604,31866152.052702926,11493.489711580714,9426244.903183814,31867070.845098276,11493.489711580714,9426488.801615005,31866957.113392,12497.82990386024,9426060.3616848,31866038.320996646,12497.82990386024
9426581.072364513,31867473.375442814,11995.659807720474,2.5779507380187883,9426244.903183814,31867070.845098276,11493.489711580714,9426673.34311402,31867989.63749363,11493.489711580714,9426917.241545212,31867875.90578735,12497.82990386024,9426488.801615005,31866957.113392,12497.82990386024
9427009.51229472,31868392.167838167,11995.659807720474,2.311945559174231,9426673.34311402,31867989.63749363,11493.489711580714,9427101.783044226,31868908.429888982,11493.489711580714,9427345.681475421,31868794.698182706,12497.82990386024,9426917.241545212,31867875.90578735,12497.82990386024
9427437.952224929,31869310.96023352,11995.659807720474,2.452324503977451,9427101.783044226,31868908.429888982,11493.489711580714,9427530.222974436,31869827.222284332,11493.489711580714,9427774.121405628,31869713.49057806,12497.82990386024,9427345.681475421,31868794.698182706,12497.82990386024
9427866.392155137,31870229.752628874,11995.659807720474,2.5595481744182647,9427530.222974436,31869827.222284332,11493.489711580714,9427958.662904644,31870746.01467969,11493.489711580714,9428202.561335836,31870632.282973412,12497.82990386024,9427774.121405628,31869713.49057806,12497.82990386024
9428294.832085345,31871148.545024224,11995.659807720474,3.5794235159412464,9427958.662904644,31870746.01467969,11493.489711580714,9428387.10283485,31871664.807075042,11493.489711580714,9428631.001266044,31871551.075368762,12497.82990386024,9428202.561335836,31870632.282973412,12497.82990386024
9428723.272015551,31872067.33741958,11995.659807720474,4.310598566843363,9428387.10283485,31871664.807075042,11493.489711580714,9428815.542765059,31872583.599470396,11493.489711580714,9429059.44119625,31872469.86776412,12497.82990386024,9428631.001266044,31871551.075368762,12497.82990386024
9429151.71194576,31872986.12981493,11995.659807720474,4.503018836368098,9428815.542765059,31872583.599470396,11493.489711580714,9429243.982695267,31873502.391865745,11493.489711580714,9429487.88112646,31873388.660159472,12497.82990386024,9429059.44119625,31872469.86776412,12497.82990386024
9429580.151875967,31873904.922210284,11995.659807720474,4.471713955042109,9429243.982695267,31873502.391865745,11493.489711580714,9429672.422625475,31874421.1842611,11493.489711580714,9429916.321056666,31874307.452554822,12497.82990386024,9429487.88112646,31873388.660159472,12497.82990386024
9430008.591806173,31874823.714605637,11995.659807720474,4.49896897396909,9429672.422625475,31874421.1842611,11493.489711580714,9430100.86255568,31875339.976656456,11493.489711580714,9430344.760986872,31875226.244950175,12497.82990386024,9429916.321056666,31874307.452554822,12497.82990386024
9430437.031736381,31875742.507000994,11995.659807720474,3.702511238949618,9430100.86255568,31875339.976656456,11493.489711580714,9430529.302485889,31876258.769051805,11493.489711580714,9430773.200917082,31876145.03734553,12497.82990386024,9430344.760986872,31875226.244950175,12497.82990386024
9430865.47166659,31876661.299396344,11995.659807720474,2.0465964341925167,9430529.302485889,31876258.769051805,11493.489711580714,9430957.742416097,31877177.56144716,11493.489711580714,9431201.640847288,31877063.829740882,12497.82990386024,9430773.200917082,31876145.03734553,12497.82990386024
9422969.011423837,31859090.51217836,13000.0,2.147900482530907,9422632.842243139,31858687.981833823,12497.82990386024,9423061.282173345,31859606.774229173,12497.82990386024,9423305.180604536,31859493.0425229,13502.17009613976,9422876.74067433,31858574.250127546,13502.17009613976
9423397.451354045,31860009.304573715,13000.0,1.6516157727407659,9423061.282173345,31859606.774229173,12497.82990386024,9423489.722103551,31860525.56662453,12497.82990386024,9423733.620534744,31860411.83491825,13502.17009613976,9423305.180604536,31859493.0425229,13502.17009613976
9423825.891284252,31860928.096969068,13000.0,1.6127721589423083,9423489.722103551,31860525.56662453,12497.82990386024,9423918.16203376,31861444.359019883,12497.82990386024,9424162.060464952,31861330.627313603,13502.17009613976,9423733.620534744,31860411.83491825,13502.17009613976
9424254.331214461,31861846.88936442,13000.0,1.71865453501979,9423918.16203376,31861444.359019883,12497.82990386024,9424346.601963967,31862363.151415233,12497.82990386024,9424590.50039516,31862249.41970896,13502.17009613976,9424162.060464952,31861330.627313603,13502.17009613976
9424682.771144668,31862765.68175977,13000.0,1.5762273852002615,9424346.601963967,31862363.151415233,12497.82990386024,9424775.041894175,31863281.943810586,12497.82990386024,9425018.940325368,31863168.212104313,13502.17009613976,9424590.50039516,31862249.41970896,13502.17009613976
9425111.211074874,31863684.474155124,13000.0,1.7217407304476797,9424775.041894175,31863281.943810586,12497.82990386024,9425203.481824383,31864200.736205943,12497.82990386024,9425447.380255574,31864087.004499663,13502.17009613976,9425018.940325368,31863168.212104313,13502.17009613976
9425539.651005084,31864603.266550478,13000.0,2.0447357029695303,9425203.481824383,31864200.736205943,12497.82990386024,9425631.92175459,31865119.528601296,12497.82990386024,9425875.820185784,31865005.796895016,13502.17009613976,9425447.380255574,31864087.004499663,13502.17009613976
9425968.09093529,31865522.058945835,13000.0,1.8851281494542955,9425631.92175459,31865119.528601296,12497.82990386024,9426060.3616848,31866038.320996646,12497.82990386024,9426304.26011599,31865924.58929037,13502.17009613976,9425875.820185784,31865005.796895016,13502.17009613976
9426396.530865498,31866440.851341184,13000.0,2.8847323125823716,9426060.3616848,31866038.320996646,12497.82990386024,9426488.801615005,31866957.113392,12497.82990386024,9426732.700046197,31866843.381685723,13502.17009613976,9426304.26011599,31865924.58929037,13502.17009613976
9426824.970795706,31867359.643736538,13000.0,2.9364127247484633,9426488.801615005,31866957.113392,12497.82990386024,9426917.241545212,31867875.90578735,12497.82990386024,9427161.139976406,31867762.174081076,13502.17009613976,9426732.700046197,31866843.381685723,13502.17009613976
9427253.410725912,31868278.436131887,13000.0,2.445313320300643,9426917.241545212,31867875.90578735,12497.82990386024,9427345.681475421,31868794.698182706,12497.82990386024,9427589.579906613,31868680.96647643,13502.17009613976,9427161.139976406,31867762.174081076,13502.17009613976
9427681.85065612,31869197.22852724,13000.0,2.7985199110142362,9427345.681475421,31868794.698182706,12497.82990386024,9427774.121405628,31869713.49057806,12497.82990386024,9428018.01983682,31869599.75887178,13502.17009613976,9427589.579906613,31868680.96647643,13502.17009613976
9428110.290586328,31870116.020922597,13000.0,3.4090245168087026,9427774.121405628,31869713.49057806,12497.82990386024,9428202.561335836,31870632.282973412,12497.82990386024,9428446.459767029,31870518.551267136,13502.17009613976,9428018.01983682,31869599.75887178,13502.17009613976
9428538.730516536,31871034.81331795,13000.0,3.9827421961758787,9428202.561335836,31870632.282973412,12497.82990386024,9428631.001266044,31871551.075368762,12497.82990386024,9428874.899697235,31871437.34366249,13502.17009613976,9428446.459767029,31870518.551267136,13502.17009613976
9428967.170446744,31871953.605713304,13000.0,4.335104035293709,9428631.001266044,31871551.075368762,12497.82990386024,9429059.44119625,31872469.86776412,12497.82990386024,9429303.339627445,31872356.136057843,13502.17009613976,9428874.899697235,31871437.34366249,13502.17009613976
9429395.610376952,31872872.398108654,13000.0,4.107768089778509,9429059.44119625,31872469.86776412,12497.82990386024,9429487.88112646,31873388.660159472,12497.82990386024,9429731.77955765,31873274.928453192,13502.17009613976,9429303.339627445,31872356.136057843,13502.17009613976
9429824.050307158,31873791.190504007,13000.0,3.458995253661216,9429487.88112646,31873388.660159472,12497.82990386024,9429916.321056666,31874307.452554822,12497.82990386024,9430160.219487857,31874193.720848545,13502.17009613976,9429731.77955765,31873274.928453192,13502.17009613976
9430252.490237366,31874709.98289936,13000.0,3.042420356188142,9429916.321056666,31874307.452554822,12497.82990386024,9430344.760986872,31875226.244950175,12497.82990386024,9430588.659418067,31875112.5132439,13502.17009613976,9430160.219487857,31874193.720848545,13502.17009613976
9430680.930167574,31875628.775294714,13000.0,3.5308032432614773,9430344.760986872,31875226.244950175,12497.82990386024,9430773.200917082,31876145.03734553,12497.82990386024,9431017.099348273,31876031.305639252,13502.17009613976,9430588.659418067,31875112.5132439,13502.17009613976
9431109.370097782,31876547.567690067,13000.0,2.1306355595240913,9430773.200917082,31876145.03734553,12497.82990386024,9431201.640847288,31877063.829740882,12497.82990386024,9431445.539278481,31876950.098034605,13502.17009613976,9431017.099348273,31876031.305639252,13502.17009613976
9423212.90985503,31858976.780472085,14004.340192279524,1.88082594857812,9422876.74067433,31858574.250127546,13502.17009613976,9423305.180604536,31859493.0425229,13502.17009613976,9423549.07903573,31859379.31081662,14506.510288419286,9423120.639105521,31858460.51842127,14506.510288419286
9423641.349785237,31859895.57286744,14004.340192279524,1.8725077017910852,9423305.180604536,31859493.0425229,13502.17009613976,9423733.620534744,31860411.83491825,13502.17009613976,9423977.518965937,31860298.103211977,14506.510288419286,9423549.07903573,31859379.31081662,14506.510288419286
9424069.789715447,31860814.36526279,14004.340192279524,2.4513444556745974,9423733.620534744,31860411.83491825,13502.17009613976,9424162.060464952,31861330.627313603,13502.17009613976,9424405.958896145,31861216.895607326,14506.510288419286,9423977.518965937,31860298.103211977,14506.510288419286
9424498.229645653,31861733.15765814,14004.340192279524,3.2523656374953167,9424162.060464952,31861330.627313603,13502.17009613976,9424590.50039516,31862249.41970896,13502.17009613976,9424834.398826351,31862135.68800268,14506.510288419286,9424405.958896145,31861216.895607326,14506.510288419286
9424926.669575859,31862651.950053494,14004.340192279524,3.3789303056288573,9424590.50039516,31862249.41970896,13502.17009613976,9425018.940325368,31863168.212104313,13502.17009613976,9425262.83875656,31863054.480398033,14506.510288419286,9424834.398826351,31862135.68800268,14506.510288419286
9425355.109506069,31863570.742448848,14004.340192279524,2.380137751024503,9425018.940325368,31863168.212104313,13502.17009613976,9425447.380255574,31864087.004499663,13502.17009613976,9425691.278686767,31863973.272793386,14506.510288419286,9425262.83875656,31863054.480398033,14506.510288419286
9425783.549436275,31864489.5348442,14004.340192279524,1.663496579099123,9425447.380255574,31864087.004499663,13502.17009613976,9425875.820185784,31865005.796895016,13502.17009613976,9426119.718616975,31864892.06518874,14506.510288419286,9425691.278686767,31863973.272793386,14506.510288419286
9426211.989366485,31865408.327239554,14004.340192279524,1.5999440279962296,9425875.820185784,31865005.796895016,13502.17009613976,9426304.26011599,31865924.58929037,13502.17009613976,9426548.158547182,31865810.857584093,14506.510288419286,9426119.718616975,31864892.06518874,14506.510288419286
9426640.429296691,31866327.119634908,14004.340192279524,1.307988672662602,9426304.26011599,31865924.58929037,13502.17009613976,9426732.700046197,31866843.381685723,13502.17009613976,9426976.59847739,31866729.649979446,14506.510288419286,9426548.158547182,31865810.857584093,14506.510288419286
9427068.869226897,31867245.91203026,14004.340192279524,1.6011775774372279,9426732.700046197,31866843.381685723,13502.17009613976,9427161.139976406,31867762.174081076,13502.17009613976,9427405.038407598,31867648.442374796,14506.510288419286,9426976.59847739,31866729.649979446,14506.510288419286
9427497.309157107,31868164.704425614,14004.340192279524,2.0472688458792323,9427161.139976406,31867762.174081076,13502.17009613976,9427589.579906613,31868680.96647643,13502.17009613976,9427833.478337806,31868567.234770153,14506.510288419286,9427405.038407598,31867648.442374796,14506.510288419286
9427925.749087313,31869083.496820964,14004.340192279524,2.8032180865080942,9427589.579906613,31868680.96647643,13502.17009613976,9428018.01983682,31869599.75887178,13502.17009613976,9428261.918268012,31869486.027165506,14506.510288419286,9427833.478337806,31868567.234770153,14506.510288419286
9428354.18901752,31870002.28921632,14004.340192279524,2.6946143748220877,9428018.01983682,31869599.75887178,13502.17009613976,9428446.459767029,31870518.551267136,13502.17009613976,9428690.35819822,31870404.81956086,14506.510288419286,9428261.918268012,31869486.027165506,14506.510288419286
9428782.62894773,31870921.08161167,14004.340192279524,2.3580001359789464,9428446.459767029,31870518.551267136,13502.17009613976,9428874.899697235,31871437.34366249,13502.17009613976,9429118.798128428,31871323.61195621,14506.510288419286,9428690.35819822,31870404.81956086,14506.510288419286
9429211.068877935,31871839.874007028,14004.340192279524,1.4989819694259976,9428874.899697235,31871437.34366249,13502.17009613976,9429303.339627445,31872356.136057843,13502.17009613976,9429547.238058636,31872242.404351562,14506.510288419286,9429118.798128428,31871323.61195621,14506.510288419286
9429639.508808143,31872758.66640238,14004.340192279524,1.0354089529175683,9429303.339627445,31872356.136057843,13502.17009613976,9429731.77955765,31873274.928453192,13502.17009613976,9429975.677988842,31873161.19674692,14506.510288419286,9429547.238058636,31872242.404351562,14506.510288419286
9430067.948738351,31873677.45879773,14004.340192279524,0.8644745692713469,9429731.77955765,31873274.928453192,13502.17009613976,9430160.219487857,31874193.720848545,13502.17009613976,9430404.11791905,31874079.98914227,14506.510288419286,9429975.677988842,31873161.19674692,14506.510288419286
9430496.388668558,31874596.25119308,14004.340192279524,1.1050726899396353,9430160.219487857,31874193.720848545,13502.17009613976,9430588.659418067,31875112.5132439,13502.17009613976,9430832.557849258,31874998.781537622,14506.510288419286,9430404.11791905,31874079.98914227,14506.510288419286
9430924.828598766,31875515.043588433,14004.340192279524,1.6409960550985891,9430588.659418067,31875112.5132439,13502.17009613976,9431017.099348273,31876031.305639252,13502.17009613976,9431260.997779466,31875917.57393297,14506.510288419286,9430832.557849258,31874998.781537622,14506.510288419286
9431353.268528974,31876433.83598379,14004.340192279524,1.6809008985678529,9431017.099348273,31876031.305639252,13502.17009613976,9431445.539278481,31876950.098034605,13502.17009613976,9431689.437709674,31876836.36632833,14506.510288419286,9431260.997779466,31875917.57393297,14506.510288419286
9423456.808286222,31858863.048765805,15008.680384559046,1.4390385948411555,9423120.639105521,31858460.51842127,14506.510288419286,9423549.07903573,31859379.31081662,14506.510288419286,9423792.97746692,31859265.579110347,15510.850480698806,9423364.537536714,31858346.786714993,15510.850480698806
9423885.24821643,31859781.841161158,15008.680384559046,1.4811259589964043,9423549.07903573,31859379.31081662,14506.510288419286,9423977.518965937,31860298.103211977,14506.510288419286,9424221.41739713,31860184.371505696,15510.850480698806,9423792.97746692,31859265.579110347,15510.850480698806
9424313.688146636,31860700.63355651,15008.680384559046,1.698416763195658,9423977.518965937,31860298.103211977,14506.510288419286,9424405.958896145,31861216.895607326,14506.510288419286,9424649.857327336,31861103.16390105,15510.850480698806,9424221.41739713,31860184.371505696,15510.850480698806
9424742.128076846,31861619.42595187,15008.680384559046,2.249899850253108,9424405.958896145,31861216.895607326,14506.510288419286,9424834.398826351,31862135.68800268,14506.510288419286,9425078.297257543,31862021.956296403,15510.850480698806,9424649.857327336,31861103.16390105,15510.850480698806
9425170.568007052,31862538.218347218,15008.680384559046,2.3733653687860423,9424834.398826351,31862135.68800268,14506.510288419286,9425262.83875656,31863054.480398033,14506.510288419286,9425506.737187753,31862940.74869176,15510.850480698806,9425078.297257543,31862021.956296403,15510.850480698806
9425599.00793726,31863457.01074257,15008.680384559046,2.118089659846334,9425262.83875656,31863054.480398033,14506.510288419286,9425691.278686767,31863973.272793386,14506.510288419286,9425935.17711796,31863859.54108711,15510.850480698806,9425506.737187753,31862940.74869176,15510.850480698806
9426027.44786747,31864375.80313792,15008.680384559046,1.5898202904496421,9425691.278686767,31863973.272793386,14506.510288419286,9426119.718616975,31864892.06518874,14506.510288419286,9426363.617048169,31864778.333482463,15510.850480698806,9425935.17711796,31863859.54108711,15510.850480698806
9426455.887797676,31865294.595533278,15008.680384559046,1.1324950343410676,9426119.718616975,31864892.06518874,14506.510288419286,9426548.158547182,31865810.857584093,14506.510288419286,9426792.056978375,31865697.125877813,15510.850480698806,9426363.617048169,31864778.333482463,15510.850480698806
9426884.327727882,31866213.38792863,15008.680384559046,0.9908039780604659,9426548.158547182,31865810.857584093,14506.510288419286,9426976.59847739,31866729.649979446,14506.510288419286,9427220.496908583,31866615.91827317,15510.850480698806,9426792.056978375,31865697.125877813,15510.850480698806
9427312.767658092,31867132.180323984,15008.680384559046,1.1571715904669537,9426976.59847739,31866729.649979446,14506.510288419286,9427405.038407598,31867648.442374796,14506.510288419286,9427648.93683879,31867534.710668523,15510.850480698806,9427220.496908583,31866615.91827317,15510.850480698806
9427741.207588298,31868050.972719334,15008.680384559046,1.8149649839351005,9427405.038407598,31867648.442374796,14506.510288419286,9427833.478337806,31868567.234770153,14506.510288419286,9428077.376768997,31868453.503063872,15510.850480698806,9427648.93683879,31867534.710668523,15510.850480698806
9428169.647518506,31868969.765114687,15008.680384559046,1.966507152606453,9427833.478337806,31868567.234770153,14506.510288419286,9428261.918268012,31869486.027165506,14506.510288419286,9428505.816699205,31869372.295459226,15510.850480698806,9428077.376768997,31868453.503063872,15510.850480698806
9428598.087448714,31869888.557510044,15008.680384559046,1.4599456556204085,9428261.918268012,31869486.027165506,14506.510288419286,9428690.35819822,31870404.81956086,14506.510288419286,9428934.256629413,31870291.08785458,15510.850480698806,9428505.816699205,31869372.295459226,15510.850480698806
9429026.52737892,31870807.349905398,15008.680384559046,0.7790367886484817,9428690.35819822,31870404.81956086,14506.510288419286,9429118.798128428,31871323.61195621,14506.510288419286,9429362.696559621,31871209.880249936,15510.850480698806,9428934.256629413,31870291.08785458,15510.850480698806
9429454.967309128,31871726.142300747,15008.680384559046,0.5156492451225868,9429118.798128428,31871323.61195621,14506.510288419286,9429547.238058636,31872242.404351562,14506.510288419286,9429791.136489829,31872128.672645286,15510.850480698806,9429362.696559621,31871209.880249936,15510.850480698806
9429883.407239337,31872644.9346961,15008.680384559046,0.3756315403931826,9429547.238058636,31872242.404351562,14506.510288419286,9429975.677988842,31873161.19674692,14506.510288419286,9430219.576420035,31873047.46504064,15510.850480698806,9429791.136489829,31872128.672645286,15510.850480698806
9430311.847169543,31873563.727091454,15008.680384559046,0.7391903937402958,9429975.677988842,31873161.19674692,14506.510288419286,9430404.11791905,31874079.98914227,14506.510288419286,9430648.016350243,31873966.257435992,15510.850480698806,9430219.576420035,31873047.46504064,15510.850480698806
9430740.28709975,31874482.519486807,15008.680384559046,0.5995928081028165,9430404.11791905,31874079.98914227,14506.510288419286,9430832.557849258,31874998.781537622,14506.510288419286,9431076.456280451,31874885.049831346,15510.850480698806,9430648.016350243,31873966.257435992,15510.850480698806
9431168.727029959,31875401.311882157,15008.680384559046,0.9487062392795966,9430832.557849258,31874998.781537622,14506.510288419286,9431260.997779466,31875917.57393297,14506.510288419286,9431504.896210657,31875803.8422267,15510.850480698806,9431076.456280451,31874885.049831346,15510.850480698806
9431597.166960167,31876320.10427751,15008.680384559046,0.9298771545603698,9431260.997779466,31875917.57393297,14506.510288419286,9431689.437709674,31876836.36632833,14506.510288419286,9431933.336140865,31876722.63462205,15510.850480698806,9431504.896210657,31875803.8422267,15510.850480698806
9423700.706717415,31858749.317059528,16013.020576838571,2.688793740789054,9423364.537536714,31858346.786714993,15510.850480698806,9423792.97746692,31859265.579110347,15510.850480698806,9424036.875898115,31859151.847404066,16515.19067297833,9423608.435967905,31858233.055008713,16515.19067297833
9424129.146647621,31859668.10945488,16013.020576838571,2.5944444813176153,9423792.97746692,31859265.579110347,15510.850480698806,9424221.41739713,31860184.371505696,15510.850480698806,9424465.315828322,31860070.639799424,16515.19067297833,9424036.875898115,31859151.847404066,16515.19067297833
9424557.58657783,31860586.901850235,16013.020576838571,2.1178454476949518,9424221.41739713,31860184.371505696,15510.850480698806,9424649.857327336,31861103.16390105,15510.850480698806,9424893.75575853,31860989.432194773,16515.19067297833,9424465.315828322,31860070.639799424,16515.19067297833
9424986.026508037,31861505.694245588,16013.020576838571,2.079699299002784,9424649.857327336,31861103.16390105,15510.850480698806,9425078.297257543,31862021.956296403,15510.850480698806,9425322.195688738,31861908.224590126,16515.19067297833,9424893.75575853,31860989.432194773,16515.19067297833
9425414.466438243,31862424.48664094,16013.020576838571,1.732914995100937,9425078.297257543,31862021.956296403,15510.850480698806,9425506.737187753,31862940.74869176,15510.850480698806,9425750.635618944,31862827.01698548,16515.19067297833,9425322.195688738,31861908.224590126,16515.19067297833
9425842.906368453,31863343.2790363,16013.020576838571,1.901248132996224,9425506.737187753,31862940.74869176,15510.850480698806,9425935.17711796,31863859.54108711,15510.850480698806,9426179.075549154,31863745.809380833,16515.19067297833,9425750.635618944,31862827.01698548,16515.19067297833
9426271.34629866,31864262.071431648,16013.020576838571,1.5607157422671485,9425935.17711796,31863859.54108711,15510.850480698806,9426363.617048169,31864778.333482463,15510.850480698806,9426607.51547936,31864664.601776186,16515.19067297833,9426179.075549154,31863745.809380833,16515.19067297833
9426699.786228867,31865180.863826998,16013.020576838571,1.28078255417779,9426363.617048169,31864778.333482463,15510.850480698806,9426792.056978375,31865697.125877813,15510.850480698806,9427035.955409566,31865583.39417154,16515.19067297833,9426607.51547936,31864664.601776186,16515.19067297833
9427128.226159075,31866099.65622235,16013.020576838571,1.1387310443001832,9426792.056978375,31865697.125877813,15510.850480698806,9427220.496908583,31866615.91827317,15510.850480698806,9427464.395339776,31866502.18656689,16515.19067297833,9427035.955409566,31865583.39417154,16515.19067297833
9427556.666089281,31867018.448617704,16013.020576838571,1.095699151141917,9427220.496908583,31866615.91827317,15510.850480698806,9427648.93683879,31867534.710668523,15510.850480698806,9427892.835269982,31867420.978962243,16515.19067297833,9427464.395339776,31866502.18656689,16515.19067297833
9427985.106019491,31867937.24101306,16013.020576838571,1.0731757348571538,9427648.93683879,31867534.710668523,15510.850480698806,9428077.376768997,31868453.503063872,15510.850480698806,9428321.27520019,31868339.771357596,16515.19067297833,9427892.835269982,31867420.978962243,16515.19067297833
9428413.545949697,31868856.03340841,16013.020576838571,1.040880129593275,9428077.376768997,31868453.503063872,15510.850480698806,9428505.816699205,31869372.295459226,15510.850480698806,9428749.715130398,31869258.56375295,16515.19067297833,9428321.27520019,31868339.771357596,16515.19067297833
9428841.985879906,31869774.825803764,16013.020576838571,0.7029254913217146,9428505.816699205,31869372.295459226,15510.850480698806,9428934.256629413,31870291.08785458,15510.850480698806,9429178.155060606,31870177.356148303,16515.19067297833,9428749.715130398,31869258.56375295,16515.19067297833
9429270.425810115,31870693.618199117,16013.020576838571,0.4230642554767407,9428934.256629413,31870291.08785458,15510.850480698806,9429362.696559621,31871209.880249936,15510.850480698806,9429606.594990814,31871096.148543656,16515.19067297833,9429178.155060606,31870177.356148303,16515.19067297833
9429698.865740322,31871612.410594475,16013.020576838571,0.4691846315971107,9429362.696559621,31871209.880249936,15510.850480698806,9429791.136489829,31872128.672645286,15510.850480698806,9430035.03492102,31872014.94093901,16515.19067297833,9429606.594990814,31871096.148543656,16515.19067297833
9430127.305670528,31872531.202989824,16013.020576838571,0.46470554815181875,9429791.136489829,31872128.672645286,15510.850480698806,9430219.576420035,31873047.46504064,15510.850480698806,9430463.474851228,31872933.733334363,16515.19067297833,9430035.03492102,31872014.94093901,16515.19067297833
9430555.745600738,31873449.995385177,16013.020576838571,0.6318927805316542,9430219.576420035,31873047.46504064,15510.850480698806,9430648.016350243,31873966.257435992,15510.850480698806,9430891.914781436,31873852.525729716,16515.19067297833,9430463.474851228,31872933.733334363,16515.19067297833
9430984.185530944,31874368.78778053,16013.020576838571,0.5721648091286716,9430648.016350243,31873966.257435992,15510.850480698806,9431076.456280451,31874885.049831346,15510.850480698806,9431320.354711642,31874771.31812507,16515.19067297833,9430891.914781436,31873852.525729716,16515.19067297833
9431412.625461152,31875287.58017588,16013.020576838571,0.7155709137168287,9431076.456280451,31874885.049831346,15510.850480698806,9431504.896210657,31875803.8422267,15510.850480698806,9431748.79464185,31875690.11052042,16515.19067297833,9431320.354711642,31874771.31812507,16515.19067297833
9431841.06539136,31876206.372571234,16013.020576838571,0.7448019912575321,9431504.896210657,31875803.8422267,15510.850480698806,9431933.336140865,31876722.63462205,15510.850480698806,9432177.234572059,31876608.902915772,16515.19067297833,9431748.79464185,31875690.11052042,16515.19067297833
9423944.605148606,31858635.58535325,17017.36076911809,0.9601544666077421,9423608.435967905,31858233.055008713,16515.19067297833,9424036.875898115,31859151.847404066,16515.19067297833,9424280.774329307,31859038.11569779,17519.530865257857,9423852.334399099,31858119.32330244,17519.530865257857
9424373.045078816,31859554.377748605,17017.36076911809,1.014129633824653,9424036.875898115,31859151.847404066,16515.19067297833,9424465.315828322,31860070.639799424,16515.19067297833,9424709.214259515,31859956.908093143,17519.530865257857,9424280.774329307,31859038.11569779,17519.530865257857
9424801.48500902,31860473.170143954,17017.36076911809,1.0614958911278056,9424465.315828322,31860070.639799424,16515.19067297833,9424893.75575853,31860989.432194773,16515.19067297833,9425137.65418972,31860875.700488497,17519.530865257857,9424709.214259515,31859956.908093143,17519.530865257857
9425229.924939228,31861391.96253931,17017.36076911809,0.9038810953684712,9424893.75575853,31860989.432194773,16515.19067297833,9425322.195688738,31861908.224590126,16515.19067297833,9425566.094119929,31861794.492883846,17519.530865257857,9425137.65418972,31860875.700488497,17519.530865257857
9425658.364869438,31862310.754934665,17017.36076911809,0.7352659447098315,9425322.195688738,31861908.224590126,16515.19067297833,9425750.635618944,31862827.01698548,16515.19067297833,9425994.534050139,31862713.285279203,17519.530865257857,9425566.094119929,31861794.492883846,17519.530865257857
9426086.804799644,31863229.547330018,17017.36076911809,0.5277321662195292,9425750.635618944,31862827.01698548,16515.19067297833,9426179.075549154,31863745.809380833,16515.19067297833,9426422.973980345,31863632.077674557,17519.530865257857,9425994.534050139,31862713.285279203,17519.530865257857
9426515.244729854,31864148.33972537,17017.36076911809,0.6406667138441124,9426179.075549154,31863745.809380833,16515.19067297833,9426607.51547936,31864664.601776186,16515.19067297833,9426851.413910551,31864550.87006991,17519.530865257857,9426422.973980345,31863632.077674557,17519.530865257857
9426943.68466006,31865067.13212072,17017.36076911809,1.073531532072155,9426607.51547936,31864664.601776186,16515.19067297833,9427035.955409566,31865583.39417154,16515.19067297833,9427279.85384076,31865469.66246526,17519.530865257857,9426851.413910551,31864550.87006991,17519.530865257857
9427372.124590266,31865985.924516074,17017.36076911809,1.0855009612113256,9427035.955409566,31865583.39417154,16515.19067297833,9427464.395339776,31866502.18656689,16515.19067297833,9427708.293770967,31866388.454860616,17519.530865257857,9427279.85384076,31865469.66246526,17519.530865257857
9427800.564520476,31866904.71691143,17017.36076911809,1.1672595724160255,9427464.395339776,31866502.18656689,16515.19067297833,9427892.835269982,31867420.978962243,16515.19067297833,9428136.733701175,31867307.24725597,17519.530865257857,9427708.293770967,31866388.454860616,17519.530865257857
9428229.004450683,31867823.50930678,17017.36076911809,1.0159766584804644,9427892.835269982,31867420.978962243,16515.19067297833,9428321.27520019,31868339.771357596,16515.19067297833,9428565.173631383,31868226.03965132,17519.530865257857,9428136.733701175,31867307.24725597,17519.530865257857
9428657.444380889,31868742.301702134,17017.36076911809,0.9212350056511467,9428321.27520019,31868339.771357596,16515.19067297833,9428749.715130398,31869258.56375295,16515.19067297833,9428993.61356159,31869144.832046673,17519.530865257857,9428565.173631383,31868226.03965132,17519.530865257857
9429085.884311099,31869661.09409749,17017.36076911809,0.9873456484666481,9428749.715130398,31869258.56375295,16515.19067297833,9429178.155060606,31870177.356148303,16515.19067297833,9429422.0534918,31870063.624442026,17519.530865257857,9428993.61356159,31869144.832046673,17519.530865257857
9429514.324241305,31870579.886492845,17017.36076911809,0.5265272803957188,9429178.155060606,31870177.356148303,16515.19067297833,9429606.594990814,31871096.148543656,16515.19067297833,9429850.493422005,31870982.416837383,17519.530865257857,9429422.0534918,31870063.624442026,17519.530865257857
9429942.764171515,31871498.678888194,17017.36076911809,0.4336539052640584,9429606.594990814,31871096.148543656,16515.19067297833,9430035.03492102,31872014.94093901,16515.19067297833,9430278.933352211,31871901.209232733,17519.530865257857,9429850.493422005,31870982.416837383,17519.530865257857
9430371.20410172,31872417.471283548,17017.36076911809,0.4726096048282994,9430035.03492102,31872014.94093901,16515.19067297833,9430463.474851228,31872933.733334363,16515.19067297833,9430707.373282421,31872820.001628086,17519.530865257857,9430278.933352211,31871901.209232733,17519.530865257857
9430799.644031927,31873336.263678897,17017.36076911809,0.34689003710315836,9430463.474851228,31872933.733334363,16515.19067297833,9430891.914781436,31873852.525729716,16515.19067297833,9431135.813212628,31873738.794023436,17519.530865257857,9430707.373282421,31872820.001628086,17519.530865257857
9431228.083962137,31874255.056074254,17017.36076911809,0.28911035340401303,9430891.914781436,31873852.525729716,16515.19067297833,9431320.354711642,31874771.31812507,16515.19067297833,9431564.253142836,31874657.586418793,17519.530865257857,9431135.813212628,31873738.794023436,17519.530865257857
9431656.523892343,31875173.848469608,17017.36076911809,0.33420242860387156,9431320.354711642,31874771.31812507,16515.19067297833,9431748.79464185,31875690.11052042,16515.19067297833,9431992.693073044,31875576.378814146,17519.530865257857,9431564.253142836,31874657.586418793,17519.530865257857
9432084.96382255,31876092.640864957,17017.36076911809,0.268133599467028,9431748.79464185,31875690.11052042,16515.19067297833,9432177.234572059,31876608.902915772,16515.19067297833,9432421.13300325,31876495.171209496,17519.530865257857,9431992.693073044,31875576.378814146,17519.530865257857
9424188.5035798,31858521.853646975,18021.700961397615,0.19543126750006107,9423852.334399099,31858119.32330244,17519.530865257857,9424280.774329307,31859038.11569779,17519.530865257857,9424524.6727605,31858924.383991513,18523.871057537377,9424096.232830292,31858005.59159616,18523.871057537377
9424616.943510007,31859440.64604233,18021.700961397615,0.3325918111517966,9424280.774329307,31859038.11569779,17519.530865257857,9424709.214259515,31859956.908093143,17519.530865257857,9424953.112690706,31859843.176386863,18523.871057537377,9424524.6727605,31858924.383991513,18523.871057537377
9425045.383440215,31860359.43843768,18021.700961397615,0.35539601207403704,9424709.214259515,31859956.908093143,17519.530865257857,9425137.65418972,31860875.700488497,17519.530865257857,9425381.552620914,31860761.96878222,18523.871057537377,9424953.112690706,31859843.176386863,18523.871057537377
9425473.823370421,31861278.23083303,18021.700961397615,0.22031429402080246,9425137.65418972,31860875.700488497,17519.530865257857,9425566.094119929,31861794.492883846,17519.530865257857,9425809.992551122,31861680.761177573,18523.871057537377,9425381.552620914,31860761.96878222,18523.871057537377
9425902.26330063,31862197.02322839,18021.700961397615,0.30871341040071815,9425566.094119929,31861794.492883846,17519.530865257857,9425994.534050139,31862713.285279203,17519.530865257857,9426238.43248133,31862599.553572927,18523.871057537377,9425809.992551122,31861680.761177573,18523.871057537377
9426330.70323084,31863115.81562374,18021.700961397615,0.4834273598531483,9425994.534050139,31862713.285279203,17519.530865257857,9426422.973980345,31863632.077674557,17519.530865257857,9426666.872411538,31863518.345968276,18523.871057537377,9426238.43248133,31862599.553572927,18523.871057537377
9426759.143161044,31864034.608019095,18021.700961397615,0.7451103395869464,9426422.973980345,31863632.077674557,17519.530865257857,9426851.413910551,31864550.87006991,17519.530865257857,9427095.312341744,31864437.138363633,18523.871057537377,9426666.872411538,31863518.345968276,18523.871057537377
9427187.583091252,31864953.40041445,18021.700961397615,1.2127003827143514,9426851.413910551,31864550.87006991,17519.530865257857,9427279.85384076,31865469.66246526,17519.530865257857,9427523.752271952,31865355.930758987,18523.871057537377,9427095.312341744,31864437.138363633,18523.871057537377
9427616.023021461,31865872.192809798,18021.700961397615,0.746202638252476,9427279.85384076,31865469.66246526,17519.530865257857,9427708.293770967,31866388.454860616,17519.530865257857,9427952.19220216,31866274.723154336,18523.871057537377,9427523.752271952,31865355.930758987,18523.871057537377
9428044.462951666,31866790.98520515,18021.700961397615,0.9458715720103289,9427708.293770967,31866388.454860616,17519.530865257857,9428136.733701175,31867307.24725597,17519.530865257857,9428380.632132366,31867193.51554969,18523.871057537377,9427952.19220216,31866274.723154336,18523.871057537377
9428472.902881874,31867709.77760051,18021.700961397615,1.1112373699325775,9428136.733701175,31867307.24725597,17519.530865257857,9428565.173631383,31868226.03965132,17519.530865257857,9428809.072062574,31868112.307945043,18523.871057537377,9428380.632132366,31867193.51554969,18523.871057537377
9428901.342812084,31868628.569995858,18021.700961397615,1.6752487761517958,9428565.173631383,31868226.03965132,17519.530865257857,9428993.61356159,31869144.832046673,17519.530865257857,9429237.511992782,31869031.100340396,18523.871057537377,9428809.072062574,31868112.307945043,18523.871057537377
9429329.78274229,31869547.36239121,18021.700961397615,1.8202891269126937,9428993.61356159,31869144.832046673,17519.530865257857,9429422.0534918,31870063.624442026,17519.530865257857,9429665.95192299,31869949.89273575,18523.871057537377,9429237.511992782,31869031.100340396,18523.871057537377
9429758.2226725,31870466.154786568,18021.700961397615,1.4783679000896484,9429422.0534918,31870063.624442026,17519.530865257857,9429850.493422005,31870982.416837383,17519.530865257857,9430094.391853198,31870868.685131103,18523.871057537377,9429665.95192299,31869949.89273575,18523.871057537377
9430186.662602706,31871384.947181918,18021.700961397615,0.6785010354547055,9429850.493422005,31870982.416837383,17519.530865257857,9430278.933352211,31871901.209232733,17519.530865257857,9430522.831783406,31871787.477526456,18523.871057537377,9430094.391853198,31870868.685131103,18523.871057537377
9430615.102532912,31872303.73957727,18021.700961397615,0.5440440066565297,9430278.933352211,31871901.209232733,17519.530865257857,9430707.373282421,31872820.001628086,17519.530865257857,9430951.271713613,31872706.26992181,18523.871057537377,9430522.831783406,31871787.477526456,18523.871057537377
9431043.542463122,31873222.531972624,18021.700961397615,0.3000972469675378,9430707.373282421,31872820.001628086,17519.530865257857,9431135.813212628,31873738.794023436,17519.530865257857,9431379.71164382,31873625.062317163,18523.871057537377,9430951.271713613,31872706.26992181,18523.871057537377
9431471.982393328,31874141.324367974,18021.700961397615,0.1912678420798013,9431135.813212628,31873738.794023436,17519.530865257857,9431564.253142836,31874657.586418793,17519.530865257857,9431808.151574029,31874543.854712512,18523.871057537377,9431379.71164382,31873625.062317163,18523.871057537377
9431900.422323534,31875060.116763327,18021.700961397615,0.2520653434368038,9431564.253142836,31874657.586418793,17519.530865257857,9431992.693073044,31875576.378814146,17519.530865257857,9432236.591504235,31875462.647107866,18523.871057537377,9431808.151574029,31874543.854712512,18523.871057537377
9432328.862253744,31875978.909158684,18021.700961397615,0.2651137910197656,9431992.693073044,31875576.378814146,17519.530865257857,9432421.13300325,31876495.171209496,17519.530865257857,9432665.031434443,31876381.43950322,18523.871057537377,9432236.591504235,31875462.647107866,18523.871057537377
9424432.402010992,31858408.1219407,19026.041153677143,0.05733737332269695,9424096.232830292,31858005.59159616,18523.871057537377,9424524.6727605,31858924.383991513,18523.871057537377,9424768.57119169,31858810.652285237,19528.2112498169,9424340.131261485,31857891.859889884,19528.2112498169
9424860.8419412,31859326.91433605,19026.041153677143,0.046554363697910536,9424524.6727605,31858924.383991513,18523.871057537377,9424953.112690706,31859843.176386863,18523.871057537377,9425197.011121899,31859729.44468059,19528.2112498169,9424768.57119169,31858810.652285237,19528.2112498169
9425289.281871406,31860245.7067314,19026.041153677143,0.05574601459300183,9424953.112690706,31859843.176386863,18523.871057537377,9425381.552620914,31860761.96878222,18523.871057537377,9425625.451052107,31860648.23707594,19528.2112498169,9425197.011121899,31859729.44468059,19528.2112498169
9425717.721801614,31861164.49912676,19026.041153677143,0.08601683816425705,9425381.552620914,31860761.96878222,18523.871057537377,9425809.992551122,31861680.761177573,18523.871057537377,9426053.890982313,31861567.029471293,19528.2112498169,9425625.451052107,31860648.23707594,19528.2112498169
9426146.161731822,31862083.29152211,19026.041153677143,0.17957017766968614,9425809.992551122,31861680.761177573,18523.871057537377,9426238.43248133,31862599.553572927,18523.871057537377,9426482.330912523,31862485.82186665,19528.2112498169,9426053.890982313,31861567.029471293,19528.2112498169
9426574.60166203,31863002.083917465,19026.041153677143,0.25900682829268146,9426238.43248133,31862599.553572927,18523.871057537377,9426666.872411538,31863518.345968276,18523.871057537377,9426910.77084273,31863404.614262003,19528.2112498169,9426482.330912523,31862485.82186665,19528.2112498169
9427003.041592237,31863920.876312815,19026.041153677143,0.29467857081044285,9426666.872411538,31863518.345968276,18523.871057537377,9427095.312341744,31864437.138363633,18523.871057537377,9427339.210772937,31864323.406657353,19528.2112498169,9426910.77084273,31863404.614262003,19528.2112498169
9427431.481522445,31864839.668708168,19026.041153677143,0.34005459026057816,9427095.312341744,31864437.138363633,18523.871057537377,9427523.752271952,31865355.930758987,18523.871057537377,9427767.650703145,31865242.199052706,19528.2112498169,9427339.210772937,31864323.406657353,19528.2112498169
9427859.921452653,31865758.461103525,19026.041153677143,0.3374526296421017,9427523.752271952,31865355.930758987,18523.871057537377,9427952.19220216,31866274.723154336,18523.871057537377,9428196.090633351,31866160.99144806,19528.2112498169,9427767.650703145,31865242.199052706,19528.2112498169
9428288.36138286,31866677.253498875,19026.041153677143,0.25737318119198577,9427952.19220216,31866274.723154336,18523.871057537377,9428380.632132366,31867193.51554969,18523.871057537377,9428624.53056356,31867079.783843413,19528.2112498169,9428196.090633351,31866160.99144806,19528.2112498169
9428716.801313067,31867596.045894228,19026.041153677143,0.3019594510790485,9428380.632132366,31867193.51554969,18523.871057537377,9428809.072062574,31868112.307945043,18523.871057537377,9429052.970493767,31867998.576238766,19528.2112498169,9428624.53056356,31867079.783843413,19528.2112498169
9429145.241243275,31868514.83828958,19026.041153677143,0.7171838814334716,9428809.072062574,31868112.307945043,18523.871057537377,9429237.511992782,31869031.100340396,18523.871057537377,9429481.410423974,31868917.36863412,19528.2112498169,9429052.970493767,31867998.576238766,19528.2112498169
9429573.681173483,31869433.630684935,19026.041153677143,1.0440099150838105,9429237.511992782,31869031.100340396,18523.871057537377,9429665.95192299,31869949.89273575,18523.871057537377,9429909.850354183,31869836.161029473,19528.2112498169,9429481.410423974,31868917.36863412,19528.2112498169
9430002.12110369,31870352.423080288,19026.041153677143,1.0235284001566944,9429665.95192299,31869949.89273575,18523.871057537377,9430094.391853198,31870868.685131103,18523.871057537377,9430338.29028439,31870754.953424826,19528.2112498169,9429909.850354183,31869836.161029473,19528.2112498169
9430430.561033897,31871271.215475645,19026.041153677143,0.7424242426044771,9430094.391853198,31870868.685131103,18523.871057537377,9430522.831783406,31871787.477526456,18523.871057537377,9430766.730214598,31871673.74582018,19528.2112498169,9430338.29028439,31870754.953424826,19528.2112498169
9430859.000964107,31872190.007870995,19026.041153677143,0.3922966032392493,9430522.831783406,31871787.477526456,18523.871057537377,9430951.271713613,31872706.26992181,18523.871057537377,9431195.170144806,31872592.538215533,19528.2112498169,9430766.730214598,31871673.74582018,19528.2112498169
9431287.440894311,31873108.800266344,19026.041153677143,0.2662343572623757,9430951.271713613,31872706.26992181,18523.871057537377,9431379.71164382,31873625.062317163,18523.871057537377,9431623.610075012,31873511.330610882,19528.2112498169,9431195.170144806,31872592.538215533,19528.2112498169
9431715.880824521,31874027.5926617,19026.041153677143,0.2572363384426291,9431379.71164382,31873625.062317163,18523.871057537377,9431808.151574029,31874543.854712512,18523.871057537377,9432052.05000522,31874430.123006236,19528.2112498169,9431623.610075012,31873511.330610882,19528.2112498169
9432144.32075473,31874946.385057054,19026.041153677143,0.39766330739027517,9431808.151574029,31874543.854712512,18523.871057537377,9432236.591504235,31875462.647107866,18523.871057537377,9432480.489935428,31875348.915401593,19528.2112498169,9432052.05000522,31874430.123006236,19528.2112498169
9432572.760684934,31875865.177452404,19026.041153677143,0.6393321582006829,9432236.591504235,31875462.647107866,18523.871057537377,9432665.031434443,31876381.43950322,18523.871057537377,9432908.929865634,31876267.707796942,19528.2112498169,9432480.489935428,31875348.915401593,19528.2112498169
9424676.300442183,31858294.390234422,20030.381345956663,0.036172162814715934,9424340.131261485,31857891.859889884,19528.2112498169,9424768.57119169,31858810.652285237,19528.2112498169,9425012.469622884,31858696.92057896,20532.551442096425,9424584.029692676,31857778.128183607,20532.551442096425
9425104.740372391,31859213.182629775,20030.381345956663,0.03445396248567982,9424768.57119169,31858810.652285237,19528.2112498169,9425197.011121899,31859729.44468059,19528.2112498169,9425440.909553092,31859615.71297431,20532.551442096425,9425012.469622884,31858696.92057896,20532.551442096425
9425533.180302598,31860131.97502513,20030.381345956663,0.021847953005631266,9425197.011121899,31859729.44468059,19528.2112498169,9425625.451052107,31860648.23707594,19528.2112498169,9425869.349483298,31860534.505369667,20532.551442096425,9425440.909553092,31859615.71297431,20532.551442096425
9425961.620232806,31861050.767420482,20030.381345956663,0.022798172236590367,9425625.451052107,31860648.23707594,19528.2112498169,9426053.890982313,31861567.029471293,19528.2112498169,9426297.789413506,31861453.29776502,20532.551442096425,9425869.349483298,31860534.505369667,20532.551442096425
9426390.060163014,31861969.559815835,20030.381345956663,0.03646381462815961,9426053.890982313,31861567.029471293,19528.2112498169,9426482.330912523,31862485.82186665,19528.2112498169,9426726.229343714,31862372.090160374,20532.551442096425,9426297.789413506,31861453.29776502,20532.551442096425
9426818.500093224,31862888.352211185,20030.381345956663,0.06657970885305085,9426482.330912523,31862485.82186665,19528.2112498169,9426910.77084273,31863404.614262003,19528.2112498169,9427154.66927392,31863290.882555723,20532.551442096425,9426726.229343714,31862372.090160374,20532.551442096425
9427246.94002343,31863807.14460654,20030.381345956663,0.0676647009477131,9426910.77084273,31863404.614262003,19528.2112498169,9427339.210772937,31864323.406657353,19528.2112498169,9427583.10920413,31864209.674951077,20532.551442096425,9427154.66927392,31863290.882555723,20532.551442096425
9427675.379953638,31864725.937001895,20030.381345956663,0.14161275434162252,9427339.210772937,31864323.406657353,19528.2112498169,9427767.650703145,31865242.199052706,19528.2112498169,9428011.549134336,31865128.467346434,20532.551442096425,9427583.10920413,31864209.674951077,20532.551442096425
9428103.819883846,31865644.729397245,20030.381345956663,0.27697755524424345,9427767.650703145,31865242.199052706,19528.2112498169,9428196.090633351,31866160.99144806,19528.2112498169,9428439.989064544,31866047.259741783,20532.551442096425,9428011.549134336,31865128.467346434,20532.551442096425
9428532.259814052,31866563.521792598,20030.381345956663,0.3869028847231859,9428196.090633351,31866160.99144806,19528.2112498169,9428624.53056356,31867079.783843413,19528.2112498169,9428868.428994752,31866966.052137136,20532.551442096425,9428439.989064544,31866047.259741783,20532.551442096425
9428960.69974426,31867482.31418795,20030.381345956663,0.4304041857055694,9428624.53056356,31867079.783843413,19528.2112498169,9429052.970493767,31867998.576238766,19528.2112498169,9429296.868924959,31867884.844532486,20532.551442096425,9428868.428994752,31866966.052137136,20532.551442096425
9429389.139674468,31868401.106583305,20030.381345956663,0.316801232200817,9429052.970493767,31867998.576238766,19528.2112498169,9429481.410423974,31868917.36863412,19528.2112498169,9429725.308855167,31868803.636927843,20532.551442096425,9429296.868924959,31867884.844532486,20532.551442096425
9429817.579604674,31869319.898978658,20030.381345956663,0.27226201396236605,9429481.410423974,31868917.36863412,19528.2112498169,9429909.850354183,31869836.161029473,19528.2112498169,9430153.748785375,31869722.429323196,20532.551442096425,9429725.308855167,31868803.636927843,20532.551442096425
9430246.019534882,31870238.69137401,20030.381345956663,0.2100614857471192,9429909.850354183,31869836.161029473,19528.2112498169,9430338.29028439,31870754.953424826,19528.2112498169,9430582.188715583,31870641.22171855,20532.551442096425,9430153.748785375,31869722.429323196,20532.551442096425
9430674.45946509,31871157.48376936,20030.381345956663,0.17395541460429254,9430338.29028439,31870754.953424826,19528.2112498169,9430766.730214598,31871673.74582018,19528.2112498169,9431010.62864579,31871560.0141139,20532.551442096425,9430582.188715583,31870641.22171855,20532.551442096425
9431102.899395298,31872076.27616472,20030.381345956663,0.11175581583843744,9430766.730214598,31871673.74582018,19528.2112498169,9431195.170144806,31872592.538215533,19528.2112498169,9431439.068575997,31872478.806509253,20532.551442096425,9431010.62864579,31871560.0141139,20532.551442096425
9431531.339325506,31872995.06856007,20030.381345956663,0.11825298444688566,9431195.170144806,31872592.538215533,19528.2112498169,9431623.610075012,31873511.330610882,19528.2112498169,9431867.508506207,31873397.59890461,20532.551442096425,9431439.068575997,31872478.806509253,20532.551442096425
9431959.779255712,31873913.86095542,20030.381345956663,0.23719045988305162,9431623.610075012,31873511.330610882,19528.2112498169,9432052.05000522,31874430.123006236,19528.2112498169,9432295.948436413,31874316.39129996,20532.551442096425,9431867.508506207,31873397.59890461,20532.551442096425
9432388.21918592,31874832.653350774,20030.381345956663,0.3430134801513998,9432052.05000522,31874430.123006236,19528.2112498169,9432480.489935428,31875348.915401593,19528.2112498169,9432724.38836662,31875235.183695313,20532.551442096425,9432295.948436413,31874316.39129996,20532.551442096425
9432816.659116128,31875751.445746128,20030.381345956663,0.6909438232263494,9432480.489935428,31875348.915401593,19528.2112498169,9432908.929865634,31876267.707796942,19528.2112498169,9433152.828296829,31876153.976090666,20532.551442096425,9432724.38836662,31875235.183695313,20532.551442096425
