clon,clat,cdep,slip,lon1,lat1,dep1,lon2,lat2,dep2,lon3,lat3,dep3,lon4,lat4,dep4
9416199.828952298,31840027.03569182,488.7804878048781,1.6492663062272197,9415904.03534656,31839596.77695812,1.0,9416249.802887298,31840546.765468672,1.0,9416495.622558037,31840457.29442553,976.5609756097562,9416149.8550173,31839507.305914972,976.5609756097562
9416545.596493037,31840977.024202377,488.7804878048781,1.4863066352155887,9416249.802887298,31840546.765468672,1.0,9416595.570428034,31841496.753979232,1.0,9416841.390098775,31841407.282936085,976.5609756097562,9416495.622558037,31840457.29442553,976.5609756097562
9416891.364033772,31841927.012712933,488.7804878048781,1.280111201525151,9416595.570428034,31841496.753979232,1.0,9416941.337968772,31842446.74248979,1.0,9417187.15763951,31842357.27144664,976.5609756097562,9416841.390098775,31841407.282936085,976.5609756097562
9417237.131574512,31842877.00122349,488.7804878048781,1.1478477225247956,9416941.337968772,31842446.74248979,1.0,9417287.10550951,31843396.73100034,1.0,9417532.925180249,31843307.259957198,976.5609756097562,9417187.15763951,31842357.27144664,976.5609756097562
9417582.899115248,31843826.989734046,488.7804878048781,1.4285032175146541,9417287.10550951,31843396.73100034,1.0,9417632.873050248,31844346.7195109,1.0,9417878.692720985,31844257.248467755,976.5609756097562,9417532.925180249,31843307.259957198,976.5609756097562
9417928.666655986,31844776.978244606,488.7804878048781,1.766526292022512,9417632.873050248,31844346.7195109,1.0,9417978.640590986,31845296.70802146,1.0,9418224.460261725,31845207.23697831,976.5609756097562,9417878.692720985,31844257.248467755,976.5609756097562
9418274.434196724,31845726.96675516,488.7804878048781,1.007394077236231,9417978.640590986,31845296.70802146,1.0,9418324.408131722,31846246.69653201,1.0,9418570.227802461,31846157.225488868,976.5609756097562,9418224.460261725,31845207.23697831,976.5609756097562
9418620.20173746,31846676.955265716,488.7804878048781,0.9690427882737992,9418324.408131722,31846246.69653201,1.0,9418670.17567246,31847196.68504257,1.0,9418915.995343199,31847107.213999424,976.5609756097562,9418570.227802461,31846157.225488868,976.5609756097562
9418965.969278198,31847626.943776276,488.7804878048781,0.7896148504960117,9418670.17567246,31847196.68504257,1.0,9419015.943213196,31848146.673553124,1.0,9419261.762883937,31848057.20250998,976.5609756097562,9418915.995343199,31847107.213999424,976.5609756097562
9419311.736818934,31848576.93228683,488.7804878048781,0.6294900871024621,9419015.943213196,31848146.673553124,1.0,9419361.710753936,31849096.662063684,1.0,9419607.530424673,31849007.191020537,976.5609756097562,9419261.762883937,31848057.20250998,976.5609756097562
9419657.504359674,31849526.920797385,488.7804878048781,0.8133386259276806,9419361.710753936,31849096.662063684,1.0,9419707.478294672,31850046.65057424,1.0,9419953.297965411,31849957.179531094,976.5609756097562,9419607.530424673,31849007.191020537,976.5609756097562
9420003.27190041,31850476.909307946,488.7804878048781,0.8558086869303553,9419707.478294672,31850046.65057424,1.0,9420053.24583541,31850996.639084797,1.0,9420299.06550615,31850907.16804165,976.5609756097562,9419953.297965411,31849957.179531094,976.5609756097562
9420349.03944115,31851426.8978185,488.7804878048781,0.5605548787316109,9420053.24583541,31850996.639084797,1.0,9420399.013376147,31851946.627595354,1.0,9420644.833046887,31851857.156552207,976.5609756097562,9420299.06550615,31850907.16804165,976.5609756097562
9420694.806981886,31852376.88632906,488.7804878048781,0.5902064058190357,9420399.013376147,31851946.627595354,1.0,9420744.780916886,31852896.61610591,1.0,9420990.600587623,31852807.145062763,976.5609756097562,9420644.833046887,31851857.156552207,976.5609756097562
9421040.574522624,31853326.874839615,488.7804878048781,0.7421194642388431,9420744.780916886,31852896.61610591,1.0,9421090.548457623,31853846.604616463,1.0,9421336.368128361,31853757.13357332,976.5609756097562,9420990.600587623,31852807.145062763,976.5609756097562
9421386.34206336,31854276.863350168,488.7804878048781,0.9545527965711023,9421090.548457623,31853846.604616463,1.0,9421436.31599836,31854796.593127023,1.0,9421682.1356691,31854707.122083876,976.5609756097562,9421336.368128361,31853757.13357332,976.5609756097562
9421732.109604098,31855226.851860728,488.7804878048781,1.2003387632417952,9421436.31599836,31854796.593127023,1.0,9421782.083539099,31855746.581637576,1.0,9422027.903209837,31855657.110594433,976.5609756097562,9421682.1356691,31854707.122083876,976.5609756097562
9422077.877144834,31856176.840371285,488.7804878048781,1.6140820536028673,9421782.083539099,31855746.581637576,1.0,9422127.851079835,31856696.570148136,1.0,9422373.670750573,31856607.09910499,976.5609756097562,9422027.903209837,31855657.110594433,976.5609756097562
9422423.644685572,31857126.828881837,488.7804878048781,2.2854871994721075,9422127.851079835,31856696.570148136,1.0,9422473.618620573,31857646.558658693,1.0,9422719.438291311,31857557.087615546,976.5609756097562,9422373.670750573,31856607.09910499,976.5609756097562
9422769.41222631,31858076.817392398,488.7804878048781,2.0738129785103823,9422473.618620573,31857646.558658693,1.0,9422819.38616131,31858596.54716925,1.0,9423065.20583205,31858507.076126106,976.5609756097562,9422719.438291311,31857557.087615546,976.5609756097562
9423115.179767048,31859026.805902954,488.7804878048781,1.7967740569174826,9422819.38616131,31858596.54716925,1.0,9423165.153702049,31859546.535679806,1.0,9423410.973372785,31859457.06463666,976.5609756097562,9423065.20583205,31858507.076126106,976.5609756097562
9423460.947307786,31859976.79441351,488.7804878048781,1.7829523337518938,9423165.153702049,31859546.535679806,1.0,9423510.921242785,31860496.52419036,1.0,9423756.740913523,31860407.05314721,976.5609756097562,9423410.973372785,31859457.06463666,976.5609756097562
9423806.714848522,31860926.782924067,488.7804878048781,1.8228709109152155,9423510.921242785,31860496.52419036,1.0,9423856.688783523,31861446.512700915,1.0,9424102.508454261,31861357.041657772,976.5609756097562,9423756.740913523,31860407.05314721,976.5609756097562
9424152.482389262,31861876.771434624,488.7804878048781,1.3328139388714393,9423856.688783523,31861446.512700915,1.0,9424202.456324259,31862396.501211476,1.0,9424448.275995,31862307.03016833,976.5609756097562,9424102.508454261,31861357.041657772,976.5609756097562
9424498.249929996,31862826.75994518,488.7804878048781,0.4082917669084516,9424202.456324259,31862396.501211476,1.0,9424548.223864997,31863346.489722032,1.0,9424794.043535735,31863257.018678885,976.5609756097562,9424448.275995,31862307.03016833,976.5609756097562
9424844.017470736,31863776.748455737,488.7804878048781,0.12169218223851129,9424548.223864997,31863346.489722032,1.0,9424893.991405733,31864296.47823259,1.0,9425139.811076473,31864207.00718944,976.5609756097562,9424794.043535735,31863257.018678885,976.5609756097562
9425189.785011472,31864726.736966293,488.7804878048781,0.18446533613486815,9424893.991405733,31864296.47823259,1.0,9425239.758946473,31865246.466743145,1.0,9425485.57861721,31865156.995699998,976.5609756097562,9425139.811076473,31864207.00718944,976.5609756097562
9425535.55255221,31865676.72547685,488.7804878048781,0.281256048959981,9425239.758946473,31865246.466743145,1.0,9425585.526487209,31866196.455253698,1.0,9425831.346157948,31866106.984210555,976.5609756097562,9425485.57861721,31865156.995699998,976.5609756097562
9425881.320092946,31866626.713987406,488.7804878048781,0.23771901992681171,9425585.526487209,31866196.455253698,1.0,9425931.294027947,31867146.44376426,1.0,9426177.113698686,31867056.97272111,976.5609756097562,9425831.346157948,31866106.984210555,976.5609756097562
9426227.087633684,31867576.702497967,488.7804878048781,0.3328793062559971,9425931.294027947,31867146.44376426,1.0,9426277.061568685,31868096.43227481,1.0,9426522.881239424,31868006.961231664,976.5609756097562,9426177.113698686,31867056.97272111,976.5609756097562
9426572.855174422,31868526.691008516,488.7804878048781,0.4053542542192585,9426277.061568685,31868096.43227481,1.0,9426622.829109423,31869046.420785367,1.0,9426868.64878016,31868956.949742224,976.5609756097562,9426522.881239424,31868006.961231664,976.5609756097562
9426918.62271516,31869476.679519076,488.7804878048781,0.40523014378546446,9426622.829109423,31869046.420785367,1.0,9426968.59665016,31869996.409295928,1.0,9427214.416320898,31869906.93825278,976.5609756097562,9426868.64878016,31868956.949742224,976.5609756097562
9427264.390255898,31870426.668029636,488.7804878048781,0.31255378584859894,9426968.59665016,31869996.409295928,1.0,9427314.364190897,31870946.397806484,1.0,9427560.183861636,31870856.92676334,976.5609756097562,9427214.416320898,31869906.93825278,976.5609756097562
9427610.157796634,31871376.65654019,488.7804878048781,0.05944391894127695,9427314.364190897,31870946.397806484,1.0,9427660.131731635,31871896.38631704,1.0,9427905.951402372,31871806.915273894,976.5609756097562,9427560.183861636,31870856.92676334,976.5609756097562
9427955.925337374,31872326.645050745,488.7804878048781,0.03587711811451354,9427660.131731635,31871896.38631704,1.0,9428005.899272371,31872846.374827597,1.0,9428251.718943112,31872756.90378445,976.5609756097562,9427905.951402372,31871806.915273894,976.5609756097562
9428301.692878108,31873276.633561306,488.7804878048781,0.05544539470001019,9428005.899272371,31872846.374827597,1.0,9428351.66681311,31873796.36333815,1.0,9428597.486483848,31873706.892295007,976.5609756097562,9428251.718943112,31872756.90378445,976.5609756097562
9428647.460418848,31874226.622071855,488.7804878048781,0.12010091592140966,9428351.66681311,31873796.36333815,1.0,9428697.434353847,31874746.35184871,1.0,9428943.254024586,31874656.880805563,976.5609756097562,9428597.486483848,31873706.892295007,976.5609756097562
9428993.227959584,31875176.61058242,488.7804878048781,0.18511414822824593,9428697.434353847,31874746.35184871,1.0,9429043.201894585,31875696.340359267,1.0,9429289.021565322,31875606.869316116,976.5609756097562,9428943.254024586,31874656.880805563,976.5609756097562
9429338.995500322,31876126.599092975,488.7804878048781,0.3742726500400664,9429043.201894585,31875696.340359267,1.0,9429388.969435321,31876646.32886982,1.0,9429634.789106062,31876556.857826676,976.5609756097562,9429289.021565322,31875606.869316116,976.5609756097562
9429684.763041059,31877076.587603524,488.7804878048781,0.5924401645575487,9429388.969435321,31876646.32886982,1.0,9429734.73697606,31877596.31738038,1.0,9429980.556646798,31877506.846337233,976.5609756097562,9429634.789106062,31876556.857826676,976.5609756097562
9430030.530581797,31878026.57611409,488.7804878048781,1.3783923443500525,9429734.73697606,31877596.31738038,1.0,9430080.504516797,31878546.305890936,1.0,9430326.324187536,31878456.834847793,976.5609756097562,9429980.556646798,31877506.846337233,976.5609756097562
9430376.298122535,31878976.564624645,488.7804878048781,0.9316419894326091,9430080.504516797,31878546.305890936,1.0,9430426.272057533,31879496.294401493,1.0,9430672.091728272,31879406.823358346,976.5609756097562,9430326.324187536,31878456.834847793,976.5609756097562
9430722.06566327,31879926.553135194,488.7804878048781,0.9093892487990897,9430426.272057533,31879496.294401493,1.0,9430772.039598271,31880446.282912046,1.0,9431017.85926901,31880356.8118689,976.5609756097562,9430672.091728272,31879406.823358346,976.5609756097562
9431067.833204009,31880876.541645754,488.7804878048781,0.7673465544140705,9430772.039598271,31880446.282912046,1.0,9431117.80713901,31881396.271422602,1.0,9431363.626809748,31881306.80037946,976.5609756097562,9431017.85926901,31880356.8118689,976.5609756097562
9431413.600744747,31881826.530156307,488.7804878048781,0.6051370066194893,9431117.80713901,31881396.271422602,1.0,9431463.574679747,31882346.259933162,1.0,9431709.394350484,31882256.788890015,976.5609756097562,9431363.626809748,31881306.80037946,976.5609756097562
9431759.368285486,31882776.518666867,488.7804878048781,0.6458495955235052,9431463.574679747,31882346.259933162,1.0,9431809.342220483,31883296.24844372,1.0,9432055.161891224,31883206.77740057,976.5609756097562,9431709.394350484,31882256.788890015,976.5609756097562
9432105.13582622,31883726.507177424,488.7804878048781,0.6148697167858308,9431809.342220483,31883296.24844372,1.0,9432155.109761221,31884246.23695427,1.0,9432400.92943196,31884156.76591113,976.5609756097562,9432055.161891224,31883206.77740057,976.5609756097562
9432450.90336696,31884676.495687976,488.7804878048781,0.6049910236696205,9432155.109761221,31884246.23695427,1.0,9432500.877301957,31885196.225464832,1.0,9432746.696972698,31885106.754421685,976.5609756097562,9432400.92943196,31884156.76591113,976.5609756097562
9432796.670907695,31885626.484198537,488.7804878048781,0.8795133680079414,9432500.877301957,31885196.225464832,1.0,9432846.644842695,31886146.213975385,1.0,9433092.464513434,31886056.74293224,976.5609756097562,9432746.696972698,31885106.754421685,976.5609756097562
9433142.438448435,31886576.472709093,488.7804878048781,0.6727114768988418,9432846.644842695,31886146.213975385,1.0,9433192.412383433,31887096.202485945,1.0,9433438.232054172,31887006.731442798,976.5609756097562,9433092.464513434,31886056.74293224,976.5609756097562
9433488.20598917,31887526.461219646,488.7804878048781,0.7979692749256094,9433192.412383433,31887096.202485945,1.0,9433538.179924171,31888046.1909965,1.0,9433783.999594908,31887956.71995335,976.5609756097562,9433438.232054172,31887006.731442798,976.5609756097562
9433833.973529909,31888476.449730206,488.7804878048781,1.2005407443383098,9433538.179924171,31888046.1909965,1.0,9433883.94746491,31888996.179507054,1.0,9434129.767135648,31888906.70846391,976.5609756097562,9433783.999594908,31887956.71995335,976.5609756097562
9434179.741070645,31889426.438240763,488.7804878048781,1.1037138426220883,9433883.94746491,31888996.179507054,1.0,9434229.715005646,31889946.168017615,1.0,9434475.534676384,31889856.696974467,976.5609756097562,9434129.767135648,31888906.70846391,976.5609756097562
9434525.508611383,31890376.42675132,488.7804878048781,0.7720778454227708,9434229.715005646,31889946.168017615,1.0,9434575.482546385,31890896.15652817,1.0,9434821.302217122,31890806.685485024,976.5609756097562,9434475.534676384,31889856.696974467,976.5609756097562
9434871.276152123,31891326.415261876,488.7804878048781,0.6221540288501535,9434575.482546385,31890896.15652817,1.0,9434921.250087122,31891846.145038724,1.0,9435167.06975786,31891756.67399558,976.5609756097562,9434821.302217122,31890806.685485024,976.5609756097562
9435217.043692859,31892276.403772432,488.7804878048781,0.8778763297579195,9434921.250087122,31891846.145038724,1.0,9435267.01762786,31892796.133549284,1.0,9435512.837298598,31892706.662506137,976.5609756097562,9435167.06975786,31891756.67399558,976.5609756097562
9435562.811233599,31893226.39228299,488.7804878048781,0.7327159078105877,9435267.01762786,31892796.133549284,1.0,9435612.785168596,31893746.122059837,1.0,9435858.604839336,31893656.651016694,976.5609756097562,9435512.837298598,31892706.662506137,976.5609756097562
9435908.578774333,31894176.38079354,488.7804878048781,0.5166916251410437,9435612.785168596,31893746.122059837,1.0,9435958.552709334,31894696.110570397,1.0,9436204.372380072,31894606.63952725,976.5609756097562,9435858.604839336,31893656.651016694,976.5609756097562
9436254.346315073,31895126.369304102,488.7804878048781,0.40941411021086344,9435958.552709334,31894696.110570397,1.0,9436304.32025007,31895646.099080954,1.0,9436550.13992081,31895556.628037807,976.5609756097562,9436204.372380072,31894606.63952725,976.5609756097562
9436600.113855809,31896076.35781466,488.7804878048781,0.48811738459215365,9436304.32025007,31895646.099080954,1.0,9436650.08779081,31896596.087591507,1.0,9436895.907461546,31896506.616548363,976.5609756097562,9436550.13992081,31895556.628037807,976.5609756097562
9416445.648623038,31839937.564648673,1464.3414634146343,0.6848145101080788,9416149.8550173,31839507.305914972,976.5609756097562,9416495.622558037,31840457.29442553,976.5609756097562,9416741.442228775,31840367.82338238,1952.1219512195123,9416395.674688037,31839417.83487183,1952.1219512195123
9416791.416163774,31840887.55315923,1464.3414634146343,0.640464387634159,9416495.622558037,31840457.29442553,976.5609756097562,9416841.390098775,31841407.282936085,976.5609756097562,9417087.209769513,31841317.811892938,1952.1219512195123,9416741.442228775,31840367.82338238,1952.1219512195123
9417137.183704512,31841837.54166979,1464.3414634146343,0.5938451821249,9416841.390098775,31841407.282936085,976.5609756097562,9417187.15763951,31842357.27144664,976.5609756097562,9417432.977310251,31842267.800403494,1952.1219512195123,9417087.209769513,31841317.811892938,1952.1219512195123
9417482.951245248,31842787.530180342,1464.3414634146343,0.7068539836515974,9417187.15763951,31842357.27144664,976.5609756097562,9417532.925180249,31843307.259957198,976.5609756097562,9417778.744850988,31843217.78891405,1952.1219512195123,9417432.977310251,31842267.800403494,1952.1219512195123
9417828.718785986,31843737.518690903,1464.3414634146343,1.0102005684578785,9417532.925180249,31843307.259957198,976.5609756097562,9417878.692720985,31844257.248467755,976.5609756097562,9418124.512391726,31844167.777424607,1952.1219512195123,9417778.744850988,31843217.78891405,1952.1219512195123
9418174.486326722,31844687.50720146,1464.3414634146343,1.3665829160686336,9417878.692720985,31844257.248467755,976.5609756097562,9418224.460261725,31845207.23697831,976.5609756097562,9418470.279932462,31845117.765935168,1952.1219512195123,9418124.512391726,31844167.777424607,1952.1219512195123
9418520.253867462,31845637.495712012,1464.3414634146343,1.4538595009992916,9418224.460261725,31845207.23697831,976.5609756097562,9418570.227802461,31846157.225488868,976.5609756097562,9418816.0474732,31846067.75444572,1952.1219512195123,9418470.279932462,31845117.765935168,1952.1219512195123
9418866.021408198,31846587.484222572,1464.3414634146343,1.8498380971303756,9418570.227802461,31846157.225488868,976.5609756097562,9418915.995343199,31847107.213999424,976.5609756097562,9419161.815013938,31847017.74295628,1952.1219512195123,9418816.0474732,31846067.75444572,1952.1219512195123
9419211.788948938,31847537.47273313,1464.3414634146343,1.6182203989821204,9418915.995343199,31847107.213999424,976.5609756097562,9419261.762883937,31848057.20250998,976.5609756097562,9419507.582554676,31847967.731466834,1952.1219512195123,9419161.815013938,31847017.74295628,1952.1219512195123
9419557.556489674,31848487.46124368,1464.3414634146343,1.299617394918875,9419261.762883937,31848057.20250998,976.5609756097562,9419607.530424673,31849007.191020537,976.5609756097562,9419853.350095412,31848917.71997739,1952.1219512195123,9419507.582554676,31847967.731466834,1952.1219512195123
9419903.324030412,31849437.44975424,1464.3414634146343,1.1562599407321112,9419607.530424673,31849007.191020537,976.5609756097562,9419953.297965411,31849957.179531094,976.5609756097562,9420199.11763615,31849867.70848795,1952.1219512195123,9419853.350095412,31848917.71997739,1952.1219512195123
9420249.09157115,31850387.4382648,1464.3414634146343,1.161719507830285,9419953.297965411,31849957.179531094,976.5609756097562,9420299.06550615,31850907.16804165,976.5609756097562,9420544.885176888,31850817.696998503,1952.1219512195123,9420199.11763615,31849867.70848795,1952.1219512195123
9420594.859111886,31851337.426775355,1464.3414634146343,1.3249166393149427,9420299.06550615,31850907.16804165,976.5609756097562,9420644.833046887,31851857.156552207,976.5609756097562,9420890.652717624,31851767.68550906,1952.1219512195123,9420544.885176888,31850817.696998503,1952.1219512195123
9420940.626652624,31852287.41528591,1464.3414634146343,1.1989233317314258,9420644.833046887,31851857.156552207,976.5609756097562,9420990.600587623,31852807.145062763,976.5609756097562,9421236.420258364,31852717.67401962,1952.1219512195123,9420890.652717624,31851767.68550906,1952.1219512195123
9421286.39419336,31853237.403796468,1464.3414634146343,0.9366883369508163,9420990.600587623,31852807.145062763,976.5609756097562,9421336.368128361,31853757.13357332,976.5609756097562,9421582.1877991,31853667.662530173,1952.1219512195123,9421236.420258364,31852717.67401962,1952.1219512195123
9421632.161734099,31854187.392307024,1464.3414634146343,1.0323658107772213,9421336.368128361,31853757.13357332,976.5609756097562,9421682.1356691,31854707.122083876,976.5609756097562,9421927.955339838,31854617.651040733,1952.1219512195123,9421582.1877991,31853667.662530173,1952.1219512195123
9421977.929274837,31855137.38081758,1464.3414634146343,1.2437044422194192,9421682.1356691,31854707.122083876,976.5609756097562,9422027.903209837,31855657.110594433,976.5609756097562,9422273.722880574,31855567.639551286,1952.1219512195123,9421927.955339838,31854617.651040733,1952.1219512195123
9422323.696815575,31856087.369328137,1464.3414634146343,1.4727904101300002,9422027.903209837,31855657.110594433,976.5609756097562,9422373.670750573,31856607.09910499,976.5609756097562,9422619.490421312,31856517.628061842,1952.1219512195123,9422273.722880574,31855567.639551286,1952.1219512195123
9422669.46435631,31857037.357838694,1464.3414634146343,1.6988019918674462,9422373.670750573,31856607.09910499,976.5609756097562,9422719.438291311,31857557.087615546,976.5609756097562,9422965.257962048,31857467.616572402,1952.1219512195123,9422619.490421312,31856517.628061842,1952.1219512195123
9423015.23189705,31857987.34634925,1464.3414634146343,1.5581845461161605,9422719.438291311,31857557.087615546,976.5609756097562,9423065.20583205,31858507.076126106,976.5609756097562,9423311.025502788,31858417.605082955,1952.1219512195123,9422965.257962048,31857467.616572402,1952.1219512195123
9423360.999437787,31858937.33485981,1464.3414634146343,2.0096162093506456,9423065.20583205,31858507.076126106,976.5609756097562,9423410.973372785,31859457.06463666,976.5609756097562,9423656.793043524,31859367.59359351,1952.1219512195123,9423311.025502788,31858417.605082955,1952.1219512195123
9423706.766978525,31859887.323370364,1464.3414634146343,1.8302017805150197,9423410.973372785,31859457.06463666,976.5609756097562,9423756.740913523,31860407.05314721,976.5609756097562,9424002.560584262,31860317.58210407,1952.1219512195123,9423656.793043524,31859367.59359351,1952.1219512195123
9424052.534519263,31860837.31188092,1464.3414634146343,1.9576186276492211,9423756.740913523,31860407.05314721,976.5609756097562,9424102.508454261,31861357.041657772,976.5609756097562,9424348.328125,31861267.570614625,1952.1219512195123,9424002.560584262,31860317.58210407,1952.1219512195123
9424398.302059999,31861787.30039148,1464.3414634146343,1.5501387897484318,9424102.508454261,31861357.041657772,976.5609756097562,9424448.275995,31862307.03016833,976.5609756097562,9424694.095665736,31862217.559125185,1952.1219512195123,9424348.328125,31861267.570614625,1952.1219512195123
9424744.069600737,31862737.288902033,1464.3414634146343,1.1968632734621434,9424448.275995,31862307.03016833,976.5609756097562,9424794.043535735,31863257.018678885,976.5609756097562,9425039.863206476,31863167.547635738,1952.1219512195123,9424694.095665736,31862217.559125185,1952.1219512195123
9425089.837141473,31863687.27741259,1464.3414634146343,0.7752766938450933,9424794.043535735,31863257.018678885,976.5609756097562,9425139.811076473,31864207.00718944,976.5609756097562,9425385.630747212,31864117.536146294,1952.1219512195123,9425039.863206476,31863167.547635738,1952.1219512195123
9425435.60468221,31864637.26592315,1464.3414634146343,0.5768149021059193,9425139.811076473,31864207.00718944,976.5609756097562,9425485.57861721,31865156.995699998,976.5609756097562,9425731.39828795,31865067.524656855,1952.1219512195123,9425385.630747212,31864117.536146294,1952.1219512195123
9425781.372222947,31865587.254433703,1464.3414634146343,0.5468211960371716,9425485.57861721,31865156.995699998,976.5609756097562,9425831.346157948,31866106.984210555,976.5609756097562,9426077.165828686,31866017.513167407,1952.1219512195123,9425731.39828795,31865067.524656855,1952.1219512195123
9426127.139763685,31866537.242944263,1464.3414634146343,0.3961850343363905,9425831.346157948,31866106.984210555,976.5609756097562,9426177.113698686,31867056.97272111,976.5609756097562,9426422.933369424,31866967.501677964,1952.1219512195123,9426077.165828686,31866017.513167407,1952.1219512195123
9426472.907304423,31867487.23145482,1464.3414634146343,0.2373089283061399,9426177.113698686,31867056.97272111,976.5609756097562,9426522.881239424,31868006.961231664,976.5609756097562,9426768.70091016,31867917.49018852,1952.1219512195123,9426422.933369424,31866967.501677964,1952.1219512195123
9426818.674845163,31868437.21996537,1464.3414634146343,0.15958631700343096,9426522.881239424,31868006.961231664,976.5609756097562,9426868.64878016,31868956.949742224,976.5609756097562,9427114.4684509,31868867.478699077,1952.1219512195123,9426768.70091016,31867917.49018852,1952.1219512195123
9427164.442385897,31869387.208475932,1464.3414634146343,0.2802096786018476,9426868.64878016,31868956.949742224,976.5609756097562,9427214.416320898,31869906.93825278,976.5609756097562,9427460.235991636,31869817.467209637,1952.1219512195123,9427114.4684509,31868867.478699077,1952.1219512195123
9427510.209926637,31870337.19698649,1464.3414634146343,0.3485368566958284,9427214.416320898,31869906.93825278,976.5609756097562,9427560.183861636,31870856.92676334,976.5609756097562,9427806.003532374,31870767.45572019,1952.1219512195123,9427460.235991636,31869817.467209637,1952.1219512195123
9427855.977467373,31871287.185497038,1464.3414634146343,0.40929645834202016,9427560.183861636,31870856.92676334,976.5609756097562,9427905.951402372,31871806.915273894,976.5609756097562,9428151.771073112,31871717.444230746,1952.1219512195123,9427806.003532374,31870767.45572019,1952.1219512195123
9428201.745008111,31872237.174007602,1464.3414634146343,0.39975947637893267,9427905.951402372,31871806.915273894,976.5609756097562,9428251.718943112,31872756.90378445,976.5609756097562,9428497.538613848,31872667.432741307,1952.1219512195123,9428151.771073112,31871717.444230746,1952.1219512195123
9428547.512548849,31873187.16251816,1464.3414634146343,0.3605036242327635,9428251.718943112,31872756.90378445,976.5609756097562,9428597.486483848,31873706.892295007,976.5609756097562,9428843.306154586,31873617.42125186,1952.1219512195123,9428497.538613848,31872667.432741307,1952.1219512195123
9428893.280089585,31874137.15102871,1464.3414634146343,0.25827523629126276,9428597.486483848,31873706.892295007,976.5609756097562,9428943.254024586,31874656.880805563,976.5609756097562,9429189.073695324,31874567.409762416,1952.1219512195123,9428843.306154586,31873617.42125186,1952.1219512195123
9429239.047630323,31875087.139539268,1464.3414634146343,0.4191405194531714,9428943.254024586,31874656.880805563,976.5609756097562,9429289.021565322,31875606.869316116,976.5609756097562,9429534.841236062,31875517.398272973,1952.1219512195123,9429189.073695324,31874567.409762416,1952.1219512195123
9429584.81517106,31876037.12804982,1464.3414634146343,0.7024313315359301,9429289.021565322,31875606.869316116,976.5609756097562,9429634.789106062,31876556.857826676,976.5609756097562,9429880.608776798,31876467.38678353,1952.1219512195123,9429534.841236062,31875517.398272973,1952.1219512195123
9429930.5827118,31876987.11656038,1464.3414634146343,0.9913614381962864,9429634.789106062,31876556.857826676,976.5609756097562,9429980.556646798,31877506.846337233,976.5609756097562,9430226.376317536,31877417.37529409,1952.1219512195123,9429880.608776798,31876467.38678353,1952.1219512195123
9430276.350252535,31877937.10507094,1464.3414634146343,1.0161596204839833,9429980.556646798,31877506.846337233,976.5609756097562,9430326.324187536,31878456.834847793,976.5609756097562,9430572.143858274,31878367.363804646,1952.1219512195123,9430226.376317536,31877417.37529409,1952.1219512195123
9430622.117793275,31878887.093581498,1464.3414634146343,1.0021676032408424,9430326.324187536,31878456.834847793,976.5609756097562,9430672.091728272,31879406.823358346,976.5609756097562,9430917.911399012,31879317.3523152,1952.1219512195123,9430572.143858274,31878367.363804646,1952.1219512195123
9430967.88533401,31879837.08209205,1464.3414634146343,1.2831512879222668,9430672.091728272,31879406.823358346,976.5609756097562,9431017.85926901,31880356.8118689,976.5609756097562,9431263.678939749,31880267.340825755,1952.1219512195123,9430917.911399012,31879317.3523152,1952.1219512195123
9431313.65287475,31880787.070602607,1464.3414634146343,1.1340524626427302,9431017.85926901,31880356.8118689,976.5609756097562,9431363.626809748,31881306.80037946,976.5609756097562,9431609.446480487,31881217.32933631,1952.1219512195123,9431263.678939749,31880267.340825755,1952.1219512195123
9431659.420415485,31881737.059113164,1464.3414634146343,1.1683551382443955,9431363.626809748,31881306.80037946,976.5609756097562,9431709.394350484,31882256.788890015,976.5609756097562,9431955.214021223,31882167.31784687,1952.1219512195123,9431609.446480487,31881217.32933631,1952.1219512195123
9432005.187956223,31882687.04762372,1464.3414634146343,1.3668034017993997,9431709.394350484,31882256.788890015,976.5609756097562,9432055.161891224,31883206.77740057,976.5609756097562,9432300.98156196,31883117.306357425,1952.1219512195123,9431955.214021223,31882167.31784687,1952.1219512195123
9432350.955496961,31883637.036134277,1464.3414634146343,0.9930067160978037,9432055.161891224,31883206.77740057,976.5609756097562,9432400.92943196,31884156.76591113,976.5609756097562,9432646.749102699,31884067.29486798,1952.1219512195123,9432300.98156196,31883117.306357425,1952.1219512195123
9432696.723037697,31884587.024644833,1464.3414634146343,0.8816117718309198,9432400.92943196,31884156.76591113,976.5609756097562,9432746.696972698,31885106.754421685,976.5609756097562,9432992.516643437,31885017.28337854,1952.1219512195123,9432646.749102699,31884067.29486798,1952.1219512195123
9433042.490578435,31885537.01315539,1464.3414634146343,0.8021068704458636,9432746.696972698,31885106.754421685,976.5609756097562,9433092.464513434,31886056.74293224,976.5609756097562,9433338.284184175,31885967.271889094,1952.1219512195123,9432992.516643437,31885017.28337854,1952.1219512195123
9433388.258119171,31886487.001665946,1464.3414634146343,0.7994088759885786,9433092.464513434,31886056.74293224,976.5609756097562,9433438.232054172,31887006.731442798,976.5609756097562,9433684.05172491,31886917.26039965,1952.1219512195123,9433338.284184175,31885967.271889094,1952.1219512195123
9433734.02565991,31887436.990176503,1464.3414634146343,0.897665866775113,9433438.232054172,31887006.731442798,976.5609756097562,9433783.999594908,31887956.71995335,976.5609756097562,9434029.819265649,31887867.248910207,1952.1219512195123,9433684.05172491,31886917.26039965,1952.1219512195123
9434079.793200646,31888386.978687055,1464.3414634146343,1.2957186837515788,9433783.999594908,31887956.71995335,976.5609756097562,9434129.767135648,31888906.70846391,976.5609756097562,9434375.586806385,31888817.237420764,1952.1219512195123,9434029.819265649,31887867.248910207,1952.1219512195123
9434425.560741385,31889336.96719762,1464.3414634146343,1.6387558790198204,9434129.767135648,31888906.70846391,976.5609756097562,9434475.534676384,31889856.696974467,976.5609756097562,9434721.354347123,31889767.22593132,1952.1219512195123,9434375.586806385,31888817.237420764,1952.1219512195123
9434771.328282122,31890286.955708172,1464.3414634146343,1.2408782711949624,9434475.534676384,31889856.696974467,976.5609756097562,9434821.302217122,31890806.685485024,976.5609756097562,9435067.12188786,31890717.21444188,1952.1219512195123,9434721.354347123,31889767.22593132,1952.1219512195123
9435117.095822861,31891236.94421873,1464.3414634146343,0.9615377908999054,9434821.302217122,31890806.685485024,976.5609756097562,9435167.06975786,31891756.67399558,976.5609756097562,9435412.889428599,31891667.202952433,1952.1219512195123,9435067.12188786,31890717.21444188,1952.1219512195123
9435462.863363598,31892186.93272929,1464.3414634146343,1.205060480602122,9435167.06975786,31891756.67399558,976.5609756097562,9435512.837298598,31892706.662506137,976.5609756097562,9435758.656969335,31892617.191462994,1952.1219512195123,9435412.889428599,31891667.202952433,1952.1219512195123
9435808.630904336,31893136.92123984,1464.3414634146343,1.2098919101204346,9435512.837298598,31892706.662506137,976.5609756097562,9435858.604839336,31893656.651016694,976.5609756097562,9436104.424510073,31893567.179973546,1952.1219512195123,9435758.656969335,31892617.191462994,1952.1219512195123
9436154.398445074,31894086.9097504,1464.3414634146343,0.6980263967663556,9435858.604839336,31893656.651016694,976.5609756097562,9436204.372380072,31894606.63952725,976.5609756097562,9436450.19205081,31894517.168484103,1952.1219512195123,9436104.424510073,31893567.179973546,1952.1219512195123
9436500.16598581,31895036.89826096,1464.3414634146343,0.6373962374707681,9436204.372380072,31894606.63952725,976.5609756097562,9436550.13992081,31895556.628037807,976.5609756097562,9436795.959591547,31895467.156994663,1952.1219512195123,9436450.19205081,31894517.168484103,1952.1219512195123
9436845.933526548,31895986.88677151,1464.3414634146343,0.5791533512910709,9436550.13992081,31895556.628037807,976.5609756097562,9436895.907461546,31896506.616548363,976.5609756097562,9437141.727132287,31896417.145505216,1952.1219512195123,9436795.959591547,31895467.156994663,1952.1219512195123
9416691.468293779,31839848.093605526,2439.9024390243903,0.9445572531311468,9416395.674688037,31839417.83487183,1952.1219512195123,9416741.442228775,31840367.82338238,1952.1219512195123,9416987.261899518,31840278.352339234,2927.682926829268,9416641.49435878,31839328.363828678,2927.682926829268
9417037.235834517,31840798.082116086,2439.9024390243903,0.8202876086802351,9416741.442228775,31840367.82338238,1952.1219512195123,9417087.209769513,31841317.811892938,1952.1219512195123,9417333.029440254,31841228.340849794,2927.682926829268,9416987.261899518,31840278.352339234,2927.682926829268
9417383.003375253,31841748.070626643,2439.9024390243903,0.6592642083726887,9417087.209769513,31841317.811892938,1952.1219512195123,9417432.977310251,31842267.800403494,1952.1219512195123,9417678.796980992,31842178.329360347,2927.682926829268,9417333.029440254,31841228.340849794,2927.682926829268
9417728.77091599,31842698.0591372,2439.9024390243903,0.5914678277426616,9417432.977310251,31842267.800403494,1952.1219512195123,9417778.744850988,31843217.78891405,1952.1219512195123,9418024.56452173,31843128.317870904,2927.682926829268,9417678.796980992,31842178.329360347,2927.682926829268
9418074.538456727,31843648.047647756,2439.9024390243903,0.6647248180613874,9417778.744850988,31843217.78891405,1952.1219512195123,9418124.512391726,31844167.777424607,1952.1219512195123,9418370.332062466,31844078.30638146,2927.682926829268,9418024.56452173,31843128.317870904,2927.682926829268
9418420.305997465,31844598.036158312,2439.9024390243903,0.9605927582425909,9418124.512391726,31844167.777424607,1952.1219512195123,9418470.279932462,31845117.765935168,1952.1219512195123,9418716.099603206,31845028.294892017,2927.682926829268,9418370.332062466,31844078.30638146,2927.682926829268
9418766.0735382,31845548.02466887,2439.9024390243903,1.5655927998453527,9418470.279932462,31845117.765935168,1952.1219512195123,9418816.0474732,31846067.75444572,1952.1219512195123,9419061.867143942,31845978.283402577,2927.682926829268,9418716.099603206,31845028.294892017,2927.682926829268
9419111.84107894,31846498.013179425,2439.9024390243903,1.931200093774188,9418816.0474732,31846067.75444572,1952.1219512195123,9419161.815013938,31847017.74295628,1952.1219512195123,9419407.63468468,31846928.27191313,2927.682926829268,9419061.867143942,31845978.283402577,2927.682926829268
9419457.608619677,31847448.00168998,2439.9024390243903,2.4681811580265567,9419161.815013938,31847017.74295628,1952.1219512195123,9419507.582554676,31847967.731466834,1952.1219512195123,9419753.402225416,31847878.260423686,2927.682926829268,9419407.63468468,31846928.27191313,2927.682926829268
9419803.376160415,31848397.99020054,2439.9024390243903,2.209753509622142,9419507.582554676,31847967.731466834,1952.1219512195123,9419853.350095412,31848917.71997739,1952.1219512195123,9420099.169766154,31848828.248934247,2927.682926829268,9419753.402225416,31847878.260423686,2927.682926829268
9420149.143701151,31849347.978711095,2439.9024390243903,1.9023279006567644,9419853.350095412,31848917.71997739,1952.1219512195123,9420199.11763615,31849867.70848795,1952.1219512195123,9420444.93730689,31849778.2374448,2927.682926829268,9420099.169766154,31848828.248934247,2927.682926829268
9420494.911241889,31850297.967221655,2439.9024390243903,2.073831485378234,9420199.11763615,31849867.70848795,1952.1219512195123,9420544.885176888,31850817.696998503,1952.1219512195123,9420790.70484763,31850728.225955356,2927.682926829268,9420444.93730689,31849778.2374448,2927.682926829268
9420840.678782629,31851247.955732208,2439.9024390243903,2.041404167791604,9420544.885176888,31850817.696998503,1952.1219512195123,9420890.652717624,31851767.68550906,1952.1219512195123,9421136.472388366,31851678.214465912,2927.682926829268,9420790.70484763,31850728.225955356,2927.682926829268
9421186.446323365,31852197.944242764,2439.9024390243903,1.6121505240587413,9420890.652717624,31851767.68550906,1952.1219512195123,9421236.420258364,31852717.67401962,1952.1219512195123,9421482.239929104,31852628.20297647,2927.682926829268,9421136.472388366,31851678.214465912,2927.682926829268
9421532.213864103,31853147.932753325,2439.9024390243903,1.1433292934995194,9421236.420258364,31852717.67401962,1952.1219512195123,9421582.1877991,31853667.662530173,1952.1219512195123,9421828.007469842,31853578.19148703,2927.682926829268,9421482.239929104,31852628.20297647,2927.682926829268
9421877.98140484,31854097.921263877,2439.9024390243903,1.2951747182377802,9421582.1877991,31853667.662530173,1952.1219512195123,9421927.955339838,31854617.651040733,1952.1219512195123,9422173.77501058,31854528.179997586,2927.682926829268,9421828.007469842,31853578.19148703,2927.682926829268
9422223.748945579,31855047.909774434,2439.9024390243903,1.8689438663304905,9421927.955339838,31854617.651040733,1952.1219512195123,9422273.722880574,31855567.639551286,1952.1219512195123,9422519.542551318,31855478.16850814,2927.682926829268,9422173.77501058,31854528.179997586,2927.682926829268
9422569.516486313,31855997.898284994,2439.9024390243903,1.9580750665768638,9422273.722880574,31855567.639551286,1952.1219512195123,9422619.490421312,31856517.628061842,1952.1219512195123,9422865.310092054,31856428.1570187,2927.682926829268,9422519.542551318,31855478.16850814,2927.682926829268
9422915.284027053,31856947.886795547,2439.9024390243903,2.0530367409406076,9422619.490421312,31856517.628061842,1952.1219512195123,9422965.257962048,31857467.616572402,1952.1219512195123,9423211.077632792,31857378.14552925,2927.682926829268,9422865.310092054,31856428.1570187,2927.682926829268
9423261.05156779,31857897.875306107,2439.9024390243903,1.9577453398656317,9422965.257962048,31857467.616572402,1952.1219512195123,9423311.025502788,31858417.605082955,1952.1219512195123,9423556.845173528,31858328.134039808,2927.682926829268,9423211.077632792,31857378.14552925,2927.682926829268
9423606.819108527,31858847.863816664,2439.9024390243903,2.6116936787031713,9423311.025502788,31858417.605082955,1952.1219512195123,9423656.793043524,31859367.59359351,1952.1219512195123,9423902.612714266,31859278.122550365,2927.682926829268,9423556.845173528,31858328.134039808,2927.682926829268
9423952.586649263,31859797.852327213,2439.9024390243903,2.4722649149240112,9423656.793043524,31859367.59359351,1952.1219512195123,9424002.560584262,31860317.58210407,1952.1219512195123,9424248.380255003,31860228.11106092,2927.682926829268,9423902.612714266,31859278.122550365,2927.682926829268
9424298.354190001,31860747.840837777,2439.9024390243903,2.0024899659660247,9424002.560584262,31860317.58210407,1952.1219512195123,9424348.328125,31861267.570614625,1952.1219512195123,9424594.147795742,31861178.09957148,2927.682926829268,9424248.380255003,31860228.11106092,2927.682926829268
9424644.12173074,31861697.829348333,2439.9024390243903,2.0941590648361657,9424348.328125,31861267.570614625,1952.1219512195123,9424694.095665736,31862217.559125185,1952.1219512195123,9424939.915336479,31862128.088082034,2927.682926829268,9424594.147795742,31861178.09957148,2927.682926829268
9424989.889271477,31862647.817858882,2439.9024390243903,1.6618096449175062,9424694.095665736,31862217.559125185,1952.1219512195123,9425039.863206476,31863167.547635738,1952.1219512195123,9425285.682877216,31863078.07659259,2927.682926829268,9424939.915336479,31862128.088082034,2927.682926829268
9425335.656812215,31863597.806369446,2439.9024390243903,1.0351704665899788,9425039.863206476,31863167.547635738,1952.1219512195123,9425385.630747212,31864117.536146294,1952.1219512195123,9425631.450417954,31864028.065103147,2927.682926829268,9425285.682877216,31863078.07659259,2927.682926829268
9425681.424352951,31864547.794880003,2439.9024390243903,0.5966802016037628,9425385.630747212,31864117.536146294,1952.1219512195123,9425731.39828795,31865067.524656855,1952.1219512195123,9425977.21795869,31864978.053613704,2927.682926829268,9425631.450417954,31864028.065103147,2927.682926829268
9426027.19189369,31865497.783390556,2439.9024390243903,0.7878222711764794,9425731.39828795,31865067.524656855,1952.1219512195123,9426077.165828686,31866017.513167407,1952.1219512195123,9426322.985499429,31865928.04212426,2927.682926829268,9425977.21795869,31864978.053613704,2927.682926829268
9426372.959434425,31866447.771901116,2439.9024390243903,0.4814056876450607,9426077.165828686,31866017.513167407,1952.1219512195123,9426422.933369424,31866967.501677964,1952.1219512195123,9426668.753040167,31866878.03063482,2927.682926829268,9426322.985499429,31865928.04212426,2927.682926829268
9426718.726975165,31867397.760411672,2439.9024390243903,0.41021535665444747,9426422.933369424,31866967.501677964,1952.1219512195123,9426768.70091016,31867917.49018852,1952.1219512195123,9427014.520580905,31867828.019145373,2927.682926829268,9426668.753040167,31866878.03063482,2927.682926829268
9427064.494515901,31868347.748922225,2439.9024390243903,0.28365370403032336,9426768.70091016,31867917.49018852,1952.1219512195123,9427114.4684509,31868867.478699077,1952.1219512195123,9427360.28812164,31868778.007655933,2927.682926829268,9427014.520580905,31867828.019145373,2927.682926829268
9427410.26205664,31869297.737432785,2439.9024390243903,0.2579247376611702,9427114.4684509,31868867.478699077,1952.1219512195123,9427460.235991636,31869817.467209637,1952.1219512195123,9427706.055662379,31869727.996166486,2927.682926829268,9427360.28812164,31868778.007655933,2927.682926829268
9427756.029597376,31870247.72594334,2439.9024390243903,0.2732356762669064,9427460.235991636,31869817.467209637,1952.1219512195123,9427806.003532374,31870767.45572019,1952.1219512195123,9428051.823203117,31870677.984677043,2927.682926829268,9427706.055662379,31869727.996166486,2927.682926829268
9428101.797138115,31871197.714453895,2439.9024390243903,0.2403532198110556,9427806.003532374,31870767.45572019,1952.1219512195123,9428151.771073112,31871717.444230746,1952.1219512195123,9428397.590743855,31871627.9731876,2927.682926829268,9428051.823203117,31870677.984677043,2927.682926829268
9428447.564678852,31872147.70296445,2439.9024390243903,0.3092828350126034,9428151.771073112,31871717.444230746,1952.1219512195123,9428497.538613848,31872667.432741307,1952.1219512195123,9428743.35828459,31872577.961698156,2927.682926829268,9428397.590743855,31871627.9731876,2927.682926829268
9428793.33221959,31873097.691475015,2439.9024390243903,0.494513210691367,9428497.538613848,31872667.432741307,1952.1219512195123,9428843.306154586,31873617.42125186,1952.1219512195123,9429089.125825329,31873527.950208712,2927.682926829268,9428743.35828459,31872577.961698156,2927.682926829268
9429139.099760327,31874047.679985564,2439.9024390243903,0.4518230588760438,9428843.306154586,31873617.42125186,1952.1219512195123,9429189.073695324,31874567.409762416,1952.1219512195123,9429434.893366065,31874477.938719273,2927.682926829268,9429089.125825329,31873527.950208712,2927.682926829268
9429484.867301064,31874997.66849612,2439.9024390243903,0.5503984978050167,9429189.073695324,31874567.409762416,1952.1219512195123,9429534.841236062,31875517.398272973,1952.1219512195123,9429780.660906803,31875427.927229825,2927.682926829268,9429434.893366065,31874477.938719273,2927.682926829268
9429830.634841802,31875947.657006677,2439.9024390243903,0.8484053509596623,9429534.841236062,31875517.398272973,1952.1219512195123,9429880.608776798,31876467.38678353,1952.1219512195123,9430126.428447543,31876377.915740386,2927.682926829268,9429780.660906803,31875427.927229825,2927.682926829268
9430176.402382538,31876897.645517234,2439.9024390243903,0.8879047647284868,9429880.608776798,31876467.38678353,1952.1219512195123,9430226.376317536,31877417.37529409,1952.1219512195123,9430472.195988279,31877327.90425094,2927.682926829268,9430126.428447543,31876377.915740386,2927.682926829268
9430522.169923278,31877847.63402779,2439.9024390243903,0.9027821759845707,9430226.376317536,31877417.37529409,1952.1219512195123,9430572.143858274,31878367.363804646,1952.1219512195123,9430817.963529017,31878277.892761495,2927.682926829268,9430472.195988279,31877327.90425094,2927.682926829268
9430867.937464014,31878797.622538354,2439.9024390243903,0.5072120610830276,9430572.143858274,31878367.363804646,1952.1219512195123,9430917.911399012,31879317.3523152,1952.1219512195123,9431163.731069753,31879227.881272055,2927.682926829268,9430817.963529017,31878277.892761495,2927.682926829268
9431213.705004752,31879747.611048903,2439.9024390243903,0.3391332474582057,9430917.911399012,31879317.3523152,1952.1219512195123,9431263.678939749,31880267.340825755,1952.1219512195123,9431509.498610491,31880177.869782608,2927.682926829268,9431163.731069753,31879227.881272055,2927.682926829268
9431559.472545488,31880697.599559464,2439.9024390243903,0.46404497011896767,9431263.678939749,31880267.340825755,1952.1219512195123,9431609.446480487,31881217.32933631,1952.1219512195123,9431855.266151227,31881127.858293165,2927.682926829268,9431509.498610491,31880177.869782608,2927.682926829268
9431905.240086226,31881647.588070016,2439.9024390243903,0.6346779529530497,9431609.446480487,31881217.32933631,1952.1219512195123,9431955.214021223,31882167.31784687,1952.1219512195123,9432201.033691965,31882077.84680372,2927.682926829268,9431855.266151227,31881127.858293165,2927.682926829268
9432251.007626962,31882597.576580573,2439.9024390243903,0.8980260272946191,9431955.214021223,31882167.31784687,1952.1219512195123,9432300.98156196,31883117.306357425,1952.1219512195123,9432546.801232703,31883027.835314278,2927.682926829268,9432201.033691965,31882077.84680372,2927.682926829268
9432596.775167702,31883547.565091133,2439.9024390243903,1.0686678372796727,9432300.98156196,31883117.306357425,1952.1219512195123,9432646.749102699,31884067.29486798,1952.1219512195123,9432892.568773441,31883977.823824834,2927.682926829268,9432546.801232703,31883027.835314278,2927.682926829268
9432942.54270844,31884497.553601682,2439.9024390243903,0.882826248109693,9432646.749102699,31884067.29486798,1952.1219512195123,9432992.516643437,31885017.28337854,1952.1219512195123,9433238.336314177,31884927.81233539,2927.682926829268,9432892.568773441,31883977.823824834,2927.682926829268
9433288.310249176,31885447.542112242,2439.9024390243903,0.6737367360519192,9432992.516643437,31885017.28337854,1952.1219512195123,9433338.284184175,31885967.271889094,1952.1219512195123,9433584.103854915,31885877.800845947,2927.682926829268,9433238.336314177,31884927.81233539,2927.682926829268
9433634.077789914,31886397.530622803,2439.9024390243903,1.3529987617888397,9433338.284184175,31885967.271889094,1952.1219512195123,9433684.05172491,31886917.26039965,1952.1219512195123,9433929.871395653,31886827.789356507,2927.682926829268,9433584.103854915,31885877.800845947,2927.682926829268
9433979.84533065,31887347.519133355,2439.9024390243903,1.5393970963429766,9433684.05172491,31886917.26039965,1952.1219512195123,9434029.819265649,31887867.248910207,1952.1219512195123,9434275.63893639,31887777.77786706,2927.682926829268,9433929.871395653,31886827.789356507,2927.682926829268
9434325.612871388,31888297.507643912,2439.9024390243903,1.6173948972017922,9434029.819265649,31887867.248910207,1952.1219512195123,9434375.586806385,31888817.237420764,1952.1219512195123,9434621.40647713,31888727.76637762,2927.682926829268,9434275.63893639,31887777.77786706,2927.682926829268
9434671.380412124,31889247.496154472,2439.9024390243903,1.4460295268786798,9434375.586806385,31888817.237420764,1952.1219512195123,9434721.354347123,31889767.22593132,1952.1219512195123,9434967.174017865,31889677.754888173,2927.682926829268,9434621.40647713,31888727.76637762,2927.682926829268
9435017.147952864,31890197.48466502,2439.9024390243903,1.5025490047834633,9434721.354347123,31889767.22593132,1952.1219512195123,9435067.12188786,31890717.21444188,1952.1219512195123,9435312.941558603,31890627.74339873,2927.682926829268,9434967.174017865,31889677.754888173,2927.682926829268
9435362.9154936,31891147.473175585,2439.9024390243903,1.9523177428727998,9435067.12188786,31890717.21444188,1952.1219512195123,9435412.889428599,31891667.202952433,1952.1219512195123,9435658.70909934,31891577.73190929,2927.682926829268,9435312.941558603,31890627.74339873,2927.682926829268
9435708.683034338,31892097.46168614,2439.9024390243903,1.8068301808021878,9435412.889428599,31891667.202952433,1952.1219512195123,9435758.656969335,31892617.191462994,1952.1219512195123,9436004.47664008,31892527.720419843,2927.682926829268,9435658.70909934,31891577.73190929,2927.682926829268
9436054.450575076,31893047.450196695,2439.9024390243903,1.624015920759136,9435758.656969335,31892617.191462994,1952.1219512195123,9436104.424510073,31893567.179973546,1952.1219512195123,9436350.244180815,31893477.7089304,2927.682926829268,9436004.47664008,31892527.720419843,2927.682926829268
9436400.218115814,31893997.43870725,2439.9024390243903,0.8366354347106252,9436104.424510073,31893567.179973546,1952.1219512195123,9436450.19205081,31894517.168484103,1952.1219512195123,9436696.011721553,31894427.69744096,2927.682926829268,9436350.244180815,31893477.7089304,2927.682926829268
9436745.98565655,31894947.42721781,2439.9024390243903,0.8488326120914957,9436450.19205081,31894517.168484103,1952.1219512195123,9436795.959591547,31895467.156994663,1952.1219512195123,9437041.77926229,31895377.685951512,2927.682926829268,9436696.011721553,31894427.69744096,2927.682926829268
9437091.753197288,31895897.415728364,2439.9024390243903,0.8693393395264544,9436795.959591547,31895467.156994663,1952.1219512195123,9437141.727132287,31896417.145505216,1952.1219512195123,9437387.546803027,31896327.674462073,2927.682926829268,9437041.77926229,31895377.685951512,2927.682926829268
9416937.287964517,31839758.622562382,3415.4634146341464,0.9488373263767311,9416641.49435878,31839328.363828678,2927.682926829268,9416987.261899518,31840278.352339234,2927.682926829268,9417233.081570255,31840188.88129609,3903.2439024390246,9416887.314029519,31839238.89278553,3903.2439024390246
9417283.055505257,31840708.61107294,3415.4634146341464,0.8823153056042822,9416987.261899518,31840278.352339234,2927.682926829268,9417333.029440254,31841228.340849794,2927.682926829268,9417578.849110994,31841138.869806647,3903.2439024390246,9417233.081570255,31840188.88129609,3903.2439024390246
9417628.823045991,31841658.5995835,3415.4634146341464,0.4816702584062022,9417333.029440254,31841228.340849794,2927.682926829268,9417678.796980992,31842178.329360347,2927.682926829268,9417924.61665173,31842088.8583172,3903.2439024390246,9417578.849110994,31841138.869806647,3903.2439024390246
9417974.590586731,31842608.588094052,3415.4634146341464,0.49375715515187607,9417678.796980992,31842178.329360347,2927.682926829268,9418024.56452173,31843128.317870904,2927.682926829268,9418270.384192469,31843038.84682776,3903.2439024390246,9417924.61665173,31842088.8583172,3903.2439024390246
9418320.358127467,31843558.57660461,3415.4634146341464,0.5032650706269273,9418024.56452173,31843128.317870904,2927.682926829268,9418370.332062466,31844078.30638146,2927.682926829268,9418616.151733207,31843988.835338313,3903.2439024390246,9418270.384192469,31843038.84682776,3903.2439024390246
9418666.125668205,31844508.56511517,3415.4634146341464,0.44113912775304637,9418370.332062466,31844078.30638146,2927.682926829268,9418716.099603206,31845028.294892017,2927.682926829268,9418961.919273943,31844938.823848873,3903.2439024390246,9418616.151733207,31843988.835338313,3903.2439024390246
9419011.893208943,31845458.55362572,3415.4634146341464,0.6018935609813326,9418716.099603206,31845028.294892017,2927.682926829268,9419061.867143942,31845978.283402577,2927.682926829268,9419307.68681468,31845888.81235943,3903.2439024390246,9418961.919273943,31844938.823848873,3903.2439024390246
9419357.66074968,31846408.542136278,3415.4634146341464,0.617576140104797,9419061.867143942,31845978.283402577,2927.682926829268,9419407.63468468,31846928.27191313,2927.682926829268,9419653.454355419,31846838.800869983,3903.2439024390246,9419307.68681468,31845888.81235943,3903.2439024390246
9419703.428290417,31847358.53064684,3415.4634146341464,0.7360511180126831,9419407.63468468,31846928.27191313,2927.682926829268,9419753.402225416,31847878.260423686,2927.682926829268,9419999.221896157,31847788.789380543,3903.2439024390246,9419653.454355419,31846838.800869983,3903.2439024390246
9420049.195831154,31848308.51915739,3415.4634146341464,1.1447003206157393,9419753.402225416,31847878.260423686,2927.682926829268,9420099.169766154,31848828.248934247,2927.682926829268,9420344.989436893,31848738.7778911,3903.2439024390246,9419999.221896157,31847788.789380543,3903.2439024390246
9420394.963371892,31849258.50766795,3415.4634146341464,1.185547573275057,9420099.169766154,31848828.248934247,2927.682926829268,9420444.93730689,31849778.2374448,2927.682926829268,9420690.75697763,31849688.766401652,3903.2439024390246,9420344.989436893,31848738.7778911,3903.2439024390246
9420740.730912628,31850208.496178508,3415.4634146341464,1.2358984721101838,9420444.93730689,31849778.2374448,2927.682926829268,9420790.70484763,31850728.225955356,2927.682926829268,9421036.524518367,31850638.754912212,3903.2439024390246,9420690.75697763,31849688.766401652,3903.2439024390246
9421086.498453368,31851158.48468906,3415.4634146341464,1.5624568321607462,9420790.70484763,31850728.225955356,2927.682926829268,9421136.472388366,31851678.214465912,2927.682926829268,9421382.292059105,31851588.743422765,3903.2439024390246,9421036.524518367,31850638.754912212,3903.2439024390246
9421432.265994104,31852108.47319962,3415.4634146341464,1.8008708306913903,9421136.472388366,31851678.214465912,2927.682926829268,9421482.239929104,31852628.20297647,2927.682926829268,9421728.059599843,31852538.731933326,3903.2439024390246,9421382.292059105,31851588.743422765,3903.2439024390246
9421778.033534843,31853058.461710177,3415.4634146341464,2.3166014439838754,9421482.239929104,31852628.20297647,2927.682926829268,9421828.007469842,31853578.19148703,2927.682926829268,9422073.82714058,31853488.720443882,3903.2439024390246,9421728.059599843,31852538.731933326,3903.2439024390246
9422123.801075581,31854008.45022073,3415.4634146341464,2.6003260900423664,9421828.007469842,31853578.19148703,2927.682926829268,9422173.77501058,31854528.179997586,2927.682926829268,9422419.594681317,31854438.708954435,3903.2439024390246,9422073.82714058,31853488.720443882,3903.2439024390246
9422469.568616318,31854958.43873129,3415.4634146341464,2.3727036073558243,9422173.77501058,31854528.179997586,2927.682926829268,9422519.542551318,31855478.16850814,2927.682926829268,9422765.362222055,31855388.697464995,3903.2439024390246,9422419.594681317,31854438.708954435,3903.2439024390246
9422815.336157056,31855908.427241847,3415.4634146341464,1.9202655187468436,9422519.542551318,31855478.16850814,2927.682926829268,9422865.310092054,31856428.1570187,2927.682926829268,9423111.129762793,31856338.68597555,3903.2439024390246,9422765.362222055,31855388.697464995,3903.2439024390246
9423161.103697792,31856858.415752403,3415.4634146341464,1.92575745357879,9422865.310092054,31856428.1570187,2927.682926829268,9423211.077632792,31857378.14552925,2927.682926829268,9423456.897303531,31857288.674486104,3903.2439024390246,9423111.129762793,31856338.68597555,3903.2439024390246
9423506.87123853,31857808.40426296,3415.4634146341464,2.162144368961084,9423211.077632792,31857378.14552925,2927.682926829268,9423556.845173528,31858328.134039808,2927.682926829268,9423802.664844269,31858238.662996665,3903.2439024390246,9423456.897303531,31857288.674486104,3903.2439024390246
9423852.638779266,31858758.392773516,3415.4634146341464,2.309934792564541,9423556.845173528,31858328.134039808,2927.682926829268,9423902.612714266,31859278.122550365,2927.682926829268,9424148.432385005,31859188.651507217,3903.2439024390246,9423802.664844269,31858238.662996665,3903.2439024390246
9424198.406320004,31859708.38128407,3415.4634146341464,2.768061077184804,9423902.612714266,31859278.122550365,2927.682926829268,9424248.380255003,31860228.11106092,2927.682926829268,9424494.199925743,31860138.640017778,3903.2439024390246,9424148.432385005,31859188.651507217,3903.2439024390246
9424544.17386074,31860658.36979463,3415.4634146341464,3.3223153236758782,9424248.380255003,31860228.11106092,2927.682926829268,9424594.147795742,31861178.09957148,2927.682926829268,9424839.96746648,31861088.628528334,3903.2439024390246,9424494.199925743,31860138.640017778,3903.2439024390246
9424889.94140148,31861608.358305186,3415.4634146341464,3.3627870096924144,9424594.147795742,31861178.09957148,2927.682926829268,9424939.915336479,31862128.088082034,2927.682926829268,9425185.735007217,31862038.617038887,3903.2439024390246,9424839.96746648,31861088.628528334,3903.2439024390246
9425235.708942216,31862558.34681574,3415.4634146341464,3.2810197817030065,9424939.915336479,31862128.088082034,2927.682926829268,9425285.682877216,31863078.07659259,2927.682926829268,9425531.502547955,31862988.605549447,3903.2439024390246,9425185.735007217,31862038.617038887,3903.2439024390246
9425581.476482956,31863508.335326295,3415.4634146341464,2.4118950026811823,9425285.682877216,31863078.07659259,2927.682926829268,9425631.450417954,31864028.065103147,2927.682926829268,9425877.270088693,31863938.59406,3903.2439024390246,9425531.502547955,31862988.605549447,3903.2439024390246
9425927.244023692,31864458.323836852,3415.4634146341464,1.9434031462646688,9425631.450417954,31864028.065103147,2927.682926829268,9425977.21795869,31864978.053613704,2927.682926829268,9426223.03762943,31864888.582570557,3903.2439024390246,9425877.270088693,31863938.59406,3903.2439024390246
9426273.01156443,31865408.31234741,3415.4634146341464,1.5876820703253562,9425977.21795869,31864978.053613704,2927.682926829268,9426322.985499429,31865928.04212426,2927.682926829268,9426568.805170167,31865838.571081117,3903.2439024390246,9426223.03762943,31864888.582570557,3903.2439024390246
9426618.779105168,31866358.30085797,3415.4634146341464,1.241417523157461,9426322.985499429,31865928.04212426,2927.682926829268,9426668.753040167,31866878.03063482,2927.682926829268,9426914.572710905,31866788.55959167,3903.2439024390246,9426568.805170167,31865838.571081117,3903.2439024390246
9426964.546645904,31867308.28936853,3415.4634146341464,0.9470796609014693,9426668.753040167,31866878.03063482,2927.682926829268,9427014.520580905,31867828.019145373,2927.682926829268,9427260.340251641,31867738.54810223,3903.2439024390246,9426914.572710905,31866788.55959167,3903.2439024390246
9427310.314186642,31868258.277879078,3415.4634146341464,0.37744759268910905,9427014.520580905,31867828.019145373,2927.682926829268,9427360.28812164,31868778.007655933,2927.682926829268,9427606.107792381,31868688.536612786,3903.2439024390246,9427260.340251641,31867738.54810223,3903.2439024390246
9427656.081727378,31869208.266389634,3415.4634146341464,0.35235734297474164,9427360.28812164,31868778.007655933,2927.682926829268,9427706.055662379,31869727.996166486,2927.682926829268,9427951.875333117,31869638.52512334,3903.2439024390246,9427606.107792381,31868688.536612786,3903.2439024390246
9428001.849268116,31870158.25490019,3415.4634146341464,0.25986594198387325,9427706.055662379,31869727.996166486,2927.682926829268,9428051.823203117,31870677.984677043,2927.682926829268,9428297.642873855,31870588.5136339,3903.2439024390246,9427951.875333117,31869638.52512334,3903.2439024390246
9428347.616808854,31871108.243410747,3415.4634146341464,0.17424261120534792,9428051.823203117,31870677.984677043,2927.682926829268,9428397.590743855,31871627.9731876,2927.682926829268,9428643.410414591,31871538.502144452,3903.2439024390246,9428297.642873855,31870588.5136339,3903.2439024390246
9428693.384349592,31872058.231921308,3415.4634146341464,0.34413978118993965,9428397.590743855,31871627.9731876,2927.682926829268,9428743.35828459,31872577.961698156,2927.682926829268,9428989.17795533,31872488.49065501,3903.2439024390246,9428643.410414591,31871538.502144452,3903.2439024390246
9429039.151890328,31873008.22043186,3415.4634146341464,0.6240333055443831,9428743.35828459,31872577.961698156,2927.682926829268,9429089.125825329,31873527.950208712,2927.682926829268,9429334.945496066,31873438.47916557,3903.2439024390246,9428989.17795533,31872488.49065501,3903.2439024390246
9429384.919431068,31873958.208942417,3415.4634146341464,0.5323931066135693,9429089.125825329,31873527.950208712,2927.682926829268,9429434.893366065,31874477.938719273,2927.682926829268,9429680.713036805,31874388.467676125,3903.2439024390246,9429334.945496066,31873438.47916557,3903.2439024390246
9429730.686971802,31874908.197452977,3415.4634146341464,0.5893541115334849,9429434.893366065,31874477.938719273,2927.682926829268,9429780.660906803,31875427.927229825,2927.682926829268,9430026.480577542,31875338.456186682,3903.2439024390246,9429680.713036805,31874388.467676125,3903.2439024390246
9430076.454512542,31875858.18596353,3415.4634146341464,0.6614445924995207,9429780.660906803,31875427.927229825,2927.682926829268,9430126.428447543,31876377.915740386,2927.682926829268,9430372.24811828,31876288.44469724,3903.2439024390246,9430026.480577542,31875338.456186682,3903.2439024390246
9430422.22205328,31876808.174474087,3415.4634146341464,0.5083512394693943,9430126.428447543,31876377.915740386,2927.682926829268,9430472.195988279,31877327.90425094,2927.682926829268,9430718.015659017,31877238.43320779,3903.2439024390246,9430372.24811828,31876288.44469724,3903.2439024390246
9430767.989594016,31877758.162984647,3415.4634146341464,0.48503441773176575,9430472.195988279,31877327.90425094,2927.682926829268,9430817.963529017,31878277.892761495,2927.682926829268,9431063.783199755,31878188.42171835,3903.2439024390246,9430718.015659017,31877238.43320779,3903.2439024390246
9431113.757134754,31878708.1514952,3415.4634146341464,0.455631155242806,9430817.963529017,31878277.892761495,2927.682926829268,9431163.731069753,31879227.881272055,2927.682926829268,9431409.550740493,31879138.410228904,3903.2439024390246,9431063.783199755,31878188.42171835,3903.2439024390246
9431459.52467549,31879658.14000576,3415.4634146341464,0.7110131929459665,9431163.731069753,31879227.881272055,2927.682926829268,9431509.498610491,31880177.869782608,2927.682926829268,9431755.31828123,31880088.398739465,3903.2439024390246,9431409.550740493,31879138.410228904,3903.2439024390246
9431805.292216228,31880608.128516316,3415.4634146341464,0.7343911036437071,9431509.498610491,31880177.869782608,2927.682926829268,9431855.266151227,31881127.858293165,2927.682926829268,9432101.085821968,31881038.38725002,3903.2439024390246,9431755.31828123,31880088.398739465,3903.2439024390246
9432151.059756964,31881558.11702687,3415.4634146341464,0.9004683020243015,9431855.266151227,31881127.858293165,2927.682926829268,9432201.033691965,31882077.84680372,2927.682926829268,9432446.853362704,31881988.375760574,3903.2439024390246,9432101.085821968,31881038.38725002,3903.2439024390246
9432496.827297702,31882508.105537426,3415.4634146341464,0.9375095549906709,9432201.033691965,31882077.84680372,2927.682926829268,9432546.801232703,31883027.835314278,2927.682926829268,9432792.620903442,31882938.364271134,3903.2439024390246,9432446.853362704,31881988.375760574,3903.2439024390246
9432842.59483844,31883458.09404798,3415.4634146341464,1.3526034690787627,9432546.801232703,31883027.835314278,2927.682926829268,9432892.568773441,31883977.823824834,2927.682926829268,9433138.388444178,31883888.352781687,3903.2439024390246,9432792.620903442,31882938.364271134,3903.2439024390246
9433188.36237918,31884408.08255854,3415.4634146341464,1.5937287588634907,9432892.568773441,31883977.823824834,2927.682926829268,9433238.336314177,31884927.81233539,2927.682926829268,9433484.155984918,31884838.341292243,3903.2439024390246,9433138.388444178,31883888.352781687,3903.2439024390246
9433534.129919915,31885358.071069095,3415.4634146341464,1.4707221055331723,9433238.336314177,31884927.81233539,2927.682926829268,9433584.103854915,31885877.800845947,2927.682926829268,9433829.923525654,31885788.329802804,3903.2439024390246,9433484.155984918,31884838.341292243,3903.2439024390246
9433879.897460654,31886308.059579656,3415.4634146341464,1.3551680656051197,9433584.103854915,31885877.800845947,2927.682926829268,9433929.871395653,31886827.789356507,2927.682926829268,9434175.691066392,31886738.31831336,3903.2439024390246,9433829.923525654,31885788.329802804,3903.2439024390246
9434225.66500139,31887258.048090212,3415.4634146341464,1.7467544441455352,9433929.871395653,31886827.789356507,2927.682926829268,9434275.63893639,31887777.77786706,2927.682926829268,9434521.458607128,31887688.306823917,3903.2439024390246,9434175.691066392,31886738.31831336,3903.2439024390246
9434571.432542128,31888208.036600765,3415.4634146341464,2.1854472387936434,9434275.63893639,31887777.77786706,2927.682926829268,9434621.40647713,31888727.76637762,2927.682926829268,9434867.226147866,31888638.295334473,3903.2439024390246,9434521.458607128,31887688.306823917,3903.2439024390246
9434917.200082866,31889158.025111318,3415.4634146341464,2.927215141413609,9434621.40647713,31888727.76637762,2927.682926829268,9434967.174017865,31889677.754888173,2927.682926829268,9435212.993688604,31889588.283845026,3903.2439024390246,9434867.226147866,31888638.295334473,3903.2439024390246
9435262.967623603,31890108.013621878,3415.4634146341464,3.0955449106599486,9434967.174017865,31889677.754888173,2927.682926829268,9435312.941558603,31890627.74339873,2927.682926829268,9435558.761229342,31890538.272355586,3903.2439024390246,9435212.993688604,31889588.283845026,3903.2439024390246
9435608.73516434,31891058.002132434,3415.4634146341464,2.5608643469336765,9435312.941558603,31890627.74339873,2927.682926829268,9435658.70909934,31891577.73190929,2927.682926829268,9435904.52877008,31891488.260866143,3903.2439024390246,9435558.761229342,31890538.272355586,3903.2439024390246
9435954.502705077,31892007.99064299,3415.4634146341464,2.0066041441743283,9435658.70909934,31891577.73190929,2927.682926829268,9436004.47664008,31892527.720419843,2927.682926829268,9436250.296310816,31892438.249376696,3903.2439024390246,9435904.52877008,31891488.260866143,3903.2439024390246
9436300.270245817,31892957.979153547,3415.4634146341464,1.4768947623530744,9436004.47664008,31892527.720419843,2927.682926829268,9436350.244180815,31893477.7089304,2927.682926829268,9436596.063851554,31893388.237887256,3903.2439024390246,9436250.296310816,31892438.249376696,3903.2439024390246
9436646.037786553,31893907.967664104,3415.4634146341464,0.9712462700057372,9436350.244180815,31893477.7089304,2927.682926829268,9436696.011721553,31894427.69744096,2927.682926829268,9436941.831392292,31894338.226397812,3903.2439024390246,9436596.063851554,31893388.237887256,3903.2439024390246
9436991.805327293,31894857.95617466,3415.4634146341464,1.1464764732773693,9436696.011721553,31894427.69744096,2927.682926829268,9437041.77926229,31895377.685951512,2927.682926829268,9437287.59893303,31895288.21490837,3903.2439024390246,9436941.831392292,31894338.226397812,3903.2439024390246
9437337.572868027,31895807.944685217,3415.4634146341464,1.1899183659267392,9437041.77926229,31895377.685951512,2927.682926829268,9437387.546803027,31896327.674462073,2927.682926829268,9437633.366473766,31896238.203418925,3903.2439024390246,9437287.59893303,31895288.21490837,3903.2439024390246
9417183.107635256,31839669.151519235,4391.024390243902,0.28428602024609134,9416887.314029519,31839238.89278553,3903.2439024390246,9417233.081570255,31840188.88129609,3903.2439024390246,9417478.901240995,31840099.410252944,4878.804878048781,9417133.133700257,31839149.421742387,4878.804878048781
9417528.875175994,31840619.140029795,4391.024390243902,0.4197620752348836,9417233.081570255,31840188.88129609,3903.2439024390246,9417578.849110994,31841138.869806647,3903.2439024390246,9417824.668781731,31841049.3987635,4878.804878048781,9417478.901240995,31840099.410252944,4878.804878048781
9417874.642716732,31841569.128540352,4391.024390243902,0.6461448735033514,9417578.849110994,31841138.869806647,3903.2439024390246,9417924.61665173,31842088.8583172,3903.2439024390246,9418170.43632247,31841999.387274057,4878.804878048781,9417824.668781731,31841049.3987635,4878.804878048781
9418220.410257468,31842519.117050905,4391.024390243902,0.5889164489203889,9417924.61665173,31842088.8583172,3903.2439024390246,9418270.384192469,31843038.84682776,3903.2439024390246,9418516.203863207,31842949.375784613,4878.804878048781,9418170.43632247,31841999.387274057,4878.804878048781
9418566.177798206,31843469.105561465,4391.024390243902,0.5211094813061665,9418270.384192469,31843038.84682776,3903.2439024390246,9418616.151733207,31843988.835338313,3903.2439024390246,9418861.971403945,31843899.36429517,4878.804878048781,9418516.203863207,31842949.375784613,4878.804878048781
9418911.945338942,31844419.09407202,4391.024390243902,0.5877450004506625,9418616.151733207,31843988.835338313,3903.2439024390246,9418961.919273943,31844938.823848873,3903.2439024390246,9419207.738944681,31844849.352805726,4878.804878048781,9418861.971403945,31843899.36429517,4878.804878048781
9419257.71287968,31845369.082582574,4391.024390243902,0.910285091865897,9418961.919273943,31844938.823848873,3903.2439024390246,9419307.68681468,31845888.81235943,3903.2439024390246,9419553.50648542,31845799.34131628,4878.804878048781,9419207.738944681,31844849.352805726,4878.804878048781
9419603.480420418,31846319.071093135,4391.024390243902,0.7299482840557909,9419307.68681468,31845888.81235943,3903.2439024390246,9419653.454355419,31846838.800869983,3903.2439024390246,9419899.274026157,31846749.32982684,4878.804878048781,9419553.50648542,31845799.34131628,4878.804878048781
9419949.247961156,31847269.05960369,4391.024390243902,0.5142476177327328,9419653.454355419,31846838.800869983,3903.2439024390246,9419999.221896157,31847788.789380543,3903.2439024390246,9420245.041566893,31847699.318337396,4878.804878048781,9419899.274026157,31846749.32982684,4878.804878048781
9420295.015501894,31848219.048114248,4391.024390243902,0.5860446368563533,9419999.221896157,31847788.789380543,3903.2439024390246,9420344.989436893,31848738.7778911,3903.2439024390246,9420590.809107633,31848649.306847952,4878.804878048781,9420245.041566893,31847699.318337396,4878.804878048781
9420640.783042632,31849169.036624804,4391.024390243902,0.5394601086000195,9420344.989436893,31848738.7778911,3903.2439024390246,9420690.75697763,31849688.766401652,3903.2439024390246,9420936.57664837,31849599.29535851,4878.804878048781,9420590.809107633,31848649.306847952,4878.804878048781
9420986.550583368,31850119.02513536,4391.024390243902,0.6457047030975113,9420690.75697763,31849688.766401652,3903.2439024390246,9421036.524518367,31850638.754912212,3903.2439024390246,9421282.344189107,31850549.283869065,4878.804878048781,9420936.57664837,31849599.29535851,4878.804878048781
9421332.318124106,31851069.013645917,4391.024390243902,1.0573041702706112,9421036.524518367,31850638.754912212,3903.2439024390246,9421382.292059105,31851588.743422765,3903.2439024390246,9421628.111729844,31851499.272379622,4878.804878048781,9421282.344189107,31850549.283869065,4878.804878048781
9421678.085664844,31852019.002156474,4391.024390243902,1.484479420761316,9421382.292059105,31851588.743422765,3903.2439024390246,9421728.059599843,31852538.731933326,3903.2439024390246,9421973.879270582,31852449.26089018,4878.804878048781,9421628.111729844,31851499.272379622,4878.804878048781
9422023.85320558,31852968.99066703,4391.024390243902,2.136137327323117,9421728.059599843,31852538.731933326,3903.2439024390246,9422073.82714058,31853488.720443882,3903.2439024390246,9422319.646811318,31853399.249400735,4878.804878048781,9421973.879270582,31852449.26089018,4878.804878048781
9422369.620746318,31853918.979177587,4391.024390243902,2.214459959460555,9422073.82714058,31853488.720443882,3903.2439024390246,9422419.594681317,31854438.708954435,3903.2439024390246,9422665.414352058,31854349.23791129,4878.804878048781,9422319.646811318,31853399.249400735,4878.804878048781
9422715.388287054,31854868.967688143,4391.024390243902,2.1055065971688167,9422419.594681317,31854438.708954435,3903.2439024390246,9422765.362222055,31855388.697464995,3903.2439024390246,9423011.181892794,31855299.226421848,4878.804878048781,9422665.414352058,31854349.23791129,4878.804878048781
9423061.155827792,31855818.956198703,4391.024390243902,2.4439396889758194,9422765.362222055,31855388.697464995,3903.2439024390246,9423111.129762793,31856338.68597555,3903.2439024390246,9423356.949433532,31856249.214932404,4878.804878048781,9423011.181892794,31855299.226421848,4878.804878048781
9423406.92336853,31856768.944709256,4391.024390243902,2.4483753452092447,9423111.129762793,31856338.68597555,3903.2439024390246,9423456.897303531,31857288.674486104,3903.2439024390246,9423702.71697427,31857199.20344296,4878.804878048781,9423356.949433532,31856249.214932404,4878.804878048781
9423752.690909268,31857718.933219813,4391.024390243902,2.476991346377473,9423456.897303531,31857288.674486104,3903.2439024390246,9423802.664844269,31858238.662996665,3903.2439024390246,9424048.484515006,31858149.191953517,4878.804878048781,9423702.71697427,31857199.20344296,4878.804878048781
9424098.458450006,31858668.921730373,4391.024390243902,2.453402944987747,9423802.664844269,31858238.662996665,3903.2439024390246,9424148.432385005,31859188.651507217,3903.2439024390246,9424394.252055744,31859099.180464074,4878.804878048781,9424048.484515006,31858149.191953517,4878.804878048781
9424444.225990742,31859618.910240922,4391.024390243902,2.5979519698778524,9424148.432385005,31859188.651507217,3903.2439024390246,9424494.199925743,31860138.640017778,3903.2439024390246,9424740.01959648,31860049.16897463,4878.804878048781,9424394.252055744,31859099.180464074,4878.804878048781
9424789.99353148,31860568.898751482,4391.024390243902,2.9810808993924622,9424494.199925743,31860138.640017778,3903.2439024390246,9424839.96746648,31861088.628528334,3903.2439024390246,9425085.78713722,31860999.157485187,4878.804878048781,9424740.01959648,31860049.16897463,4878.804878048781
9425135.761072218,31861518.887262043,4391.024390243902,3.199263034471151,9424839.96746648,31861088.628528334,3903.2439024390246,9425185.735007217,31862038.617038887,3903.2439024390246,9425431.554677956,31861949.145995744,4878.804878048781,9425085.78713722,31860999.157485187,4878.804878048781
9425481.528612956,31862468.87577259,4391.024390243902,3.200444368018931,9425185.735007217,31862038.617038887,3903.2439024390246,9425531.502547955,31862988.605549447,3903.2439024390246,9425777.322218694,31862899.1345063,4878.804878048781,9425431.554677956,31861949.145995744,4878.804878048781
9425827.296153693,31863418.864283152,4391.024390243902,3.095942080550369,9425531.502547955,31862988.605549447,3903.2439024390246,9425877.270088693,31863938.59406,3903.2439024390246,9426123.08975943,31863849.123016853,4878.804878048781,9425777.322218694,31862899.1345063,4878.804878048781
9426173.06369443,31864368.852793705,4391.024390243902,2.6860108417496185,9425877.270088693,31863938.59406,3903.2439024390246,9426223.03762943,31864888.582570557,3903.2439024390246,9426468.85730017,31864799.111527413,4878.804878048781,9426123.08975943,31863849.123016853,4878.804878048781
9426518.831235167,31865318.84130426,4391.024390243902,1.8791425516510993,9426223.03762943,31864888.582570557,3903.2439024390246,9426568.805170167,31865838.571081117,3903.2439024390246,9426814.624840906,31865749.10003797,4878.804878048781,9426468.85730017,31864799.111527413,4878.804878048781
9426864.598775905,31866268.82981482,4391.024390243902,1.5885087884842883,9426568.805170167,31865838.571081117,3903.2439024390246,9426914.572710905,31866788.55959167,3903.2439024390246,9427160.392381644,31866699.088548526,4878.804878048781,9426814.624840906,31865749.10003797,4878.804878048781
9427210.366316643,31867218.818325374,4391.024390243902,1.5500460477316131,9426914.572710905,31866788.55959167,3903.2439024390246,9427260.340251641,31867738.54810223,3903.2439024390246,9427506.15992238,31867649.077059083,4878.804878048781,9427160.392381644,31866699.088548526,4878.804878048781
9427556.133857379,31868168.80683593,4391.024390243902,1.03396023240294,9427260.340251641,31867738.54810223,3903.2439024390246,9427606.107792381,31868688.536612786,3903.2439024390246,9427851.927463118,31868599.06556964,4878.804878048781,9427506.15992238,31867649.077059083,4878.804878048781
9427901.901398119,31869118.79534649,4391.024390243902,0.918724579758253,9427606.107792381,31868688.536612786,3903.2439024390246,9427951.875333117,31869638.52512334,3903.2439024390246,9428197.695003856,31869549.054080196,4878.804878048781,9427851.927463118,31868599.06556964,4878.804878048781
9428247.668938857,31870068.783857044,4391.024390243902,0.7552103499651982,9427951.875333117,31869638.52512334,3903.2439024390246,9428297.642873855,31870588.5136339,3903.2439024390246,9428543.462544594,31870499.042590752,4878.804878048781,9428197.695003856,31869549.054080196,4878.804878048781
9428593.436479593,31871018.772367604,4391.024390243902,0.5654628536232302,9428297.642873855,31870588.5136339,3903.2439024390246,9428643.410414591,31871538.502144452,3903.2439024390246,9428889.230085332,31871449.03110131,4878.804878048781,9428543.462544594,31870499.042590752,4878.804878048781
9428939.20402033,31871968.76087816,4391.024390243902,0.5133749014172836,9428643.410414591,31871538.502144452,3903.2439024390246,9428989.17795533,31872488.49065501,3903.2439024390246,9429234.997626068,31872399.019611865,4878.804878048781,9428889.230085332,31871449.03110131,4878.804878048781
9429284.971561067,31872918.749388713,4391.024390243902,0.5108930383149055,9428989.17795533,31872488.49065501,3903.2439024390246,9429334.945496066,31873438.47916557,3903.2439024390246,9429580.765166806,31873349.00812242,4878.804878048781,9429234.997626068,31872399.019611865,4878.804878048781
9429630.739101805,31873868.737899274,4391.024390243902,0.5607814081626764,9429334.945496066,31873438.47916557,3903.2439024390246,9429680.713036805,31874388.467676125,3903.2439024390246,9429926.532707542,31874298.99663298,4878.804878048781,9429580.765166806,31873349.00812242,4878.804878048781
9429976.506642543,31874818.72640983,4391.024390243902,0.670533661769384,9429680.713036805,31874388.467676125,3903.2439024390246,9430026.480577542,31875338.456186682,3903.2439024390246,9430272.30024828,31875248.985143535,4878.804878048781,9429926.532707542,31874298.99663298,4878.804878048781
9430322.274183279,31875768.714920387,4391.024390243902,0.6840278253434167,9430026.480577542,31875338.456186682,3903.2439024390246,9430372.24811828,31876288.44469724,3903.2439024390246,9430618.067789018,31876198.97365409,4878.804878048781,9430272.30024828,31875248.985143535,4878.804878048781
9430668.041724017,31876718.703430943,4391.024390243902,0.8301457703543533,9430372.24811828,31876288.44469724,3903.2439024390246,9430718.015659017,31877238.43320779,3903.2439024390246,9430963.835329756,31877148.962164648,4878.804878048781,9430618.067789018,31876198.97365409,4878.804878048781
9431013.809264753,31877668.6919415,4391.024390243902,0.9014253665634746,9430718.015659017,31877238.43320779,3903.2439024390246,9431063.783199755,31878188.42171835,3903.2439024390246,9431309.602870492,31878098.950675204,4878.804878048781,9430963.835329756,31877148.962164648,4878.804878048781
9431359.576805493,31878618.680452056,4391.024390243902,0.7470856496743219,9431063.783199755,31878188.42171835,3903.2439024390246,9431409.550740493,31879138.410228904,3903.2439024390246,9431655.37041123,31879048.93918576,4878.804878048781,9431309.602870492,31878098.950675204,4878.804878048781
9431705.34434623,31879568.66896261,4391.024390243902,1.1936657910644635,9431409.550740493,31879138.410228904,3903.2439024390246,9431755.31828123,31880088.398739465,3903.2439024390246,9432001.137951968,31879998.927696317,4878.804878048781,9431655.37041123,31879048.93918576,4878.804878048781
9432051.111886969,31880518.65747317,4391.024390243902,0.9864226651735284,9431755.31828123,31880088.398739465,3903.2439024390246,9432101.085821968,31881038.38725002,3903.2439024390246,9432346.905492706,31880948.916206874,4878.804878048781,9432001.137951968,31879998.927696317,4878.804878048781
9432396.879427705,31881468.645983726,4391.024390243902,0.995790325024616,9432101.085821968,31881038.38725002,3903.2439024390246,9432446.853362704,31881988.375760574,3903.2439024390246,9432692.673033444,31881898.90471743,4878.804878048781,9432346.905492706,31880948.916206874,4878.804878048781
9432742.646968443,31882418.63449428,4391.024390243902,0.9988980056374281,9432446.853362704,31881988.375760574,3903.2439024390246,9432792.620903442,31882938.364271134,3903.2439024390246,9433038.44057418,31882848.893227987,4878.804878048781,9432692.673033444,31881898.90471743,4878.804878048781
9433088.41450918,31883368.623004835,4391.024390243902,1.7727499989485604,9432792.620903442,31882938.364271134,3903.2439024390246,9433138.388444178,31883888.352781687,3903.2439024390246,9433384.208114918,31883798.88173854,4878.804878048781,9433038.44057418,31882848.893227987,4878.804878048781
9433434.182049917,31884318.61151539,4391.024390243902,2.348505921568324,9433138.388444178,31883888.352781687,3903.2439024390246,9433484.155984918,31884838.341292243,3903.2439024390246,9433729.975655654,31884748.8702491,4878.804878048781,9433384.208114918,31883798.88173854,4878.804878048781
9433779.949590655,31885268.600025948,4391.024390243902,2.4091643305843817,9433484.155984918,31884838.341292243,3903.2439024390246,9433829.923525654,31885788.329802804,3903.2439024390246,9434075.743196392,31885698.858759657,4878.804878048781,9433729.975655654,31884748.8702491,4878.804878048781
9434125.717131391,31886218.588536512,4391.024390243902,2.48950619319524,9433829.923525654,31885788.329802804,3903.2439024390246,9434175.691066392,31886738.31831336,3903.2439024390246,9434421.51073713,31886648.847270213,4878.804878048781,9434075.743196392,31885698.858759657,4878.804878048781
9434471.48467213,31887168.577047065,4391.024390243902,2.516276165897294,9434175.691066392,31886738.31831336,3903.2439024390246,9434521.458607128,31887688.306823917,3903.2439024390246,9434767.278277868,31887598.83578077,4878.804878048781,9434421.51073713,31886648.847270213,4878.804878048781
9434817.252212865,31888118.565557618,4391.024390243902,2.4443796064209766,9434521.458607128,31887688.306823917,3903.2439024390246,9434867.226147866,31888638.295334473,3903.2439024390246,9435113.045818605,31888548.824291326,4878.804878048781,9434767.278277868,31887598.83578077,4878.804878048781
9435163.019753603,31889068.554068174,4391.024390243902,2.5274535967561116,9434867.226147866,31888638.295334473,3903.2439024390246,9435212.993688604,31889588.283845026,3903.2439024390246,9435458.813359343,31889498.812801883,4878.804878048781,9435113.045818605,31888548.824291326,4878.804878048781
9435508.787294341,31890018.54257873,4391.024390243902,2.7801022044702015,9435212.993688604,31889588.283845026,3903.2439024390246,9435558.761229342,31890538.272355586,3903.2439024390246,9435804.58090008,31890448.80131244,4878.804878048781,9435458.813359343,31889498.812801883,4878.804878048781
9435854.55483508,31890968.53108929,4391.024390243902,2.5368946267060664,9435558.761229342,31890538.272355586,3903.2439024390246,9435904.52877008,31891488.260866143,3903.2439024390246,9436150.348440817,31891398.789822992,4878.804878048781,9435804.58090008,31890448.80131244,4878.804878048781
9436200.322375817,31891918.519599844,4391.024390243902,1.7572091373703373,9435904.52877008,31891488.260866143,3903.2439024390246,9436250.296310816,31892438.249376696,3903.2439024390246,9436496.115981556,31892348.778333552,4878.804878048781,9436150.348440817,31891398.789822992,4878.804878048781
9436546.089916555,31892868.5081104,4391.024390243902,1.393904621352886,9436250.296310816,31892438.249376696,3903.2439024390246,9436596.063851554,31893388.237887256,3903.2439024390246,9436841.883522293,31893298.76684411,4878.804878048781,9436496.115981556,31892348.778333552,4878.804878048781
9436891.857457293,31893818.49662096,4391.024390243902,1.682806455340546,9436596.063851554,31893388.237887256,3903.2439024390246,9436941.831392292,31894338.226397812,3903.2439024390246,9437187.65106303,31894248.755354665,4878.804878048781,9436841.883522293,31893298.76684411,4878.804878048781
9437237.62499803,31894768.485131513,4391.024390243902,2.0172235199294457,9436941.831392292,31894338.226397812,3903.2439024390246,9437287.59893303,31895288.21490837,3903.2439024390246,9437533.418603767,31895198.74386522,4878.804878048781,9437187.65106303,31894248.755354665,4878.804878048781
9437583.392538767,31895718.47364207,4391.024390243902,1.6883863245940618,9437287.59893303,31895288.21490837,3903.2439024390246,9437633.366473766,31896238.203418925,3903.2439024390246,9437879.186144505,31896148.73237578,4878.804878048781,9437533.418603767,31895198.74386522,4878.804878048781
9417428.927305995,31839579.68047609,5366.585365853659,0.07318491401805828,9417133.133700257,31839149.421742387,4878.804878048781,9417478.901240995,31840099.410252944,4878.804878048781,9417724.720911732,31840009.939209796,5854.365853658537,9417378.953370996,31839059.95069924,5854.365853658537
9417774.694846733,31840529.66898665,5366.585365853659,0.10981660748867866,9417478.901240995,31840099.410252944,4878.804878048781,9417824.668781731,31841049.3987635,4878.804878048781,9418070.488452472,31840959.927720353,5854.365853658537,9417724.720911732,31840009.939209796,5854.365853658537
9418120.462387469,31841479.657497205,5366.585365853659,0.24369237975534672,9417824.668781731,31841049.3987635,4878.804878048781,9418170.43632247,31841999.387274057,4878.804878048781,9418416.255993208,31841909.91623091,5854.365853658537,9418070.488452472,31840959.927720353,5854.365853658537
9418466.229928207,31842429.64600776,5366.585365853659,0.2207025378649755,9418170.43632247,31841999.387274057,4878.804878048781,9418516.203863207,31842949.375784613,4878.804878048781,9418762.023533946,31842859.90474147,5854.365853658537,9418416.255993208,31841909.91623091,5854.365853658537
9418811.997468945,31843379.634518318,5366.585365853659,0.21860479555972256,9418516.203863207,31842949.375784613,4878.804878048781,9418861.971403945,31843899.36429517,4878.804878048781,9419107.791074682,31843809.893252023,5854.365853658537,9418762.023533946,31842859.90474147,5854.365853658537
9419157.765009683,31844329.623028874,5366.585365853659,0.36535174826924166,9418861.971403945,31843899.36429517,4878.804878048781,9419207.738944681,31844849.352805726,4878.804878048781,9419453.55861542,31844759.88176258,5854.365853658537,9419107.791074682,31843809.893252023,5854.365853658537
9419503.532550419,31845279.61153943,5366.585365853659,0.5410366791373795,9419207.738944681,31844849.352805726,4878.804878048781,9419553.50648542,31845799.34131628,4878.804878048781,9419799.326156156,31845709.870273136,5854.365853658537,9419453.55861542,31844759.88176258,5854.365853658537
9419849.300091157,31846229.600049987,5366.585365853659,0.7528695868300632,9419553.50648542,31845799.34131628,4878.804878048781,9419899.274026157,31846749.32982684,4878.804878048781,9420145.093696896,31846659.858783692,5854.365853658537,9419799.326156156,31845709.870273136,5854.365853658537
9420195.067631897,31847179.588560548,5366.585365853659,0.8664616793770745,9419899.274026157,31846749.32982684,4878.804878048781,9420245.041566893,31847699.318337396,4878.804878048781,9420490.861237632,31847609.84729425,5854.365853658537,9420145.093696896,31846659.858783692,5854.365853658537
9420540.835172633,31848129.5770711,5366.585365853659,0.6642939625659956,9420245.041566893,31847699.318337396,4878.804878048781,9420590.809107633,31848649.306847952,4878.804878048781,9420836.62877837,31848559.83580481,5854.365853658537,9420490.861237632,31847609.84729425,5854.365853658537
9420886.60271337,31849079.565581657,5366.585365853659,0.6273179120772576,9420590.809107633,31848649.306847952,4878.804878048781,9420936.57664837,31849599.29535851,4878.804878048781,9421182.396319108,31849509.82431536,5854.365853658537,9420836.62877837,31848559.83580481,5854.365853658537
9421232.370254107,31850029.554092217,5366.585365853659,0.3611105419730005,9420936.57664837,31849599.29535851,4878.804878048781,9421282.344189107,31850549.283869065,4878.804878048781,9421528.163859846,31850459.812825922,5854.365853658537,9421182.396319108,31849509.82431536,5854.365853658537
9421578.137794845,31850979.54260277,5366.585365853659,0.41309287927081295,9421282.344189107,31850549.283869065,4878.804878048781,9421628.111729844,31851499.272379622,4878.804878048781,9421873.931400584,31851409.801336475,5854.365853658537,9421528.163859846,31850459.812825922,5854.365853658537
9421923.90533558,31851929.531113327,5366.585365853659,0.6590497315717331,9421628.111729844,31851499.272379622,4878.804878048781,9421973.879270582,31852449.26089018,4878.804878048781,9422219.69894132,31852359.78984703,5854.365853658537,9421873.931400584,31851409.801336475,5854.365853658537
9422269.672876319,31852879.519623887,5366.585365853659,0.8353192939286967,9421973.879270582,31852449.26089018,4878.804878048781,9422319.646811318,31853399.249400735,4878.804878048781,9422565.466482058,31853309.778357588,5854.365853658537,9422219.69894132,31852359.78984703,5854.365853658537
9422615.440417055,31853829.508134436,5366.585365853659,1.4548539492392734,9422319.646811318,31853399.249400735,4878.804878048781,9422665.414352058,31854349.23791129,4878.804878048781,9422911.234022794,31854259.766868144,5854.365853658537,9422565.466482058,31853309.778357588,5854.365853658537
9422961.207957795,31854779.496645,5366.585365853659,2.623022118593902,9422665.414352058,31854349.23791129,4878.804878048781,9423011.181892794,31855299.226421848,4878.804878048781,9423257.001563532,31855209.7553787,5854.365853658537,9422911.234022794,31854259.766868144,5854.365853658537
9423306.975498533,31855729.485155556,5366.585365853659,3.2397296203089927,9423011.181892794,31855299.226421848,4878.804878048781,9423356.949433532,31856249.214932404,4878.804878048781,9423602.76910427,31856159.74388926,5854.365853658537,9423257.001563532,31855209.7553787,5854.365853658537
9423652.743039269,31856679.47366611,5366.585365853659,3.2640974730805588,9423356.949433532,31856249.214932404,4878.804878048781,9423702.71697427,31857199.20344296,4878.804878048781,9423948.536645008,31857109.732399814,5854.365853658537,9423602.76910427,31856159.74388926,5854.365853658537
9423998.510580007,31857629.46217667,5366.585365853659,3.376395738370222,9423702.71697427,31857199.20344296,4878.804878048781,9424048.484515006,31858149.191953517,4878.804878048781,9424294.304185744,31858059.720910374,5854.365853658537,9423948.536645008,31857109.732399814,5854.365853658537
9424344.278120743,31858579.450687226,5366.585365853659,2.752750191946386,9424048.484515006,31858149.191953517,4878.804878048781,9424394.252055744,31859099.180464074,4878.804878048781,9424640.071726482,31859009.709420927,5854.365853658537,9424294.304185744,31858059.720910374,5854.365853658537
9424690.045661483,31859529.439197775,5366.585365853659,2.4598209924833374,9424394.252055744,31859099.180464074,4878.804878048781,9424740.01959648,31860049.16897463,4878.804878048781,9424985.83926722,31859959.697931483,5854.365853658537,9424640.071726482,31859009.709420927,5854.365853658537
9425035.81320222,31860479.42770834,5366.585365853659,2.7185684580750387,9424740.01959648,31860049.16897463,4878.804878048781,9425085.78713722,31860999.157485187,4878.804878048781,9425331.606807956,31860909.686442044,5854.365853658537,9424985.83926722,31859959.697931483,5854.365853658537
9425381.580742957,31861429.416218895,5366.585365853659,3.097511162137958,9425085.78713722,31860999.157485187,4878.804878048781,9425431.554677956,31861949.145995744,4878.804878048781,9425677.374348694,31861859.674952596,5854.365853658537,9425331.606807956,31860909.686442044,5854.365853658537
9425727.348283693,31862379.40472945,5366.585365853659,3.0436877763849908,9425431.554677956,31861949.145995744,4878.804878048781,9425777.322218694,31862899.1345063,4878.804878048781,9426023.141889432,31862809.663463153,5854.365853658537,9425677.374348694,31861859.674952596,5854.365853658537
9426073.115824431,31863329.393240005,5366.585365853659,2.5585906612611176,9425777.322218694,31862899.1345063,4878.804878048781,9426123.08975943,31863849.123016853,4878.804878048781,9426368.90943017,31863759.65197371,5854.365853658537,9426023.141889432,31862809.663463153,5854.365853658537
9426418.883365167,31864279.381750558,5366.585365853659,1.9731295245632154,9426123.08975943,31863849.123016853,4878.804878048781,9426468.85730017,31864799.111527413,4878.804878048781,9426714.676970907,31864709.640484266,5854.365853658537,9426368.90943017,31863759.65197371,5854.365853658537
9426764.650905907,31865229.370261118,5366.585365853659,2.3004877751034383,9426468.85730017,31864799.111527413,4878.804878048781,9426814.624840906,31865749.10003797,4878.804878048781,9427060.444511645,31865659.628994823,5854.365853658537,9426714.676970907,31864709.640484266,5854.365853658537
9427110.418446645,31866179.358771674,5366.585365853659,2.6941057029240536,9426814.624840906,31865749.10003797,4878.804878048781,9427160.392381644,31866699.088548526,4878.804878048781,9427406.212052383,31866609.61750538,5854.365853658537,9427060.444511645,31865659.628994823,5854.365853658537
9427456.185987381,31867129.34728223,5366.585365853659,2.2025935401435937,9427160.392381644,31866699.088548526,4878.804878048781,9427506.15992238,31867649.077059083,4878.804878048781,9427751.97959312,31867559.606015936,5854.365853658537,9427406.212052383,31866609.61750538,5854.365853658537
9427801.95352812,31868079.335792787,5366.585365853659,1.9996735155993812,9427506.15992238,31867649.077059083,4878.804878048781,9427851.927463118,31868599.06556964,4878.804878048781,9428097.747133857,31868509.594526496,5854.365853658537,9427751.97959312,31867559.606015936,5854.365853658537
9428147.721068855,31869029.324303344,5366.585365853659,2.445716368777537,9427851.927463118,31868599.06556964,4878.804878048781,9428197.695003856,31869549.054080196,4878.804878048781,9428443.514674595,31869459.58303705,5854.365853658537,9428097.747133857,31868509.594526496,5854.365853658537
9428493.488609595,31869979.3128139,5366.585365853659,1.7090292087555181,9428197.695003856,31869549.054080196,4878.804878048781,9428543.462544594,31870499.042590752,4878.804878048781,9428789.282215333,31870409.571547605,5854.365853658537,9428443.514674595,31869459.58303705,5854.365853658537
9428839.256150331,31870929.301324457,5366.585365853659,1.11884153563911,9428543.462544594,31870499.042590752,4878.804878048781,9428889.230085332,31871449.03110131,4878.804878048781,9429135.049756069,31871359.56005816,5854.365853658537,9428789.282215333,31870409.571547605,5854.365853658537
9429185.02369107,31871879.289835013,5366.585365853659,1.2351185272139278,9428889.230085332,31871449.03110131,4878.804878048781,9429234.997626068,31872399.019611865,4878.804878048781,9429480.817296809,31872309.548568718,5854.365853658537,9429135.049756069,31871359.56005816,5854.365853658537
9429530.791231805,31872829.27834557,5366.585365853659,1.5262168652484747,9429234.997626068,31872399.019611865,4878.804878048781,9429580.765166806,31873349.00812242,4878.804878048781,9429826.584837545,31873259.53707928,5854.365853658537,9429480.817296809,31872309.548568718,5854.365853658537
9429876.558772543,31873779.266856126,5366.585365853659,1.5695115209631867,9429580.765166806,31873349.00812242,4878.804878048781,9429926.532707542,31874298.99663298,4878.804878048781,9430172.352378283,31874209.52558983,5854.365853658537,9429826.584837545,31873259.53707928,5854.365853658537
9430222.32631328,31874729.255366683,5366.585365853659,1.3538462068729384,9429926.532707542,31874298.99663298,4878.804878048781,9430272.30024828,31875248.985143535,4878.804878048781,9430518.119919019,31875159.514100388,5854.365853658537,9430172.352378283,31874209.52558983,5854.365853658537
9430568.093854018,31875679.24387724,5366.585365853659,1.2036045634412023,9430272.30024828,31875248.985143535,4878.804878048781,9430618.067789018,31876198.97365409,4878.804878048781,9430863.887459757,31876109.502610948,5854.365853658537,9430518.119919019,31875159.514100388,5854.365853658537
9430913.861394756,31876629.232387796,5366.585365853659,1.1850083095356103,9430618.067789018,31876198.97365409,4878.804878048781,9430963.835329756,31877148.962164648,4878.804878048781,9431209.655000493,31877059.4911215,5854.365853658537,9430863.887459757,31876109.502610948,5854.365853658537
9431259.628935494,31877579.220898356,5366.585365853659,0.966205131639825,9430963.835329756,31877148.962164648,4878.804878048781,9431309.602870492,31878098.950675204,4878.804878048781,9431555.422541233,31878009.479632057,5854.365853658537,9431209.655000493,31877059.4911215,5854.365853658537
9431605.396476232,31878529.20940891,5366.585365853659,1.4103848893414972,9431309.602870492,31878098.950675204,4878.804878048781,9431655.37041123,31879048.93918576,4878.804878048781,9431901.190081969,31878959.468142614,5854.365853658537,9431555.422541233,31878009.479632057,5854.365853658537
9431951.164016968,31879479.197919462,5366.585365853659,1.9791125160270915,9431655.37041123,31879048.93918576,4878.804878048781,9432001.137951968,31879998.927696317,4878.804878048781,9432246.957622707,31879909.45665317,5854.365853658537,9431901.190081969,31878959.468142614,5854.365853658537
9432296.931557707,31880429.186430026,5366.585365853659,2.196802476711788,9432001.137951968,31879998.927696317,4878.804878048781,9432346.905492706,31880948.916206874,4878.804878048781,9432592.725163443,31880859.44516373,5854.365853658537,9432246.957622707,31879909.45665317,5854.365853658537
9432642.699098444,31881379.17494058,5366.585365853659,2.531093578502038,9432346.905492706,31880948.916206874,4878.804878048781,9432692.673033444,31881898.90471743,4878.804878048781,9432938.492704181,31881809.433674283,5854.365853658537,9432592.725163443,31880859.44516373,5854.365853658537
9432988.466639182,31882329.163451135,5366.585365853659,2.1387887820998484,9432692.673033444,31881898.90471743,4878.804878048781,9433038.44057418,31882848.893227987,4878.804878048781,9433284.260244919,31882759.42218484,5854.365853658537,9432938.492704181,31881809.433674283,5854.365853658537
9433334.234179918,31883279.151961688,5366.585365853659,3.012506581113692,9433038.44057418,31882848.893227987,4878.804878048781,9433384.208114918,31883798.88173854,4878.804878048781,9433630.027785655,31883709.410695396,5854.365853658537,9433284.260244919,31882759.42218484,5854.365853658537
9433680.001720656,31884229.140472244,5366.585365853659,3.0234067826925193,9433384.208114918,31883798.88173854,4878.804878048781,9433729.975655654,31884748.8702491,4878.804878048781,9433975.795326395,31884659.399205953,5854.365853658537,9433630.027785655,31883709.410695396,5854.365853658537
9434025.769261392,31885179.128982805,5366.585365853659,2.925302875403342,9433729.975655654,31884748.8702491,4878.804878048781,9434075.743196392,31885698.858759657,4878.804878048781,9434321.562867131,31885609.38771651,5854.365853658537,9433975.795326395,31884659.399205953,5854.365853658537
9434371.53680213,31886129.117493365,5366.585365853659,3.0820281928666224,9434075.743196392,31885698.858759657,4878.804878048781,9434421.51073713,31886648.847270213,4878.804878048781,9434667.33040787,31886559.376227066,5854.365853658537,9434321.562867131,31885609.38771651,5854.365853658537
9434717.304342868,31887079.106003914,5366.585365853659,2.6859946139568986,9434421.51073713,31886648.847270213,4878.804878048781,9434767.278277868,31887598.83578077,4878.804878048781,9435013.097948605,31887509.364737622,5854.365853658537,9434667.33040787,31886559.376227066,5854.365853658537
9435063.071883606,31888029.094514474,5366.585365853659,1.9975289544391341,9434767.278277868,31887598.83578077,4878.804878048781,9435113.045818605,31888548.824291326,4878.804878048781,9435358.865489345,31888459.353248183,5854.365853658537,9435013.097948605,31887509.364737622,5854.365853658537
9435408.839424344,31888979.083025027,5366.585365853659,2.1773918428383228,9435113.045818605,31888548.824291326,4878.804878048781,9435458.813359343,31889498.812801883,4878.804878048781,9435704.633030081,31889409.341758735,5854.365853658537,9435358.865489345,31888459.353248183,5854.365853658537
9435754.60696508,31889929.071535587,5366.585365853659,1.479750829621298,9435458.813359343,31889498.812801883,4878.804878048781,9435804.58090008,31890448.80131244,4878.804878048781,9436050.40057082,31890359.330269292,5854.365853658537,9435704.633030081,31889409.341758735,5854.365853658537
9436100.374505818,31890879.060046144,5366.585365853659,0.9384198465495877,9435804.58090008,31890448.80131244,4878.804878048781,9436150.348440817,31891398.789822992,4878.804878048781,9436396.168111555,31891309.31877985,5854.365853658537,9436050.40057082,31890359.330269292,5854.365853658537
9436446.142046556,31891829.048556697,5366.585365853659,1.1194538855051597,9436150.348440817,31891398.789822992,4878.804878048781,9436496.115981556,31892348.778333552,4878.804878048781,9436741.935652293,31892259.307290405,5854.365853658537,9436396.168111555,31891309.31877985,5854.365853658537
9436791.909587294,31892779.037067257,5366.585365853659,1.5345689900735766,9436496.115981556,31892348.778333552,4878.804878048781,9436841.883522293,31893298.76684411,4878.804878048781,9437087.703193031,31893209.295800965,5854.365853658537,9436741.935652293,31892259.307290405,5854.365853658537
9437137.67712803,31893729.025577813,5366.585365853659,1.9292867127036823,9436841.883522293,31893298.76684411,4878.804878048781,9437187.65106303,31894248.755354665,4878.804878048781,9437433.47073377,31894159.28431152,5854.365853658537,9437087.703193031,31893209.295800965,5854.365853658537
9437483.444668768,31894679.014088366,5366.585365853659,2.1913616839041072,9437187.65106303,31894248.755354665,4878.804878048781,9437533.418603767,31895198.74386522,4878.804878048781,9437779.238274507,31895109.272822075,5854.365853658537,9437433.47073377,31894159.28431152,5854.365853658537
9437829.212209504,31895629.002598926,5366.585365853659,1.929241113838589,9437533.418603767,31895198.74386522,4878.804878048781,9437879.186144505,31896148.73237578,4878.804878048781,9438125.005815243,31896059.261332635,5854.365853658537,9437779.238274507,31895109.272822075,5854.365853658537
9417674.746976733,31839490.209432945,6342.146341463415,0.045045526198155945,9417378.953370996,31839059.95069924,5854.365853658537,9417724.720911732,31840009.939209796,5854.365853658537,9417970.540582472,31839920.468166653,6829.926829268294,9417624.773041734,31838970.479656093,6829.926829268294
9418020.51451747,31840440.1979435,6342.146341463415,0.1026105877565618,9417724.720911732,31840009.939209796,5854.365853658537,9418070.488452472,31840959.927720353,5854.365853658537,9418316.308123209,31840870.456677206,6829.926829268294,9417970.540582472,31839920.468166653,6829.926829268294
9418366.28205821,31841390.18645406,6342.146341463415,0.07353224128702988,9418070.488452472,31840959.927720353,5854.365853658537,9418416.255993208,31841909.91623091,5854.365853658537,9418662.075663947,31841820.445187766,6829.926829268294,9418316.308123209,31840870.456677206,6829.926829268294
9418712.049598945,31842340.174964614,6342.146341463415,0.14004820807093932,9418416.255993208,31841909.91623091,5854.365853658537,9418762.023533946,31842859.90474147,5854.365853658537,9419007.843204685,31842770.433698323,6829.926829268294,9418662.075663947,31841820.445187766,6829.926829268294
9419057.817139685,31843290.16347517,6342.146341463415,0.2428835564898735,9418762.023533946,31842859.90474147,5854.365853658537,9419107.791074682,31843809.893252023,5854.365853658537,9419353.610745423,31843720.422208875,6829.926829268294,9419007.843204685,31842770.433698323,6829.926829268294
9419403.58468042,31844240.15198573,6342.146341463415,0.2666980760099606,9419107.791074682,31843809.893252023,5854.365853658537,9419453.55861542,31844759.88176258,5854.365853658537,9419699.378286159,31844670.410719436,6829.926829268294,9419353.610745423,31843720.422208875,6829.926829268294
9419749.35222116,31845190.140496284,6342.146341463415,0.42082039525933673,9419453.55861542,31844759.88176258,5854.365853658537,9419799.326156156,31845709.870273136,5854.365853658537,9420045.145826897,31845620.39922999,6829.926829268294,9419699.378286159,31844670.410719436,6829.926829268294
9420095.119761895,31846140.129006844,6342.146341463415,0.5054453580999477,9419799.326156156,31845709.870273136,5854.365853658537,9420145.093696896,31846659.858783692,5854.365853658537,9420390.913367633,31846570.387740545,6829.926829268294,9420045.145826897,31845620.39922999,6829.926829268294
9420440.887302633,31847090.1175174,6342.146341463415,0.7039673016301133,9420145.093696896,31846659.858783692,5854.365853658537,9420490.861237632,31847609.84729425,5854.365853658537,9420736.68090837,31847520.376251105,6829.926829268294,9420390.913367633,31846570.387740545,6829.926829268294
9420786.65484337,31848040.106027953,6342.146341463415,0.7713769238705631,9420490.861237632,31847609.84729425,5854.365853658537,9420836.62877837,31848559.83580481,5854.365853658537,9421082.448449109,31848470.364761658,6829.926829268294,9420736.68090837,31847520.376251105,6829.926829268294
9421132.422384107,31848990.094538514,6342.146341463415,0.4930894040072172,9420836.62877837,31848559.83580481,5854.365853658537,9421182.396319108,31849509.82431536,5854.365853658537,9421428.215989847,31849420.35327222,6829.926829268294,9421082.448449109,31848470.364761658,6829.926829268294
9421478.189924845,31849940.08304907,6342.146341463415,0.2793498545319745,9421182.396319108,31849509.82431536,5854.365853658537,9421528.163859846,31850459.812825922,5854.365853658537,9421773.983530585,31850370.341782775,6829.926829268294,9421428.215989847,31849420.35327222,6829.926829268294
9421823.957465583,31850890.071559623,6342.146341463415,0.504706116355005,9421528.163859846,31850459.812825922,5854.365853658537,9421873.931400584,31851409.801336475,5854.365853658537,9422119.75107132,31851320.330293328,6829.926829268294,9421773.983530585,31850370.341782775,6829.926829268294
9422169.725006323,31851840.060070183,6342.146341463415,0.7432203764394456,9421873.931400584,31851409.801336475,5854.365853658537,9422219.69894132,31852359.78984703,5854.365853658537,9422465.51861206,31852270.318803888,6829.926829268294,9422119.75107132,31851320.330293328,6829.926829268294
9422515.492547058,31852790.04858074,6342.146341463415,1.3731892174818605,9422219.69894132,31852359.78984703,5854.365853658537,9422565.466482058,31853309.778357588,5854.365853658537,9422811.286152797,31853220.30731444,6829.926829268294,9422465.51861206,31852270.318803888,6829.926829268294
9422861.260087797,31853740.037091292,6342.146341463415,1.8418097706705052,9422565.466482058,31853309.778357588,5854.365853658537,9422911.234022794,31854259.766868144,5854.365853658537,9423157.053693535,31854170.295824997,6829.926829268294,9422811.286152797,31853220.30731444,6829.926829268294
9423207.027628532,31854690.025601853,6342.146341463415,2.506079478389642,9422911.234022794,31854259.766868144,5854.365853658537,9423257.001563532,31855209.7553787,5854.365853658537,9423502.82123427,31855120.284335557,6829.926829268294,9423157.053693535,31854170.295824997,6829.926829268294
9423552.795169272,31855640.01411241,6342.146341463415,2.9748285831576977,9423257.001563532,31855209.7553787,5854.365853658537,9423602.76910427,31856159.74388926,5854.365853658537,9423848.588775009,31856070.272846114,6829.926829268294,9423502.82123427,31855120.284335557,6829.926829268294
9423898.562710008,31856590.002622966,6342.146341463415,2.8227249473302303,9423602.76910427,31856159.74388926,5854.365853658537,9423948.536645008,31857109.732399814,5854.365853658537,9424194.356315745,31857020.26135667,6829.926829268294,9423848.588775009,31856070.272846114,6829.926829268294
9424244.330250746,31857539.991133522,6342.146341463415,2.3913672330191775,9423948.536645008,31857109.732399814,5854.365853658537,9424294.304185744,31858059.720910374,5854.365853658537,9424540.123856485,31857970.249867227,6829.926829268294,9424194.356315745,31857020.26135667,6829.926829268294
9424590.097791482,31858489.97964408,6342.146341463415,2.251361716250466,9424294.304185744,31858059.720910374,5854.365853658537,9424640.071726482,31859009.709420927,5854.365853658537,9424885.891397221,31858920.23837778,6829.926829268294,9424540.123856485,31857970.249867227,6829.926829268294
9424935.86533222,31859439.96815463,6342.146341463415,2.235950895787544,9424640.071726482,31859009.709420927,5854.365853658537,9424985.83926722,31859959.697931483,5854.365853658537,9425231.658937959,31859870.22688834,6829.926829268294,9424885.891397221,31858920.23837778,6829.926829268294
9425281.632872958,31860389.95666519,6342.146341463415,2.969352857206441,9424985.83926722,31859959.697931483,5854.365853658537,9425331.606807956,31860909.686442044,5854.365853658537,9425577.426478695,31860820.215398893,6829.926829268294,9425231.658937959,31859870.22688834,6829.926829268294
9425627.400413694,31861339.945175752,6342.146341463415,3.1696079651046105,9425331.606807956,31860909.686442044,5854.365853658537,9425677.374348694,31861859.674952596,5854.365853658537,9425923.194019433,31861770.20390945,6829.926829268294,9425577.426478695,31860820.215398893,6829.926829268294
9425973.167954432,31862289.9336863,6342.146341463415,3.798603091921224,9425677.374348694,31861859.674952596,5854.365853658537,9426023.141889432,31862809.663463153,5854.365853658537,9426268.961560171,31862720.19242001,6829.926829268294,9425923.194019433,31861770.20390945,6829.926829268294
9426318.93549517,31863239.922196858,6342.146341463415,3.8985712175831826,9426023.141889432,31862809.663463153,5854.365853658537,9426368.90943017,31863759.65197371,5854.365853658537,9426614.729100907,31863670.180930562,6829.926829268294,9426268.961560171,31862720.19242001,6829.926829268294
9426664.70303591,31864189.910707414,6342.146341463415,3.369781963866006,9426368.90943017,31863759.65197371,5854.365853658537,9426714.676970907,31864709.640484266,5854.365853658537,9426960.496641647,31864620.169441123,6829.926829268294,9426614.729100907,31863670.180930562,6829.926829268294
9427010.470576644,31865139.89921797,6342.146341463415,2.8423806202484836,9426714.676970907,31864709.640484266,5854.365853658537,9427060.444511645,31865659.628994823,5854.365853658537,9427306.264182383,31865570.157951675,6829.926829268294,9426960.496641647,31864620.169441123,6829.926829268294
9427356.238117384,31866089.887728527,6342.146341463415,2.914518802203415,9427060.444511645,31865659.628994823,5854.365853658537,9427406.212052383,31866609.61750538,5854.365853658537,9427652.031723121,31866520.146462232,6829.926829268294,9427306.264182383,31865570.157951675,6829.926829268294
9427702.00565812,31867039.876239084,6342.146341463415,2.7743257815383697,9427406.212052383,31866609.61750538,5854.365853658537,9427751.97959312,31867559.606015936,5854.365853658537,9427997.799263857,31867470.134972792,6829.926829268294,9427652.031723121,31866520.146462232,6829.926829268294
9428047.773198858,31867989.86474964,6342.146341463415,2.208947759157952,9427751.97959312,31867559.606015936,5854.365853658537,9428097.747133857,31868509.594526496,5854.365853658537,9428343.566804595,31868420.12348335,6829.926829268294,9427997.799263857,31867470.134972792,6829.926829268294
9428393.540739594,31868939.8532602,6342.146341463415,2.565727742708702,9428097.747133857,31868509.594526496,5854.365853658537,9428443.514674595,31869459.58303705,5854.365853658537,9428689.334345331,31869370.1119939,6829.926829268294,9428343.566804595,31868420.12348335,6829.926829268294
9428739.308280332,31869889.841770753,6342.146341463415,2.387843846462761,9428443.514674595,31869459.58303705,5854.365853658537,9428789.282215333,31870409.571547605,5854.365853658537,9429035.101886071,31870320.10050446,6829.926829268294,9428689.334345331,31869370.1119939,6829.926829268294
9429085.075821068,31870839.83028131,6342.146341463415,1.9064093621783114,9428789.282215333,31870409.571547605,5854.365853658537,9429135.049756069,31871359.56005816,5854.365853658537,9429380.869426807,31871270.089015014,6829.926829268294,9429035.101886071,31870320.10050446,6829.926829268294
9429430.843361806,31871789.81879187,6342.146341463415,2.3793519116230306,9429135.049756069,31871359.56005816,5854.365853658537,9429480.817296809,31872309.548568718,5854.365853658537,9429726.636967545,31872220.077525575,6829.926829268294,9429380.869426807,31871270.089015014,6829.926829268294
9429776.610902546,31872739.807302423,6342.146341463415,2.746507178894561,9429480.817296809,31872309.548568718,5854.365853658537,9429826.584837545,31873259.53707928,5854.365853658537,9430072.404508283,31873170.06603613,6829.926829268294,9429726.636967545,31872220.077525575,6829.926829268294
9430122.378443282,31873689.79581298,6342.146341463415,2.709507893718978,9429826.584837545,31873259.53707928,5854.365853658537,9430172.352378283,31874209.52558983,5854.365853658537,9430418.172049021,31874120.054546684,6829.926829268294,9430072.404508283,31873170.06603613,6829.926829268294
9430468.145984022,31874639.78432354,6342.146341463415,2.3889704333475987,9430172.352378283,31874209.52558983,5854.365853658537,9430518.119919019,31875159.514100388,5854.365853658537,9430763.93958976,31875070.043057244,6829.926829268294,9430418.172049021,31874120.054546684,6829.926829268294
9430813.913524756,31875589.772834092,6342.146341463415,1.8282877301076665,9430518.119919019,31875159.514100388,5854.365853658537,9430863.887459757,31876109.502610948,5854.365853658537,9431109.707130495,31876020.0315678,6829.926829268294,9430763.93958976,31875070.043057244,6829.926829268294
9431159.681065496,31876539.761344653,6342.146341463415,1.5254193709271195,9430863.887459757,31876109.502610948,5854.365853658537,9431209.655000493,31877059.4911215,5854.365853658537,9431455.474671233,31876970.020078354,6829.926829268294,9431109.707130495,31876020.0315678,6829.926829268294
9431505.448606232,31877489.74985521,6342.146341463415,1.7887267756008,9431209.655000493,31877059.4911215,5854.365853658537,9431555.422541233,31878009.479632057,5854.365853658537,9431801.24221197,31877920.008588914,6829.926829268294,9431455.474671233,31876970.020078354,6829.926829268294
9431851.21614697,31878439.738365762,6342.146341463415,1.576830451008783,9431555.422541233,31878009.479632057,5854.365853658537,9431901.190081969,31878959.468142614,5854.365853658537,9432147.009752708,31878869.997099467,6829.926829268294,9431801.24221197,31877920.008588914,6829.926829268294
9432196.983687706,31879389.72687632,6342.146341463415,2.0449451953724047,9431901.190081969,31878959.468142614,5854.365853658537,9432246.957622707,31879909.45665317,5854.365853658537,9432492.777293444,31879819.985610027,6829.926829268294,9432147.009752708,31878869.997099467,6829.926829268294
9432542.751228444,31880339.71538688,6342.146341463415,2.5270590043221985,9432246.957622707,31879909.45665317,5854.365853658537,9432592.725163443,31880859.44516373,5854.365853658537,9432838.544834184,31880769.974120583,6829.926829268294,9432492.777293444,31879819.985610027,6829.926829268294
9432888.51876918,31881289.70389743,6342.146341463415,2.521394447126966,9432592.725163443,31880859.44516373,5854.365853658537,9432938.492704181,31881809.433674283,5854.365853658537,9433184.31237492,31881719.962631136,6829.926829268294,9432838.544834184,31880769.974120583,6829.926829268294
9433234.286309918,31882239.692407988,6342.146341463415,2.6219862336983306,9432938.492704181,31881809.433674283,5854.365853658537,9433284.260244919,31882759.42218484,5854.365853658537,9433530.079915658,31882669.951141696,6829.926829268294,9433184.31237492,31881719.962631136,6829.926829268294
9433580.053850656,31883189.68091854,6342.146341463415,2.140952072149772,9433284.260244919,31882759.42218484,5854.365853658537,9433630.027785655,31883709.410695396,5854.365853658537,9433875.847456396,31883619.93965225,6829.926829268294,9433530.079915658,31882669.951141696,6829.926829268294
9433925.821391392,31884139.6694291,6342.146341463415,1.9456876797344227,9433630.027785655,31883709.410695396,5854.365853658537,9433975.795326395,31884659.399205953,5854.365853658537,9434221.614997132,31884569.92816281,6829.926829268294,9433875.847456396,31883619.93965225,6829.926829268294
9434271.588932132,31885089.657939658,6342.146341463415,2.0506540696674325,9433975.795326395,31884659.399205953,5854.365853658537,9434321.562867131,31885609.38771651,5854.365853658537,9434567.38253787,31885519.916673366,6829.926829268294,9434221.614997132,31884569.92816281,6829.926829268294
9434617.356472868,31886039.64645021,6342.146341463415,1.6645078683589785,9434321.562867131,31885609.38771651,5854.365853658537,9434667.33040787,31886559.376227066,5854.365853658537,9434913.150078608,31886469.90518392,6829.926829268294,9434567.38253787,31885519.916673366,6829.926829268294
9434963.124013608,31886989.63496077,6342.146341463415,1.9239356715288551,9434667.33040787,31886559.376227066,5854.365853658537,9435013.097948605,31887509.364737622,5854.365853658537,9435258.917619346,31887419.89369448,6829.926829268294,9434913.150078608,31886469.90518392,6829.926829268294
9435308.891554344,31887939.623471327,6342.146341463415,1.7208485849579653,9435013.097948605,31887509.364737622,5854.365853658537,9435358.865489345,31888459.353248183,5854.365853658537,9435604.685160082,31888369.882205036,6829.926829268294,9435258.917619346,31887419.89369448,6829.926829268294
9435654.659095082,31888889.611981884,6342.146341463415,1.3627754705390185,9435358.865489345,31888459.353248183,5854.365853658537,9435704.633030081,31889409.341758735,5854.365853658537,9435950.45270082,31889319.87071559,6829.926829268294,9435604.685160082,31888369.882205036,6829.926829268294
9436000.426635819,31889839.60049244,6342.146341463415,0.7525479828722224,9435704.633030081,31889409.341758735,5854.365853658537,9436050.40057082,31890359.330269292,5854.365853658537,9436296.220241558,31890269.85922615,6829.926829268294,9435950.45270082,31889319.87071559,6829.926829268294
9436346.194176557,31890789.589002997,6342.146341463415,0.7551453958195897,9436050.40057082,31890359.330269292,5854.365853658537,9436396.168111555,31891309.31877985,5854.365853658537,9436641.987782296,31891219.8477367,6829.926829268294,9436296.220241558,31890269.85922615,6829.926829268294
9436691.961717293,31891739.577513553,6342.146341463415,0.9727391714596657,9436396.168111555,31891309.31877985,5854.365853658537,9436741.935652293,31892259.307290405,5854.365853658537,9436987.755323032,31892169.83624726,6829.926829268294,9436641.987782296,31891219.8477367,6829.926829268294
9437037.72925803,31892689.56602411,6342.146341463415,1.438956111772388,9436741.935652293,31892259.307290405,5854.365853658537,9437087.703193031,31893209.295800965,5854.365853658537,9437333.52286377,31893119.824757818,6829.926829268294,9436987.755323032,31892169.83624726,6829.926829268294
9437383.496798769,31893639.554534666,6342.146341463415,1.880685876046288,9437087.703193031,31893209.295800965,5854.365853658537,9437433.47073377,31894159.28431152,5854.365853658537,9437679.290404506,31894069.81326837,6829.926829268294,9437333.52286377,31893119.824757818,6829.926829268294
9437729.264339507,31894589.543045223,6342.146341463415,1.7007874063704544,9437433.47073377,31894159.28431152,5854.365853658537,9437779.238274507,31895109.272822075,5854.365853658537,9438025.057945244,31895019.80177893,6829.926829268294,9437679.290404506,31894069.81326837,6829.926829268294
9438075.031880246,31895539.53155578,6342.146341463415,1.6972963098722877,9437779.238274507,31895109.272822075,5854.365853658537,9438125.005815243,31896059.261332635,5854.365853658537,9438370.825485984,31895969.790289488,6829.926829268294,9438025.057945244,31895019.80177893,6829.926829268294
9417920.566647474,31839400.738389798,7317.707317073172,0.2042536226553092,9417624.773041734,31838970.479656093,6829.926829268294,9417970.540582472,31839920.468166653,6829.926829268294,9418216.360253211,31839830.997123502,7805.48780487805,9417870.592712473,31838881.00861295,7805.48780487805
9418266.33418821,31840350.726900358,7317.707317073172,0.19331286501177375,9417970.540582472,31839920.468166653,6829.926829268294,9418316.308123209,31840870.456677206,6829.926829268294,9418562.127793947,31840780.985634062,7805.48780487805,9418216.360253211,31839830.997123502,7805.48780487805
9418612.101728948,31841300.715410914,7317.707317073172,0.11655709911731618,9418316.308123209,31840870.456677206,6829.926829268294,9418662.075663947,31841820.445187766,6829.926829268294,9418907.895334685,31841730.97414462,7805.48780487805,9418562.127793947,31840780.985634062,7805.48780487805
9418957.869269686,31842250.703921467,7317.707317073172,0.21273541919812664,9418662.075663947,31841820.445187766,6829.926829268294,9419007.843204685,31842770.433698323,6829.926829268294,9419253.662875423,31842680.962655175,7805.48780487805,9418907.895334685,31841730.97414462,7805.48780487805
9419303.636810422,31843200.692432027,7317.707317073172,0.1952009825325287,9419007.843204685,31842770.433698323,6829.926829268294,9419353.610745423,31843720.422208875,6829.926829268294,9419599.43041616,31843630.951165732,7805.48780487805,9419253.662875423,31842680.962655175,7805.48780487805
9419649.40435116,31844150.680942584,7317.707317073172,0.26081773236115796,9419353.610745423,31843720.422208875,6829.926829268294,9419699.378286159,31844670.410719436,6829.926829268294,9419945.1979569,31844580.93967629,7805.48780487805,9419599.43041616,31843630.951165732,7805.48780487805
9419995.171891896,31845100.66945314,7317.707317073172,0.28483497288944126,9419699.378286159,31844670.410719436,6829.926829268294,9420045.145826897,31845620.39922999,6829.926829268294,9420290.965497635,31845530.92818684,7805.48780487805,9419945.1979569,31844580.93967629,7805.48780487805
9420340.939432634,31846050.657963697,7317.707317073172,0.40738130864069366,9420045.145826897,31845620.39922999,6829.926829268294,9420390.913367633,31846570.387740545,6829.926829268294,9420636.733038373,31846480.9166974,7805.48780487805,9420290.965497635,31845530.92818684,7805.48780487805
9420686.70697337,31847000.646474253,7317.707317073172,0.5433928693570083,9420390.913367633,31846570.387740545,6829.926829268294,9420736.68090837,31847520.376251105,6829.926829268294,9420982.50057911,31847430.905207958,7805.48780487805,9420636.733038373,31846480.9166974,7805.48780487805
9421032.474514108,31847950.63498481,7317.707317073172,0.6161001314333578,9420736.68090837,31847520.376251105,6829.926829268294,9421082.448449109,31848470.364761658,6829.926829268294,9421328.268119847,31848380.893718515,7805.48780487805,9420982.50057911,31847430.905207958,7805.48780487805
9421378.242054846,31848900.623495366,7317.707317073172,0.7835670408261011,9421082.448449109,31848470.364761658,6829.926829268294,9421428.215989847,31849420.35327222,6829.926829268294,9421674.035660584,31849330.88222907,7805.48780487805,9421328.268119847,31848380.893718515,7805.48780487805
9421724.009595586,31849850.612005923,7317.707317073172,1.0837893918301413,9421428.215989847,31849420.35327222,6829.926829268294,9421773.983530585,31850370.341782775,6829.926829268294,9422019.803201323,31850280.870739628,7805.48780487805,9421674.035660584,31849330.88222907,7805.48780487805
9422069.77713632,31850800.60051648,7317.707317073172,1.5852197703502178,9421773.983530585,31850370.341782775,6829.926829268294,9422119.75107132,31851320.330293328,6829.926829268294,9422365.57074206,31851230.859250184,7805.48780487805,9422019.803201323,31850280.870739628,7805.48780487805
9422415.54467706,31851750.589027036,7317.707317073172,2.0001720148209565,9422119.75107132,31851320.330293328,6829.926829268294,9422465.51861206,31852270.318803888,6829.926829268294,9422711.338282797,31852180.84776074,7805.48780487805,9422365.57074206,31851230.859250184,7805.48780487805
9422761.312217798,31852700.577537596,7317.707317073172,2.3825502333999737,9422465.51861206,31852270.318803888,6829.926829268294,9422811.286152797,31853220.30731444,6829.926829268294,9423057.105823535,31853130.836271293,7805.48780487805,9422711.338282797,31852180.84776074,7805.48780487805
9423107.079758534,31853650.566048145,7317.707317073172,3.322221901718834,9422811.286152797,31853220.30731444,6829.926829268294,9423157.053693535,31854170.295824997,6829.926829268294,9423402.873364272,31854080.824781854,7805.48780487805,9423057.105823535,31853130.836271293,7805.48780487805
9423452.847299272,31854600.554558706,7317.707317073172,3.730738934124617,9423157.053693535,31854170.295824997,6829.926829268294,9423502.82123427,31855120.284335557,6829.926829268294,9423748.64090501,31855030.81329241,7805.48780487805,9423402.873364272,31854080.824781854,7805.48780487805
9423798.614840008,31855550.543069266,7317.707317073172,3.346880640479994,9423502.82123427,31855120.284335557,6829.926829268294,9423848.588775009,31856070.272846114,6829.926829268294,9424094.408445748,31855980.801802967,7805.48780487805,9423748.64090501,31855030.81329241,7805.48780487805
9424144.382380746,31856500.531579815,7317.707317073172,3.0340319076530515,9423848.588775009,31856070.272846114,6829.926829268294,9424194.356315745,31857020.26135667,6829.926829268294,9424440.175986486,31856930.790313523,7805.48780487805,9424094.408445748,31855980.801802967,7805.48780487805
9424490.149921482,31857450.520090375,7317.707317073172,2.9195850617149794,9424194.356315745,31857020.26135667,6829.926829268294,9424540.123856485,31857970.249867227,6829.926829268294,9424785.943527222,31857880.77882408,7805.48780487805,9424440.175986486,31856930.790313523,7805.48780487805
9424835.917462222,31858400.508600935,7317.707317073172,2.9691344772976955,9424540.123856485,31857970.249867227,6829.926829268294,9424885.891397221,31858920.23837778,6829.926829268294,9425131.71106796,31858830.767334636,7805.48780487805,9424785.943527222,31857880.77882408,7805.48780487805
9425181.685002958,31859350.497111484,7317.707317073172,3.097814287180759,9424885.891397221,31858920.23837778,6829.926829268294,9425231.658937959,31859870.22688834,6829.926829268294,9425477.478608696,31859780.755845193,7805.48780487805,9425131.71106796,31858830.767334636,7805.48780487805
9425527.452543698,31860300.485622045,7317.707317073172,3.6321120331639825,9425231.658937959,31859870.22688834,6829.926829268294,9425577.426478695,31860820.215398893,6829.926829268294,9425823.246149436,31860730.744355746,7805.48780487805,9425477.478608696,31859780.755845193,7805.48780487805
9425873.220084433,31861250.474132597,7317.707317073172,3.2429791116582654,9425577.426478695,31860820.215398893,6829.926829268294,9425923.194019433,31861770.20390945,6829.926829268294,9426169.013690172,31861680.732866306,7805.48780487805,9425823.246149436,31860730.744355746,7805.48780487805
9426218.987625172,31862200.462643154,7317.707317073172,3.568627487981559,9425923.194019433,31861770.20390945,6829.926829268294,9426268.961560171,31862720.19242001,6829.926829268294,9426514.78123091,31862630.721376862,7805.48780487805,9426169.013690172,31861680.732866306,7805.48780487805
9426564.755165908,31863150.451153714,7317.707317073172,3.8773678363988053,9426268.961560171,31862720.19242001,6829.926829268294,9426614.729100907,31863670.180930562,6829.926829268294,9426860.548771646,31863580.70988742,7805.48780487805,9426514.78123091,31862630.721376862,7805.48780487805
9426910.522706646,31864100.439664267,7317.707317073172,3.8638778582338165,9426614.729100907,31863670.180930562,6829.926829268294,9426960.496641647,31864620.169441123,6829.926829268294,9427206.316312384,31864530.698397975,7805.48780487805,9426860.548771646,31863580.70988742,7805.48780487805
9427256.290247384,31865050.428174824,7317.707317073172,3.4191292145740744,9426960.496641647,31864620.169441123,6829.926829268294,9427306.264182383,31865570.157951675,6829.926829268294,9427552.083853122,31865480.68690853,7805.48780487805,9427206.316312384,31864530.698397975,7805.48780487805
9427602.05778812,31866000.416685384,7317.707317073172,2.932294701116512,9427306.264182383,31865570.157951675,6829.926829268294,9427652.031723121,31866520.146462232,6829.926829268294,9427897.85139386,31866430.67541909,7805.48780487805,9427552.083853122,31865480.68690853,7805.48780487805
9427947.825328859,31866950.405195937,7317.707317073172,2.2078274011402694,9427652.031723121,31866520.146462232,6829.926829268294,9427997.799263857,31867470.134972792,6829.926829268294,9428243.618934598,31867380.663929645,7805.48780487805,9427897.85139386,31866430.67541909,7805.48780487805
9428293.592869595,31867900.393706497,7317.707317073172,2.2953143439889825,9427997.799263857,31867470.134972792,6829.926829268294,9428343.566804595,31868420.12348335,6829.926829268294,9428589.386475334,31868330.6524402,7805.48780487805,9428243.618934598,31867380.663929645,7805.48780487805
9428639.360410333,31868850.382217053,7317.707317073172,2.612843713844951,9428343.566804595,31868420.12348335,6829.926829268294,9428689.334345331,31869370.1119939,6829.926829268294,9428935.154016072,31869280.640950758,7805.48780487805,9428589.386475334,31868330.6524402,7805.48780487805
9428985.127951069,31869800.370727606,7317.707317073172,2.509710024484269,9428689.334345331,31869370.1119939,6829.926829268294,9429035.101886071,31870320.10050446,6829.926829268294,9429280.921556808,31870230.629461315,7805.48780487805,9428935.154016072,31869280.640950758,7805.48780487805
9429330.895491809,31870750.359238166,7317.707317073172,1.9539001145792583,9429035.101886071,31870320.10050446,6829.926829268294,9429380.869426807,31871270.089015014,6829.926829268294,9429626.689097546,31871180.61797187,7805.48780487805,9429280.921556808,31870230.629461315,7805.48780487805
9429676.663032545,31871700.347748723,7317.707317073172,1.843094008817357,9429380.869426807,31871270.089015014,6829.926829268294,9429726.636967545,31872220.077525575,6829.926829268294,9429972.456638284,31872130.606482428,7805.48780487805,9429626.689097546,31871180.61797187,7805.48780487805
9430022.430573285,31872650.336259276,7317.707317073172,2.8026212157559396,9429726.636967545,31872220.077525575,6829.926829268294,9430072.404508283,31873170.06603613,6829.926829268294,9430318.224179022,31873080.59499298,7805.48780487805,9429972.456638284,31872130.606482428,7805.48780487805
9430368.19811402,31873600.324769836,7317.707317073172,2.6266237828990633,9430072.404508283,31873170.06603613,6829.926829268294,9430418.172049021,31874120.054546684,6829.926829268294,9430663.991719758,31874030.58350354,7805.48780487805,9430318.224179022,31873080.59499298,7805.48780487805
9430713.965654759,31874550.313280392,7317.707317073172,2.790926476072056,9430418.172049021,31874120.054546684,6829.926829268294,9430763.93958976,31875070.043057244,6829.926829268294,9431009.759260496,31874980.572014097,7805.48780487805,9430663.991719758,31874030.58350354,7805.48780487805
9431059.733195497,31875500.30179095,7317.707317073172,2.800794060331826,9430763.93958976,31875070.043057244,6829.926829268294,9431109.707130495,31876020.0315678,6829.926829268294,9431355.526801236,31875930.560524654,7805.48780487805,9431009.759260496,31874980.572014097,7805.48780487805
9431405.500736233,31876450.290301505,7317.707317073172,2.4377111441058656,9431109.707130495,31876020.0315678,6829.926829268294,9431455.474671233,31876970.020078354,6829.926829268294,9431701.294341972,31876880.54903521,7805.48780487805,9431355.526801236,31875930.560524654,7805.48780487805
9431751.26827697,31877400.278812062,7317.707317073172,2.044879965833075,9431455.474671233,31876970.020078354,6829.926829268294,9431801.24221197,31877920.008588914,6829.926829268294,9432047.06188271,31877830.537545767,7805.48780487805,9431701.294341972,31876880.54903521,7805.48780487805
9432097.035817707,31878350.26732262,7317.707317073172,1.4817062112922341,9431801.24221197,31877920.008588914,6829.926829268294,9432147.009752708,31878869.997099467,6829.926829268294,9432392.829423446,31878780.526056323,7805.48780487805,9432047.06188271,31877830.537545767,7805.48780487805
9432442.803358445,31879300.25583317,7317.707317073172,1.8342226350048931,9432147.009752708,31878869.997099467,6829.926829268294,9432492.777293444,31879819.985610027,6829.926829268294,9432738.596964184,31879730.51456688,7805.48780487805,9432392.829423446,31878780.526056323,7805.48780487805
9432788.570899181,31880250.24434373,7317.707317073172,2.3317194532327568,9432492.777293444,31879819.985610027,6829.926829268294,9432838.544834184,31880769.974120583,6829.926829268294,9433084.36450492,31880680.503077436,7805.48780487805,9432738.596964184,31879730.51456688,7805.48780487805
9433134.33843992,31881200.232854288,7317.707317073172,1.9701606283200837,9432838.544834184,31880769.974120583,6829.926829268294,9433184.31237492,31881719.962631136,6829.926829268294,9433430.132045658,31881630.491587993,7805.48780487805,9433084.36450492,31880680.503077436,7805.48780487805
9433480.105980657,31882150.22136484,7317.707317073172,1.4541587166867258,9433184.31237492,31881719.962631136,6829.926829268294,9433530.079915658,31882669.951141696,6829.926829268294,9433775.899586396,31882580.48009855,7805.48780487805,9433430.132045658,31881630.491587993,7805.48780487805
9433825.873521397,31883100.209875397,7317.707317073172,0.9660838708913416,9433530.079915658,31882669.951141696,6829.926829268294,9433875.847456396,31883619.93965225,6829.926829268294,9434121.667127134,31883530.468609106,7805.48780487805,9433775.899586396,31882580.48009855,7805.48780487805
9434171.641062131,31884050.198385954,7317.707317073172,0.8868348109143535,9433875.847456396,31883619.93965225,6829.926829268294,9434221.614997132,31884569.92816281,6829.926829268294,9434467.43466787,31884480.457119662,7805.48780487805,9434121.667127134,31883530.468609106,7805.48780487805
9434517.408602871,31885000.18689651,7317.707317073172,0.8901211209665251,9434221.614997132,31884569.92816281,6829.926829268294,9434567.38253787,31885519.916673366,6829.926829268294,9434813.202208608,31885430.445630215,7805.48780487805,9434467.43466787,31884480.457119662,7805.48780487805
9434863.176143609,31885950.175407067,7317.707317073172,0.6601103724739114,9434567.38253787,31885519.916673366,6829.926829268294,9434913.150078608,31886469.90518392,6829.926829268294,9435158.969749346,31886380.434140775,7805.48780487805,9434813.202208608,31885430.445630215,7805.48780487805
9435208.943684345,31886900.163917623,7317.707317073172,0.7210612189737138,9434913.150078608,31886469.90518392,6829.926829268294,9435258.917619346,31887419.89369448,6829.926829268294,9435504.737290082,31887330.422651332,7805.48780487805,9435158.969749346,31886380.434140775,7805.48780487805
9435554.711225083,31887850.152428184,7317.707317073172,1.0237254481189597,9435258.917619346,31887419.89369448,6829.926829268294,9435604.685160082,31888369.882205036,6829.926829268294,9435850.504830822,31888280.41116189,7805.48780487805,9435504.737290082,31887330.422651332,7805.48780487805
9435900.47876582,31888800.140938736,7317.707317073172,0.9862177139138839,9435604.685160082,31888369.882205036,6829.926829268294,9435950.45270082,31889319.87071559,6829.926829268294,9436196.272371558,31889230.399672445,7805.48780487805,9435850.504830822,31888280.41116189,7805.48780487805
9436246.246306557,31889750.129449293,7317.707317073172,1.050729658105045,9435950.45270082,31889319.87071559,6829.926829268294,9436296.220241558,31890269.85922615,6829.926829268294,9436542.039912296,31890180.388183,7805.48780487805,9436196.272371558,31889230.399672445,7805.48780487805
9436592.013847295,31890700.117959853,7317.707317073172,1.1925390188204636,9436296.220241558,31890269.85922615,6829.926829268294,9436641.987782296,31891219.8477367,6829.926829268294,9436887.807453033,31891130.376693558,7805.48780487805,9436542.039912296,31890180.388183,7805.48780487805
9436937.781388033,31891650.106470406,7317.707317073172,1.3673474852494096,9436641.987782296,31891219.8477367,6829.926829268294,9436987.755323032,31892169.83624726,6829.926829268294,9437233.57499377,31892080.365204114,7805.48780487805,9436887.807453033,31891130.376693558,7805.48780487805
9437283.54892877,31892600.094980963,7317.707317073172,1.4663604459928719,9436987.755323032,31892169.83624726,6829.926829268294,9437333.52286377,31893119.824757818,6829.926829268294,9437579.342534507,31893030.35371467,7805.48780487805,9437233.57499377,31892080.365204114,7805.48780487805
9437629.31646951,31893550.083491523,7317.707317073172,1.4456494103662896,9437333.52286377,31893119.824757818,6829.926829268294,9437679.290404506,31894069.81326837,6829.926829268294,9437925.110075247,31893980.342225228,7805.48780487805,9437579.342534507,31893030.35371467,7805.48780487805
9437975.084010243,31894500.072002076,7317.707317073172,1.3483398780079736,9437679.290404506,31894069.81326837,6829.926829268294,9438025.057945244,31895019.80177893,6829.926829268294,9438270.877615983,31894930.330735784,7805.48780487805,9437925.110075247,31893980.342225228,7805.48780487805
9438320.851550983,31895450.060512636,7317.707317073172,1.4038827738525677,9438025.057945244,31895019.80177893,6829.926829268294,9438370.825485984,31895969.790289488,6829.926829268294,9438616.64515672,31895880.31924634,7805.48780487805,9438270.877615983,31894930.330735784,7805.48780487805
9418166.386318212,31839311.267346654,8293.268292682927,0.4330427560704721,9417870.592712473,31838881.00861295,7805.48780487805,9418216.360253211,31839830.997123502,7805.48780487805,9418462.179923952,31839741.52608036,8781.048780487805,9418116.412383216,31838791.537569802,8781.048780487805
9418512.15385895,31840261.25585721,8293.268292682927,0.35038078627409236,9418216.360253211,31839830.997123502,7805.48780487805,9418562.127793947,31840780.985634062,7805.48780487805,9418807.94746469,31840691.514590915,8781.048780487805,9418462.179923952,31839741.52608036,8781.048780487805
9418857.921399686,31841211.244367767,8293.268292682927,0.3564262135263801,9418562.127793947,31840780.985634062,7805.48780487805,9418907.895334685,31841730.97414462,7805.48780487805,9419153.715005426,31841641.503101468,8781.048780487805,9418807.94746469,31840691.514590915,8781.048780487805
9419203.688940424,31842161.232878324,8293.268292682927,0.14141883146277254,9418907.895334685,31841730.97414462,7805.48780487805,9419253.662875423,31842680.962655175,7805.48780487805,9419499.482546166,31842591.49161203,8781.048780487805,9419153.715005426,31841641.503101468,8781.048780487805
9419549.456481162,31843111.22138888,8293.268292682927,0.0718015014446008,9419253.662875423,31842680.962655175,7805.48780487805,9419599.43041616,31843630.951165732,7805.48780487805,9419845.250086902,31843541.480122585,8781.048780487805,9419499.482546166,31842591.49161203,8781.048780487805
9419895.2240219,31844061.20989944,8293.268292682927,0.07356122762002484,9419599.43041616,31843630.951165732,7805.48780487805,9419945.1979569,31844580.93967629,7805.48780487805,9420191.01762764,31844491.468633138,8781.048780487805,9419845.250086902,31843541.480122585,8781.048780487805
9420240.991562638,31845011.19840999,8293.268292682927,0.21039519151691155,9419945.1979569,31844580.93967629,7805.48780487805,9420290.965497635,31845530.92818684,7805.48780487805,9420536.785168378,31845441.457143698,8781.048780487805,9420191.01762764,31844491.468633138,8781.048780487805
9420586.759103375,31845961.18692055,8293.268292682927,0.47965310696973196,9420290.965497635,31845530.92818684,7805.48780487805,9420636.733038373,31846480.9166974,7805.48780487805,9420882.552709114,31846391.445654254,8781.048780487805,9420536.785168378,31845441.457143698,8781.048780487805
9420932.526644113,31846911.17543111,8293.268292682927,0.6280439513833438,9420636.733038373,31846480.9166974,7805.48780487805,9420982.50057911,31847430.905207958,7805.48780487805,9421228.320249852,31847341.43416481,8781.048780487805,9420882.552709114,31846391.445654254,8781.048780487805
9421278.294184849,31847861.16394166,8293.268292682927,1.1336933424589675,9420982.50057911,31847430.905207958,7805.48780487805,9421328.268119847,31848380.893718515,7805.48780487805,9421574.08779059,31848291.422675367,8781.048780487805,9421228.320249852,31847341.43416481,8781.048780487805
9421624.061725589,31848811.15245222,8293.268292682927,1.5327319056896476,9421328.268119847,31848380.893718515,7805.48780487805,9421674.035660584,31849330.88222907,7805.48780487805,9421919.855331328,31849241.41118592,8781.048780487805,9421574.08779059,31848291.422675367,8781.048780487805
9421969.829266325,31849761.14096278,8293.268292682927,1.2847523672128096,9421674.035660584,31849330.88222907,7805.48780487805,9422019.803201323,31850280.870739628,7805.48780487805,9422265.622872064,31850191.39969648,8781.048780487805,9421919.855331328,31849241.41118592,8781.048780487805
9422315.596807063,31850711.12947333,8293.268292682927,1.5587145826249864,9422019.803201323,31850280.870739628,7805.48780487805,9422365.57074206,31851230.859250184,7805.48780487805,9422611.390412802,31851141.388207037,8781.048780487805,9422265.622872064,31850191.39969648,8781.048780487805
9422661.364347799,31851661.117983893,8293.268292682927,2.735530295003526,9422365.57074206,31851230.859250184,7805.48780487805,9422711.338282797,31852180.84776074,7805.48780487805,9422957.15795354,31852091.376717594,8781.048780487805,9422611.390412802,31851141.388207037,8781.048780487805
9423007.131888539,31852611.10649445,8293.268292682927,3.8800985098382004,9422711.338282797,31852180.84776074,7805.48780487805,9423057.105823535,31853130.836271293,7805.48780487805,9423302.925494278,31853041.36522815,8781.048780487805,9422957.15795354,31852091.376717594,8781.048780487805
9423352.899429275,31853561.095005,8293.268292682927,4.397802952076614,9423057.105823535,31853130.836271293,7805.48780487805,9423402.873364272,31854080.824781854,7805.48780487805,9423648.693035014,31853991.353738707,8781.048780487805,9423302.925494278,31853041.36522815,8781.048780487805
9423698.666970013,31854511.083515562,8293.268292682927,4.670141999712975,9423402.873364272,31854080.824781854,7805.48780487805,9423748.64090501,31855030.81329241,7805.48780487805,9423994.460575752,31854941.342249263,8781.048780487805,9423648.693035014,31853991.353738707,8781.048780487805
9424044.43451075,31855461.07202612,8293.268292682927,4.246099048999967,9423748.64090501,31855030.81329241,7805.48780487805,9424094.408445748,31855980.801802967,7805.48780487805,9424340.22811649,31855891.33075982,8781.048780487805,9423994.460575752,31854941.342249263,8781.048780487805
9424390.202051487,31856411.060536668,8293.268292682927,3.4788806856053105,9424094.408445748,31855980.801802967,7805.48780487805,9424440.175986486,31856930.790313523,7805.48780487805,9424685.995657226,31856841.319270372,8781.048780487805,9424340.22811649,31855891.33075982,8781.048780487805
9424735.969592225,31857361.049047228,8293.268292682927,3.3297075135713765,9424440.175986486,31856930.790313523,7805.48780487805,9424785.943527222,31857880.77882408,7805.48780487805,9425031.763197966,31857791.307780933,8781.048780487805,9424685.995657226,31856841.319270372,8781.048780487805
9425081.73713296,31858311.03755779,8293.268292682927,3.418700568267029,9424785.943527222,31857880.77882408,7805.48780487805,9425131.71106796,31858830.767334636,7805.48780487805,9425377.530738702,31858741.29629149,8781.048780487805,9425031.763197966,31857791.307780933,8781.048780487805
9425427.5046737,31859261.02606834,8293.268292682927,3.8455285789690166,9425131.71106796,31858830.767334636,7805.48780487805,9425477.478608696,31859780.755845193,7805.48780487805,9425723.29827944,31859691.284802042,8781.048780487805,9425377.530738702,31858741.29629149,8781.048780487805
9425773.272214437,31860211.014578898,8293.268292682927,3.7369600302189054,9425477.478608696,31859780.755845193,7805.48780487805,9425823.246149436,31860730.744355746,7805.48780487805,9426069.065820176,31860641.273312602,8781.048780487805,9425723.29827944,31859691.284802042,8781.048780487805
9426119.039755175,31861161.00308945,8293.268292682927,4.383946259715979,9425823.246149436,31860730.744355746,7805.48780487805,9426169.013690172,31861680.732866306,7805.48780487805,9426414.833360914,31861591.261823155,8781.048780487805,9426069.065820176,31860641.273312602,8781.048780487805
9426464.807295911,31862110.99160001,8293.268292682927,4.733340753027087,9426169.013690172,31861680.732866306,7805.48780487805,9426514.78123091,31862630.721376862,7805.48780487805,9426760.60090165,31862541.250333715,8781.048780487805,9426414.833360914,31861591.261823155,8781.048780487805
9426810.574836649,31863060.980110567,8293.268292682927,4.681575754097075,9426514.78123091,31862630.721376862,7805.48780487805,9426860.548771646,31863580.70988742,7805.48780487805,9427106.368442388,31863491.23884427,8781.048780487805,9426760.60090165,31862541.250333715,8781.048780487805
9427156.342377385,31864010.96862112,8293.268292682927,4.19287464265576,9426860.548771646,31863580.70988742,7805.48780487805,9427206.316312384,31864530.698397975,7805.48780487805,9427452.135983126,31864441.22735483,8781.048780487805,9427106.368442388,31863491.23884427,8781.048780487805
9427502.109918125,31864960.95713168,8293.268292682927,3.6034511632094977,9427206.316312384,31864530.698397975,7805.48780487805,9427552.083853122,31865480.68690853,7805.48780487805,9427797.903523864,31865391.215865385,8781.048780487805,9427452.135983126,31864441.22735483,8781.048780487805
9427847.877458863,31865910.945642237,8293.268292682927,2.5052653687122235,9427552.083853122,31865480.68690853,7805.48780487805,9427897.85139386,31866430.67541909,7805.48780487805,9428143.6710646,31866341.20437594,8781.048780487805,9427797.903523864,31865391.215865385,8781.048780487805
9428193.6449996,31866860.934152793,8293.268292682927,2.403239584350697,9427897.85139386,31866430.67541909,7805.48780487805,9428243.618934598,31867380.663929645,7805.48780487805,9428489.438605338,31867291.192886498,8781.048780487805,9428143.6710646,31866341.20437594,8781.048780487805
9428539.412540337,31867810.92266335,8293.268292682927,2.8560251509477768,9428243.618934598,31867380.663929645,7805.48780487805,9428589.386475334,31868330.6524402,7805.48780487805,9428835.206146078,31868241.181397054,8781.048780487805,9428489.438605338,31867291.192886498,8781.048780487805
9428885.180081073,31868760.911173906,8293.268292682927,2.323554480078372,9428589.386475334,31868330.6524402,7805.48780487805,9428935.154016072,31869280.640950758,7805.48780487805,9429180.973686814,31869191.169907607,8781.048780487805,9428835.206146078,31868241.181397054,8781.048780487805
9429230.947621813,31869710.89968446,8293.268292682927,2.7959565938613604,9428935.154016072,31869280.640950758,7805.48780487805,9429280.921556808,31870230.629461315,7805.48780487805,9429526.741227552,31870141.158418167,8781.048780487805,9429180.973686814,31869191.169907607,8781.048780487805
9429576.715162547,31870660.88819502,8293.268292682927,3.1105101421625054,9429280.921556808,31870230.629461315,7805.48780487805,9429626.689097546,31871180.61797187,7805.48780487805,9429872.508768288,31871091.146928724,8781.048780487805,9429526.741227552,31870141.158418167,8781.048780487805
9429922.482703287,31871610.876705576,8293.268292682927,3.104514163817351,9429626.689097546,31871180.61797187,7805.48780487805,9429972.456638284,31872130.606482428,7805.48780487805,9430218.276309026,31872041.13543928,8781.048780487805,9429872.508768288,31871091.146928724,8781.048780487805
9430268.250244023,31872560.865216132,8293.268292682927,2.9306137369317855,9429972.456638284,31872130.606482428,7805.48780487805,9430318.224179022,31873080.59499298,7805.48780487805,9430564.043849763,31872991.123949837,8781.048780487805,9430218.276309026,31872041.13543928,8781.048780487805
9430614.017784761,31873510.853726685,8293.268292682927,3.036753502620185,9430318.224179022,31873080.59499298,7805.48780487805,9430663.991719758,31874030.58350354,7805.48780487805,9430909.811390502,31873941.112460393,8781.048780487805,9430564.043849763,31872991.123949837,8781.048780487805
9430959.7853255,31874460.84223725,8293.268292682927,3.506895035903909,9430663.991719758,31874030.58350354,7805.48780487805,9431009.759260496,31874980.572014097,7805.48780487805,9431255.578931239,31874891.10097095,8781.048780487805,9430909.811390502,31873941.112460393,8781.048780487805
9431305.552866237,31875410.830747798,8293.268292682927,3.6236757383765283,9431009.759260496,31874980.572014097,7805.48780487805,9431355.526801236,31875930.560524654,7805.48780487805,9431601.346471976,31875841.089481506,8781.048780487805,9431255.578931239,31874891.10097095,8781.048780487805
9431651.320406973,31876360.81925836,8293.268292682927,3.257474870521849,9431355.526801236,31875930.560524654,7805.48780487805,9431701.294341972,31876880.54903521,7805.48780487805,9431947.114012713,31876791.077992063,8781.048780487805,9431601.346471976,31875841.089481506,8781.048780487805
9431997.087947711,31877310.80776892,8293.268292682927,2.4482445737283967,9431701.294341972,31876880.54903521,7805.48780487805,9432047.06188271,31877830.537545767,7805.48780487805,9432292.88155345,31877741.06650262,8781.048780487805,9431947.114012713,31876791.077992063,8781.048780487805
9432342.85548845,31878260.796279468,8293.268292682927,1.4478473021355305,9432047.06188271,31877830.537545767,7805.48780487805,9432392.829423446,31878780.526056323,7805.48780487805,9432638.649094189,31878691.055013176,8781.048780487805,9432292.88155345,31877741.06650262,8781.048780487805
9432688.623029185,31879210.784790028,8293.268292682927,1.6610478175448082,9432392.829423446,31878780.526056323,7805.48780487805,9432738.596964184,31879730.51456688,7805.48780487805,9432984.416634925,31879641.04352373,8781.048780487805,9432638.649094189,31878691.055013176,8781.048780487805
9433034.390569923,31880160.773300588,8293.268292682927,1.3907719531322846,9432738.596964184,31879730.51456688,7805.48780487805,9433084.36450492,31880680.503077436,7805.48780487805,9433330.184175665,31880591.03203429,8781.048780487805,9432984.416634925,31879641.04352373,8781.048780487805
9433380.15811066,31881110.761811137,8293.268292682927,1.0540445516215387,9433084.36450492,31880680.503077436,7805.48780487805,9433430.132045658,31881630.491587993,7805.48780487805,9433675.9517164,31881541.020544846,8781.048780487805,9433330.184175665,31880591.03203429,8781.048780487805
9433725.9256514,31882060.750321697,8293.268292682927,0.5736185548245085,9433430.132045658,31881630.491587993,7805.48780487805,9433775.899586396,31882580.48009855,7805.48780487805,9434021.719257139,31882491.009055402,8781.048780487805,9433675.9517164,31881541.020544846,8781.048780487805
9434071.693192136,31883010.73883225,8293.268292682927,0.677281660142054,9433775.899586396,31882580.48009855,7805.48780487805,9434121.667127134,31883530.468609106,7805.48780487805,9434367.486797875,31883440.99756596,8781.048780487805,9434021.719257139,31882491.009055402,8781.048780487805
9434417.460732874,31883960.727342807,8293.268292682927,0.7853246025255628,9434121.667127134,31883530.468609106,7805.48780487805,9434467.43466787,31884480.457119662,7805.48780487805,9434713.254338613,31884390.986076515,8781.048780487805,9434367.486797875,31883440.99756596,8781.048780487805
9434763.22827361,31884910.715853367,8293.268292682927,0.7451288762119762,9434467.43466787,31884480.457119662,7805.48780487805,9434813.202208608,31885430.445630215,7805.48780487805,9435059.021879349,31885340.97458707,8781.048780487805,9434713.254338613,31884390.986076515,8781.048780487805
9435108.995814348,31885860.70436392,8293.268292682927,0.7280519245773968,9434813.202208608,31885430.445630215,7805.48780487805,9435158.969749346,31886380.434140775,7805.48780487805,9435404.789420089,31886290.96309763,8781.048780487805,9435059.021879349,31885340.97458707,8781.048780487805
9435454.763355086,31886810.69287448,8293.268292682927,0.7485048085890719,9435158.969749346,31886380.434140775,7805.48780487805,9435504.737290082,31887330.422651332,7805.48780487805,9435750.556960825,31887240.95160818,8781.048780487805,9435404.789420089,31886290.96309763,8781.048780487805
9435800.530895824,31887760.681385037,8293.268292682927,0.6853062294436347,9435504.737290082,31887330.422651332,7805.48780487805,9435850.504830822,31888280.41116189,7805.48780487805,9436096.324501563,31888190.94011874,8781.048780487805,9435750.556960825,31887240.95160818,8781.048780487805
9436146.298436562,31888710.66989559,8293.268292682927,0.8116443595407068,9435850.504830822,31888280.41116189,7805.48780487805,9436196.272371558,31889230.399672445,7805.48780487805,9436442.0920423,31889140.928629298,8781.048780487805,9436096.324501563,31888190.94011874,8781.048780487805
9436492.065977298,31889660.65840615,8293.268292682927,1.0503310300466797,9436196.272371558,31889230.399672445,7805.48780487805,9436542.039912296,31890180.388183,7805.48780487805,9436787.859583039,31890090.917139854,8781.048780487805,9436442.0920423,31889140.928629298,8781.048780487805
9436837.833518038,31890610.646916706,8293.268292682927,0.9520071186857944,9436542.039912296,31890180.388183,7805.48780487805,9436887.807453033,31891130.376693558,7805.48780487805,9437133.627123777,31891040.90565041,8781.048780487805,9436787.859583039,31890090.917139854,8781.048780487805
9437183.601058772,31891560.63542726,8293.268292682927,0.8345962427613473,9436887.807453033,31891130.376693558,7805.48780487805,9437233.57499377,31892080.365204114,7805.48780487805,9437479.394664513,31891990.894160967,8781.048780487805,9437133.627123777,31891040.90565041,8781.048780487805
9437529.368599512,31892510.62393782,8293.268292682927,0.7656035655113909,9437233.57499377,31892080.365204114,7805.48780487805,9437579.342534507,31893030.35371467,7805.48780487805,9437825.162205251,31892940.882671524,8781.048780487805,9437479.394664513,31891990.894160967,8781.048780487805
9437875.136140248,31893460.612448376,8293.268292682927,1.0543609818664443,9437579.342534507,31893030.35371467,7805.48780487805,9437925.110075247,31893980.342225228,7805.48780487805,9438170.929745987,31893890.87118208,8781.048780487805,9437825.162205251,31892940.882671524,8781.048780487805
9438220.903680986,31894410.600958932,8293.268292682927,1.6472468316019078,9437925.110075247,31893980.342225228,7805.48780487805,9438270.877615983,31894930.330735784,7805.48780487805,9438516.697286725,31894840.859692633,8781.048780487805,9438170.929745987,31893890.87118208,8781.048780487805
9438566.671221722,31895360.58946949,8293.268292682927,1.2761716187231031,9438270.877615983,31894930.330735784,7805.48780487805,9438616.64515672,31895880.31924634,7805.48780487805,9438862.464827463,31895790.848203193,8781.048780487805,9438516.697286725,31894840.859692633,8781.048780487805
9418412.205988953,31839221.796303507,9268.829268292682,0.6845284489710078,9418116.412383216,31838791.537569802,8781.048780487805,9418462.179923952,31839741.52608036,8781.048780487805,9418707.999594692,31839652.05503721,9756.609756097561,9418362.232053954,31838702.06652666,9756.609756097561
9418757.973529689,31840171.784814063,9268.829268292682,0.8865511035591049,9418462.179923952,31839741.52608036,8781.048780487805,9418807.94746469,31840691.514590915,8781.048780487805,9419053.767135428,31840602.04354777,9756.609756097561,9418707.999594692,31839652.05503721,9756.609756097561
9419103.741070427,31841121.773324624,9268.829268292682,0.6879045220698046,9418807.94746469,31840691.514590915,8781.048780487805,9419153.715005426,31841641.503101468,8781.048780487805,9419399.534676166,31841552.032058325,9756.609756097561,9419053.767135428,31840602.04354777,9756.609756097561
9419449.508611163,31842071.761835173,9268.829268292682,0.5515921691054256,9419153.715005426,31841641.503101468,8781.048780487805,9419499.482546166,31842591.49161203,8781.048780487805,9419745.302216902,31842502.02056888,9756.609756097561,9419399.534676166,31841552.032058325,9756.609756097561
9419795.276151903,31843021.750345737,9268.829268292682,0.4703986484343684,9419499.482546166,31842591.49161203,8781.048780487805,9419845.250086902,31843541.480122585,8781.048780487805,9420091.06975764,31843452.009079438,9756.609756097561,9419745.302216902,31842502.02056888,9756.609756097561
9420141.04369264,31843971.738856293,9268.829268292682,0.1209672578085203,9419845.250086902,31843541.480122585,8781.048780487805,9420191.01762764,31844491.468633138,8781.048780487805,9420436.837298378,31844401.997589994,9756.609756097561,9420091.06975764,31843452.009079438,9756.609756097561
9420486.811233379,31844921.727366842,9268.829268292682,0.22014531125505665,9420191.01762764,31844491.468633138,8781.048780487805,9420536.785168378,31845441.457143698,8781.048780487805,9420782.604839116,31845351.98610055,9756.609756097561,9420436.837298378,31844401.997589994,9756.609756097561
9420832.578774115,31845871.715877406,9268.829268292682,0.4247550233902796,9420536.785168378,31845441.457143698,8781.048780487805,9420882.552709114,31846391.445654254,8781.048780487805,9421128.372379852,31846301.97461111,9756.609756097561,9420782.604839116,31845351.98610055,9756.609756097561
9421178.346314853,31846821.704387963,9268.829268292682,0.5409464063356803,9420882.552709114,31846391.445654254,8781.048780487805,9421228.320249852,31847341.43416481,8781.048780487805,9421474.13992059,31847251.963121664,9756.609756097561,9421128.372379852,31846301.97461111,9756.609756097561
9421524.113855591,31847771.692898512,9268.829268292682,1.5256451374628373,9421228.320249852,31847341.43416481,8781.048780487805,9421574.08779059,31848291.422675367,8781.048780487805,9421819.907461328,31848201.95163222,9756.609756097561,9421474.13992059,31847251.963121664,9756.609756097561
9421869.881396327,31848721.681409072,9268.829268292682,2.4878984336920826,9421574.08779059,31848291.422675367,8781.048780487805,9421919.855331328,31849241.41118592,8781.048780487805,9422165.675002065,31849151.940142777,9756.609756097561,9421819.907461328,31848201.95163222,9756.609756097561
9422215.648937065,31849671.669919625,9268.829268292682,3.1563113064024395,9421919.855331328,31849241.41118592,8781.048780487805,9422265.622872064,31850191.39969648,8781.048780487805,9422511.442542804,31850101.928653333,9756.609756097561,9422165.675002065,31849151.940142777,9756.609756097561
9422561.416477801,31850621.658430185,9268.829268292682,3.141296559315016,9422265.622872064,31850191.39969648,8781.048780487805,9422611.390412802,31851141.388207037,8781.048780487805,9422857.21008354,31851051.91716389,9756.609756097561,9422511.442542804,31850101.928653333,9756.609756097561
9422907.18401854,31851571.646940745,9268.829268292682,3.399560459248103,9422611.390412802,31851141.388207037,8781.048780487805,9422957.15795354,31852091.376717594,8781.048780487805,9423202.977624279,31852001.905674446,9756.609756097561,9422857.21008354,31851051.91716389,9756.609756097561
9423252.951559277,31852521.635451302,9268.829268292682,3.3617278533393287,9422957.15795354,31852091.376717594,8781.048780487805,9423302.925494278,31853041.36522815,8781.048780487805,9423548.745165015,31852951.894185003,9756.609756097561,9423202.977624279,31852001.905674446,9756.609756097561
9423598.719100017,31853471.623961855,9268.829268292682,3.243633677439286,9423302.925494278,31853041.36522815,8781.048780487805,9423648.693035014,31853991.353738707,8781.048780487805,9423894.512705754,31853901.882695563,9756.609756097561,9423548.745165015,31852951.894185003,9756.609756097561
9423944.486640751,31854421.61247241,9268.829268292682,3.332123250332932,9423648.693035014,31853991.353738707,8781.048780487805,9423994.460575752,31854941.342249263,8781.048780487805,9424240.28024649,31854851.871206116,9756.609756097561,9423894.512705754,31853901.882695563,9756.609756097561
9424290.254181491,31855371.600982964,9268.829268292682,4.163322871948284,9423994.460575752,31854941.342249263,8781.048780487805,9424340.22811649,31855891.33075982,8781.048780487805,9424586.047787229,31855801.859716672,9756.609756097561,9424240.28024649,31854851.871206116,9756.609756097561
9424636.021722225,31856321.589493524,9268.829268292682,4.505124125219533,9424340.22811649,31855891.33075982,8781.048780487805,9424685.995657226,31856841.319270372,8781.048780487805,9424931.815327965,31856751.84822723,9756.609756097561,9424586.047787229,31855801.859716672,9756.609756097561
9424981.789262965,31857271.57800408,9268.829268292682,6.018715615334161,9424685.995657226,31856841.319270372,8781.048780487805,9425031.763197966,31857791.307780933,8781.048780487805,9425277.582868703,31857701.836737785,9756.609756097561,9424931.815327965,31856751.84822723,9756.609756097561
9425327.556803703,31858221.566514637,9268.829268292682,6.5146486268595485,9425031.763197966,31857791.307780933,8781.048780487805,9425377.530738702,31858741.29629149,8781.048780487805,9425623.35040944,31858651.825248342,9756.609756097561,9425277.582868703,31857701.836737785,9756.609756097561
9425673.32434444,31859171.555025194,9268.829268292682,5.77615912118677,9425377.530738702,31858741.29629149,8781.048780487805,9425723.29827944,31859691.284802042,8781.048780487805,9425969.117950177,31859601.8137589,9756.609756097561,9425623.35040944,31858651.825248342,9756.609756097561
9426019.091885177,31860121.54353575,9268.829268292682,5.48854298636742,9425723.29827944,31859691.284802042,8781.048780487805,9426069.065820176,31860641.273312602,8781.048780487805,9426314.885490917,31860551.802269455,9756.609756097561,9425969.117950177,31859601.8137589,9756.609756097561
9426364.859425914,31861071.532046307,9268.829268292682,4.961434464561858,9426069.065820176,31860641.273312602,8781.048780487805,9426414.833360914,31861591.261823155,8781.048780487805,9426660.653031653,31861501.79078001,9756.609756097561,9426314.885490917,31860551.802269455,9756.609756097561
9426710.626966652,31862021.52055686,9268.829268292682,3.909660629427251,9426414.833360914,31861591.261823155,8781.048780487805,9426760.60090165,31862541.250333715,8781.048780487805,9427006.42057239,31862451.779290568,9756.609756097561,9426660.653031653,31861501.79078001,9756.609756097561
9427056.394507388,31862971.50906742,9268.829268292682,3.3052453511683404,9426760.60090165,31862541.250333715,8781.048780487805,9427106.368442388,31863491.23884427,8781.048780487805,9427352.188113127,31863401.767801125,9756.609756097561,9427006.42057239,31862451.779290568,9756.609756097561
9427402.162048126,31863921.497577976,9268.829268292682,3.234130743961925,9427106.368442388,31863491.23884427,8781.048780487805,9427452.135983126,31864441.22735483,8781.048780487805,9427697.955653865,31864351.756311685,9756.609756097561,9427352.188113127,31863401.767801125,9756.609756097561
9427747.929588864,31864871.486088533,9268.829268292682,3.347222250444733,9427452.135983126,31864441.22735483,8781.048780487805,9427797.903523864,31865391.215865385,8781.048780487805,9428043.723194601,31865301.744822238,9756.609756097561,9427697.955653865,31864351.756311685,9756.609756097561
9428093.697129603,31865821.474599093,9268.829268292682,3.200223773460372,9427797.903523864,31865391.215865385,8781.048780487805,9428143.6710646,31866341.20437594,8781.048780487805,9428389.49073534,31866251.733332794,9756.609756097561,9428043.723194601,31865301.744822238,9756.609756097561
9428439.464670338,31866771.463109646,9268.829268292682,3.022681405517914,9428143.6710646,31866341.20437594,8781.048780487805,9428489.438605338,31867291.192886498,8781.048780487805,9428735.258276077,31867201.72184335,9756.609756097561,9428389.49073534,31866251.733332794,9756.609756097561
9428785.232211078,31867721.4516202,9268.829268292682,2.4761324161927907,9428489.438605338,31867291.192886498,8781.048780487805,9428835.206146078,31868241.181397054,8781.048780487805,9429081.025816815,31868151.710353907,9756.609756097561,9428735.258276077,31867201.72184335,9756.609756097561
9429130.999751816,31868671.440130755,9268.829268292682,2.7432856407473407,9428835.206146078,31868241.181397054,8781.048780487805,9429180.973686814,31869191.169907607,8781.048780487805,9429426.793357551,31869101.698864464,9756.609756097561,9429081.025816815,31868151.710353907,9756.609756097561
9429476.767292552,31869621.42864131,9268.829268292682,2.939587397102766,9429180.973686814,31869191.169907607,8781.048780487805,9429526.741227552,31870141.158418167,8781.048780487805,9429772.56089829,31870051.68737502,9756.609756097561,9429426.793357551,31869101.698864464,9756.609756097561
9429822.53483329,31870571.417151872,9268.829268292682,3.508103294924169,9429526.741227552,31870141.158418167,8781.048780487805,9429872.508768288,31871091.146928724,8781.048780487805,9430118.328439027,31871001.675885577,9756.609756097561,9429772.56089829,31870051.68737502,9756.609756097561
9430168.302374026,31871521.405662432,9268.829268292682,4.322050202435557,9429872.508768288,31871091.146928724,8781.048780487805,9430218.276309026,31872041.13543928,8781.048780487805,9430464.095979765,31871951.664396137,9756.609756097561,9430118.328439027,31871001.675885577,9756.609756097561
9430514.069914764,31872471.394172985,9268.829268292682,3.8849799016438546,9430218.276309026,31872041.13543928,8781.048780487805,9430564.043849763,31872991.123949837,8781.048780487805,9430809.863520503,31872901.65290669,9756.609756097561,9430464.095979765,31871951.664396137,9756.609756097561
9430859.8374555,31873421.38268354,9268.829268292682,3.7684866209943055,9430564.043849763,31872991.123949837,8781.048780487805,9430909.811390502,31873941.112460393,8781.048780487805,9431155.63106124,31873851.64141725,9756.609756097561,9430809.863520503,31872901.65290669,9756.609756097561
9431205.60499624,31874371.371194094,9268.829268292682,3.372311903454028,9430909.811390502,31873941.112460393,8781.048780487805,9431255.578931239,31874891.10097095,8781.048780487805,9431501.398601977,31874801.629927803,9756.609756097561,9431155.63106124,31873851.64141725,9756.609756097561
9431551.372536976,31875321.35970465,9268.829268292682,3.6865006083581093,9431255.578931239,31874891.10097095,8781.048780487805,9431601.346471976,31875841.089481506,8781.048780487805,9431847.166142715,31875751.61843836,9756.609756097561,9431501.398601977,31874801.629927803,9756.609756097561
9431897.140077716,31876271.34821521,9268.829268292682,3.3495776269635624,9431601.346471976,31875841.089481506,8781.048780487805,9431947.114012713,31876791.077992063,8781.048780487805,9432192.933683453,31876701.60694892,9756.609756097561,9431847.166142715,31875751.61843836,9756.609756097561
9432242.90761845,31877221.336725764,9268.829268292682,3.1797895383644543,9431947.114012713,31876791.077992063,8781.048780487805,9432292.88155345,31877741.06650262,8781.048780487805,9432538.70122419,31877651.595459472,9756.609756097561,9432192.933683453,31876701.60694892,9756.609756097561
9432588.67515919,31878171.325236324,9268.829268292682,2.725613280834065,9432292.88155345,31877741.06650262,8781.048780487805,9432638.649094189,31878691.055013176,8781.048780487805,9432884.468764927,31878601.58397003,9756.609756097561,9432538.70122419,31877651.595459472,9756.609756097561
9432934.442699926,31879121.31374688,9268.829268292682,2.246086202195764,9432638.649094189,31878691.055013176,8781.048780487805,9432984.416634925,31879641.04352373,8781.048780487805,9433230.236305663,31879551.572480585,9756.609756097561,9432884.468764927,31878601.58397003,9756.609756097561
9433280.210240664,31880071.302257434,9268.829268292682,1.7691446885073714,9432984.416634925,31879641.04352373,8781.048780487805,9433330.184175665,31880591.03203429,8781.048780487805,9433576.003846401,31880501.560991142,9756.609756097561,9433230.236305663,31879551.572480585,9756.609756097561
9433625.977781402,31881021.290767994,9268.829268292682,1.4367402045181719,9433330.184175665,31880591.03203429,8781.048780487805,9433675.9517164,31881541.020544846,8781.048780487805,9433921.77138714,31881451.5495017,9756.609756097561,9433576.003846401,31880501.560991142,9756.609756097561
9433971.745322138,31881971.27927855,9268.829268292682,1.0276566729544307,9433675.9517164,31881541.020544846,8781.048780487805,9434021.719257139,31882491.009055402,8781.048780487805,9434267.538927877,31882401.538012255,9756.609756097561,9433921.77138714,31881451.5495017,9756.609756097561
9434317.512862876,31882921.267789103,9268.829268292682,1.06169732227561,9434021.719257139,31882491.009055402,8781.048780487805,9434367.486797875,31883440.99756596,8781.048780487805,9434613.306468615,31883351.52652281,9756.609756097561,9434267.538927877,31882401.538012255,9756.609756097561
9434663.280403612,31883871.256299663,9268.829268292682,1.1106466347788435,9434367.486797875,31883440.99756596,8781.048780487805,9434713.254338613,31884390.986076515,8781.048780487805,9434959.074009351,31884301.51503337,9756.609756097561,9434613.306468615,31883351.52652281,9756.609756097561
9435009.04794435,31884821.24481022,9268.829268292682,0.9023860055539842,9434713.254338613,31884390.986076515,8781.048780487805,9435059.021879349,31885340.97458707,8781.048780487805,9435304.84155009,31885251.503543925,9756.609756097561,9434959.074009351,31884301.51503337,9756.609756097561
9435354.815485086,31885771.233320776,9268.829268292682,0.934370151601029,9435059.021879349,31885340.97458707,8781.048780487805,9435404.789420089,31886290.96309763,8781.048780487805,9435650.609090826,31886201.49205448,9756.609756097561,9435304.84155009,31885251.503543925,9756.609756097561
9435700.583025826,31886721.221831333,9268.829268292682,0.9267705029067274,9435404.789420089,31886290.96309763,8781.048780487805,9435750.556960825,31887240.95160818,8781.048780487805,9435996.376631564,31887151.480565038,9756.609756097561,9435650.609090826,31886201.49205448,9756.609756097561
9436046.350566562,31887671.21034189,9268.829268292682,1.411033882263237,9435750.556960825,31887240.95160818,8781.048780487805,9436096.324501563,31888190.94011874,8781.048780487805,9436342.144172302,31888101.469075594,9756.609756097561,9435996.376631564,31887151.480565038,9756.609756097561
9436392.118107302,31888621.198852446,9268.829268292682,1.4779061613758804,9436096.324501563,31888190.94011874,8781.048780487805,9436442.0920423,31889140.928629298,8781.048780487805,9436687.91171304,31889051.457586154,9756.609756097561,9436342.144172302,31888101.469075594,9756.609756097561
9436737.885648038,31889571.187363002,9268.829268292682,2.2108275515966476,9436442.0920423,31889140.928629298,8781.048780487805,9436787.859583039,31890090.917139854,8781.048780487805,9437033.679253776,31890001.446096707,9756.609756097561,9436687.91171304,31889051.457586154,9756.609756097561
9437083.653188776,31890521.17587356,9268.829268292682,2.354144886344797,9436787.859583039,31890090.917139854,8781.048780487805,9437133.627123777,31891040.90565041,8781.048780487805,9437379.446794514,31890951.434607264,9756.609756097561,9437033.679253776,31890001.446096707,9756.609756097561
9437429.420729514,31891471.164384115,9268.829268292682,1.8867525542979062,9437133.627123777,31891040.90565041,8781.048780487805,9437479.394664513,31891990.894160967,8781.048780487805,9437725.214335252,31891901.423117824,9756.609756097561,9437379.446794514,31890951.434607264,9756.609756097561
9437775.18827025,31892421.152894672,9268.829268292682,1.83583473567766,9437479.394664513,31891990.894160967,8781.048780487805,9437825.162205251,31892940.882671524,8781.048780487805,9438070.98187599,31892851.411628377,9756.609756097561,9437725.214335252,31891901.423117824,9756.609756097561
9438120.955810988,31893371.141405232,9268.829268292682,2.3248709966579733,9437825.162205251,31892940.882671524,8781.048780487805,9438170.929745987,31893890.87118208,8781.048780487805,9438416.749416728,31893801.400138933,9756.609756097561,9438070.98187599,31892851.411628377,9756.609756097561
9438466.723351724,31894321.129915785,9268.829268292682,2.2410902326869677,9438170.929745987,31893890.87118208,8781.048780487805,9438516.697286725,31894840.859692633,8781.048780487805,9438762.516957464,31894751.38864949,9756.609756097561,9438416.749416728,31893801.400138933,9756.609756097561
9438812.490892462,31895271.11842634,9268.829268292682,1.8397912779705006,9438516.697286725,31894840.859692633,8781.048780487805,9438862.464827463,31895790.848203193,8781.048780487805,9439108.284498202,31895701.377160046,9756.609756097561,9438762.516957464,31894751.38864949,9756.609756097561
9418658.025659692,31839132.32526036,10244.390243902439,2.1791572529426078,9418362.232053954,31838702.06652666,9756.609756097561,9418707.999594692,31839652.05503721,9756.609756097561,9418953.819265429,31839562.583994064,10732.170731707318,9418608.051724693,31838612.59548351,10732.170731707318
9419003.79320043,31840082.31377092,10244.390243902439,1.954542470862187,9418707.999594692,31839652.05503721,9756.609756097561,9419053.767135428,31840602.04354777,9756.609756097561,9419299.586806169,31840512.572504625,10732.170731707318,9418953.819265429,31839562.583994064,10732.170731707318
9419349.560741168,31841032.302281477,10244.390243902439,1.3169154769178157,9419053.767135428,31840602.04354777,9756.609756097561,9419399.534676166,31841552.032058325,9756.609756097561,9419645.354346905,31841462.561015178,10732.170731707318,9419299.586806169,31840512.572504625,10732.170731707318
9419695.328281904,31841982.29079203,10244.390243902439,1.0048617155670327,9419399.534676166,31841552.032058325,9756.609756097561,9419745.302216902,31842502.02056888,9756.609756097561,9419991.121887643,31842412.549525734,10732.170731707318,9419645.354346905,31841462.561015178,10732.170731707318
9420041.095822642,31842932.27930259,10244.390243902439,1.122814040667215,9419745.302216902,31842502.02056888,9756.609756097561,9420091.06975764,31843452.009079438,9756.609756097561,9420336.889428379,31843362.53803629,10732.170731707318,9419991.121887643,31842412.549525734,10732.170731707318
9420386.86336338,31843882.267813146,10244.390243902439,0.9109331295611983,9420091.06975764,31843452.009079438,9756.609756097561,9420436.837298378,31844401.997589994,9756.609756097561,9420682.656969117,31844312.526546847,10732.170731707318,9420336.889428379,31843362.53803629,10732.170731707318
9420732.630904116,31844832.2563237,10244.390243902439,0.7422015692204506,9420436.837298378,31844401.997589994,9756.609756097561,9420782.604839116,31845351.98610055,9756.609756097561,9421028.424509853,31845262.515057407,10732.170731707318,9420682.656969117,31844312.526546847,10732.170731707318
9421078.398444854,31845782.24483426,10244.390243902439,1.060960776433388,9420782.604839116,31845351.98610055,9756.609756097561,9421128.372379852,31846301.97461111,9756.609756097561,9421374.192050593,31846212.503567964,10732.170731707318,9421028.424509853,31845262.515057407,10732.170731707318
9421424.16598559,31846732.233344816,10244.390243902439,1.2692871386604112,9421128.372379852,31846301.97461111,9756.609756097561,9421474.13992059,31847251.963121664,9756.609756097561,9421719.95959133,31847162.492078517,10732.170731707318,9421374.192050593,31846212.503567964,10732.170731707318
9421769.933526328,31847682.22185537,10244.390243902439,1.6347424388871994,9421474.13992059,31847251.963121664,9756.609756097561,9421819.907461328,31848201.95163222,9756.609756097561,9422065.727132067,31848112.480589077,10732.170731707318,9421719.95959133,31847162.492078517,10732.170731707318
9422115.701067066,31848632.210365925,10244.390243902439,1.930927283086622,9421819.907461328,31848201.95163222,9756.609756097561,9422165.675002065,31849151.940142777,9756.609756097561,9422411.494672803,31849062.46909963,10732.170731707318,9422065.727132067,31848112.480589077,10732.170731707318
9422461.468607802,31849582.19887648,10244.390243902439,2.3017400467700555,9422165.675002065,31849151.940142777,9756.609756097561,9422511.442542804,31850101.928653333,9756.609756097561,9422757.262213541,31850012.457610186,10732.170731707318,9422411.494672803,31849062.46909963,10732.170731707318
9422807.236148542,31850532.187387038,10244.390243902439,2.710723611930884,9422511.442542804,31850101.928653333,9756.609756097561,9422857.21008354,31851051.91716389,9756.609756097561,9423103.02975428,31850962.446120746,10732.170731707318,9422757.262213541,31850012.457610186,10732.170731707318
9423153.00368928,31851482.175897595,10244.390243902439,2.5972625577197803,9422857.21008354,31851051.91716389,9756.609756097561,9423202.977624279,31852001.905674446,9756.609756097561,9423448.797295017,31851912.4346313,10732.170731707318,9423103.02975428,31850962.446120746,10732.170731707318
9423498.771230016,31852432.16440815,10244.390243902439,2.6443951564869734,9423202.977624279,31852001.905674446,9756.609756097561,9423548.745165015,31852951.894185003,9756.609756097561,9423794.564835755,31852862.42314186,10732.170731707318,9423448.797295017,31851912.4346313,10732.170731707318
9423844.538770754,31853382.152918708,10244.390243902439,2.7710747008836036,9423548.745165015,31852951.894185003,9756.609756097561,9423894.512705754,31853901.882695563,9756.609756097561,9424140.332376491,31853812.411652416,10732.170731707318,9423794.564835755,31852862.42314186,10732.170731707318
9424190.306311492,31854332.141429264,10244.390243902439,3.500800474260823,9423894.512705754,31853901.882695563,9756.609756097561,9424240.28024649,31854851.871206116,9756.609756097561,9424486.09991723,31854762.40016297,10732.170731707318,9424140.332376491,31853812.411652416,10732.170731707318
9424536.073852228,31855282.12993982,10244.390243902439,4.278288287285768,9424240.28024649,31854851.871206116,9756.609756097561,9424586.047787229,31855801.859716672,9756.609756097561,9424831.867457965,31855712.38867353,10732.170731707318,9424486.09991723,31854762.40016297,10732.170731707318
9424881.841392966,31856232.118450377,10244.390243902439,4.876795395230543,9424586.047787229,31855801.859716672,9756.609756097561,9424931.815327965,31856751.84822723,9756.609756097561,9425177.634998703,31856662.37718408,10732.170731707318,9424831.867457965,31855712.38867353,10732.170731707318
9425227.608933702,31857182.106960937,10244.390243902439,6.034330606747154,9424931.815327965,31856751.84822723,9756.609756097561,9425277.582868703,31857701.836737785,9756.609756097561,9425523.402539441,31857612.36569464,10732.170731707318,9425177.634998703,31856662.37718408,10732.170731707318
9425573.37647444,31858132.09547149,10244.390243902439,6.135540467992276,9425277.582868703,31857701.836737785,9756.609756097561,9425623.35040944,31858651.825248342,9756.609756097561,9425869.17008018,31858562.3542052,10732.170731707318,9425523.402539441,31857612.36569464,10732.170731707318
9425919.144015178,31859082.083982047,10244.390243902439,5.137980357009149,9425623.35040944,31858651.825248342,9756.609756097561,9425969.117950177,31859601.8137589,9756.609756097561,9426214.937620915,31859512.34271575,10732.170731707318,9425869.17008018,31858562.3542052,10732.170731707318
9426264.911555914,31860032.072492607,10244.390243902439,3.9118699347791894,9425969.117950177,31859601.8137589,9756.609756097561,9426314.885490917,31860551.802269455,9756.609756097561,9426560.705161653,31860462.33122631,10732.170731707318,9426214.937620915,31859512.34271575,10732.170731707318
9426610.679096654,31860982.06100316,10244.390243902439,3.9852490122775364,9426314.885490917,31860551.802269455,9756.609756097561,9426660.653031653,31861501.79078001,9756.609756097561,9426906.472702391,31861412.319736864,10732.170731707318,9426560.705161653,31860462.33122631,10732.170731707318
9426956.446637392,31861932.049513716,10244.390243902439,3.746537528464922,9426660.653031653,31861501.79078001,9756.609756097561,9427006.42057239,31862451.779290568,9756.609756097561,9427252.24024313,31862362.30824742,10732.170731707318,9426906.472702391,31861412.319736864,10732.170731707318
9427302.214178128,31862882.038024276,10244.390243902439,3.6475323613386084,9427006.42057239,31862451.779290568,9756.609756097561,9427352.188113127,31863401.767801125,9756.609756097561,9427598.007783867,31863312.29675798,10732.170731707318,9427252.24024313,31862362.30824742,10732.170731707318
9427647.981718866,31863832.02653483,10244.390243902439,3.28884742180215,9427352.188113127,31863401.767801125,9756.609756097561,9427697.955653865,31864351.756311685,9756.609756097561,9427943.775324604,31864262.285268534,10732.170731707318,9427598.007783867,31863312.29675798,10732.170731707318
9427993.749259602,31864782.01504539,10244.390243902439,3.5522279046783884,9427697.955653865,31864351.756311685,9756.609756097561,9428043.723194601,31865301.744822238,9756.609756097561,9428289.542865342,31865212.273779094,10732.170731707318,9427943.775324604,31864262.285268534,10732.170731707318
9428339.51680034,31865732.003555946,10244.390243902439,3.076517842714983,9428043.723194601,31865301.744822238,9756.609756097561,9428389.49073534,31866251.733332794,9756.609756097561,9428635.310406078,31866162.26228965,10732.170731707318,9428289.542865342,31865212.273779094,10732.170731707318
9428685.284341078,31866681.9920665,10244.390243902439,3.2021429682948033,9428389.49073534,31866251.733332794,9756.609756097561,9428735.258276077,31867201.72184335,9756.609756097561,9428981.077946816,31867112.250800204,10732.170731707318,9428635.310406078,31866162.26228965,10732.170731707318
9429031.051881814,31867631.980577055,10244.390243902439,2.8638169269468876,9428735.258276077,31867201.72184335,9756.609756097561,9429081.025816815,31868151.710353907,9756.609756097561,9429326.845487554,31868062.239310764,10732.170731707318,9428981.077946816,31867112.250800204,10732.170731707318
9429376.819422552,31868581.96908761,10244.390243902439,3.068523913863327,9429081.025816815,31868151.710353907,9756.609756097561,9429426.793357551,31869101.698864464,9756.609756097561,9429672.613028292,31869012.227821317,10732.170731707318,9429326.845487554,31868062.239310764,10732.170731707318
9429722.586963288,31869531.95759817,10244.390243902439,3.23274150991358,9429426.793357551,31869101.698864464,9756.609756097561,9429772.56089829,31870051.68737502,9756.609756097561,9430018.380569028,31869962.216331873,10732.170731707318,9429672.613028292,31869012.227821317,10732.170731707318
9430068.354504026,31870481.946108725,10244.390243902439,3.6873048522276766,9429772.56089829,31870051.68737502,9756.609756097561,9430118.328439027,31871001.675885577,9756.609756097561,9430364.148109766,31870912.204842433,10732.170731707318,9430018.380569028,31869962.216331873,10732.170731707318
9430414.122044764,31871431.934619285,10244.390243902439,5.306186335821803,9430118.328439027,31871001.675885577,9756.609756097561,9430464.095979765,31871951.664396137,9756.609756097561,9430709.915650504,31871862.19335299,10732.170731707318,9430364.148109766,31870912.204842433,10732.170731707318
9430759.889585502,31872381.92312984,10244.390243902439,5.296359415043195,9430464.095979765,31871951.664396137,9756.609756097561,9430809.863520503,31872901.65290669,9756.609756097561,9431055.68319124,31872812.181863546,10732.170731707318,9430709.915650504,31871862.19335299,10732.170731707318
9431105.65712624,31873331.911640394,10244.390243902439,5.290398209918041,9430809.863520503,31872901.65290669,9756.609756097561,9431155.63106124,31873851.64141725,9756.609756097561,9431401.45073198,31873762.170374103,10732.170731707318,9431055.68319124,31872812.181863546,10732.170731707318
9431451.424666978,31874281.900150947,10244.390243902439,5.173698885578297,9431155.63106124,31873851.64141725,9756.609756097561,9431501.398601977,31874801.629927803,9756.609756097561,9431747.218272716,31874712.158884656,10732.170731707318,9431401.45073198,31873762.170374103,10732.170731707318
9431797.192207716,31875231.888661508,10244.390243902439,4.324721643455763,9431501.398601977,31874801.629927803,9756.609756097561,9431847.166142715,31875751.61843836,9756.609756097561,9432092.985813454,31875662.147395216,10732.170731707318,9431747.218272716,31874712.158884656,10732.170731707318
9432142.959748453,31876181.877172064,10244.390243902439,3.980077736482825,9431847.166142715,31875751.61843836,9756.609756097561,9432192.933683453,31876701.60694892,9756.609756097561,9432438.75335419,31876612.13590577,10732.170731707318,9432092.985813454,31875662.147395216,10732.170731707318
9432488.72728919,31877131.86568262,10244.390243902439,4.102148148826948,9432192.933683453,31876701.60694892,9756.609756097561,9432538.70122419,31877651.595459472,9756.609756097561,9432784.52089493,31877562.124416325,10732.170731707318,9432438.75335419,31876612.13590577,10732.170731707318
9432834.494829927,31878081.854193177,10244.390243902439,4.034849894440031,9432538.70122419,31877651.595459472,9756.609756097561,9432884.468764927,31878601.58397003,9756.609756097561,9433130.288435666,31878512.112926885,10732.170731707318,9432784.52089493,31877562.124416325,10732.170731707318
9433180.262370665,31879031.842703734,10244.390243902439,3.062297268887907,9432884.468764927,31878601.58397003,9756.609756097561,9433230.236305663,31879551.572480585,9756.609756097561,9433476.055976404,31879462.10143744,10732.170731707318,9433130.288435666,31878512.112926885,10732.170731707318
9433526.0299114,31879981.83121429,10244.390243902439,2.735947977234198,9433230.236305663,31879551.572480585,9756.609756097561,9433576.003846401,31880501.560991142,9756.609756097561,9433821.82351714,31880412.089948,10732.170731707318,9433476.055976404,31879462.10143744,10732.170731707318
9433871.797452139,31880931.819724847,10244.390243902439,2.8677799435247886,9433576.003846401,31880501.560991142,9756.609756097561,9433921.77138714,31881451.5495017,9756.609756097561,9434167.591057878,31881362.07845855,10732.170731707318,9433821.82351714,31880412.089948,10732.170731707318
9434217.564992877,31881881.808235403,10244.390243902439,2.214594446904073,9433921.77138714,31881451.5495017,9756.609756097561,9434267.538927877,31882401.538012255,9756.609756097561,9434513.358598614,31882312.066969108,10732.170731707318,9434167.591057878,31881362.07845855,10732.170731707318
9434563.332533615,31882831.79674596,10244.390243902439,2.4261368584047283,9434267.538927877,31882401.538012255,9756.609756097561,9434613.306468615,31883351.52652281,9756.609756097561,9434859.126139352,31883262.055479668,10732.170731707318,9434513.358598614,31882312.066969108,10732.170731707318
9434909.100074353,31883781.785256516,10244.390243902439,2.909315027606699,9434613.306468615,31883351.52652281,9756.609756097561,9434959.074009351,31884301.51503337,9756.609756097561,9435204.893680092,31884212.043990225,10732.170731707318,9434859.126139352,31883262.055479668,10732.170731707318
9435254.86761509,31884731.773767076,10244.390243902439,2.524750572652361,9434959.074009351,31884301.51503337,9756.609756097561,9435304.84155009,31885251.503543925,9756.609756097561,9435550.661220828,31885162.032500777,10732.170731707318,9435204.893680092,31884212.043990225,10732.170731707318
9435600.635155827,31885681.76227763,10244.390243902439,2.222848757781957,9435304.84155009,31885251.503543925,9756.609756097561,9435650.609090826,31886201.49205448,9756.609756097561,9435896.428761566,31886112.021011338,10732.170731707318,9435550.661220828,31885162.032500777,10732.170731707318
9435946.402696565,31886631.750788186,10244.390243902439,1.8240249685984031,9435650.609090826,31886201.49205448,9756.609756097561,9435996.376631564,31887151.480565038,9756.609756097561,9436242.196302302,31887062.00952189,10732.170731707318,9435896.428761566,31886112.021011338,10732.170731707318
9436292.170237303,31887581.739298746,10244.390243902439,2.241959213729673,9435996.376631564,31887151.480565038,9756.609756097561,9436342.144172302,31888101.469075594,9756.609756097561,9436587.96384304,31888011.99803245,10732.170731707318,9436242.196302302,31887062.00952189,10732.170731707318
9436637.937778039,31888531.7278093,10244.390243902439,2.034171658551024,9436342.144172302,31888101.469075594,9756.609756097561,9436687.91171304,31889051.457586154,9756.609756097561,9436933.731383776,31888961.986543003,10732.170731707318,9436587.96384304,31888011.99803245,10732.170731707318
9436983.705318777,31889481.716319855,10244.390243902439,2.0797877340121143,9436687.91171304,31889051.457586154,9756.609756097561,9437033.679253776,31890001.446096707,9756.609756097561,9437279.498924516,31889911.97505356,10732.170731707318,9436933.731383776,31888961.986543003,10732.170731707318
9437329.472859513,31890431.704830416,10244.390243902439,2.7268151385717556,9437033.679253776,31890001.446096707,9756.609756097561,9437379.446794514,31890951.434607264,9756.609756097561,9437625.266465252,31890861.96356412,10732.170731707318,9437279.498924516,31889911.97505356,10732.170731707318
9437675.240400251,31891381.69334097,10244.390243902439,2.3019095119832538,9437379.446794514,31890951.434607264,9756.609756097561,9437725.214335252,31891901.423117824,9756.609756097561,9437971.03400599,31891811.952074677,10732.170731707318,9437625.266465252,31890861.96356412,10732.170731707318
9438021.007940989,31892331.68185153,10244.390243902439,1.664558358809412,9437725.214335252,31891901.423117824,9756.609756097561,9438070.98187599,31892851.411628377,9756.609756097561,9438316.801546726,31892761.94058523,10732.170731707318,9437971.03400599,31891811.952074677,10732.170731707318
9438366.775481727,31893281.670362085,10244.390243902439,2.0697101858143583,9438070.98187599,31892851.411628377,9756.609756097561,9438416.749416728,31893801.400138933,9756.609756097561,9438662.569087464,31893711.92909579,10732.170731707318,9438316.801546726,31892761.94058523,10732.170731707318
9438712.543022465,31894231.658872638,10244.390243902439,2.529043070687345,9438416.749416728,31893801.400138933,9756.609756097561,9438762.516957464,31894751.38864949,9756.609756097561,9439008.336628202,31894661.917606343,10732.170731707318,9438662.569087464,31893711.92909579,10732.170731707318
9439058.310563203,31895181.6473832,10244.390243902439,2.3325649719669985,9438762.516957464,31894751.38864949,9756.609756097561,9439108.284498202,31895701.377160046,9756.609756097561,9439354.10416894,31895611.906116903,10732.170731707318,9439008.336628202,31894661.917606343,10732.170731707318
9418903.84533043,31839042.854217213,11219.951219512195,2.935407924899847,9418608.051724693,31838612.59548351,10732.170731707318,9418953.819265429,31839562.583994064,10732.170731707318,9419199.638936168,31839473.11295092,11707.731707317073,9418853.871395431,31838523.12444036,11707.731707317073
9419249.612871168,31839992.842727773,11219.951219512195,3.2898070250510125,9418953.819265429,31839562.583994064,10732.170731707318,9419299.586806169,31840512.572504625,10732.170731707318,9419545.406476906,31840423.101461478,11707.731707317073,9419199.638936168,31839473.11295092,11707.731707317073
9419595.380411906,31840942.831238333,11219.951219512195,3.186993062723839,9419299.586806169,31840512.572504625,10732.170731707318,9419645.354346905,31841462.561015178,10732.170731707318,9419891.174017644,31841373.08997203,11707.731707317073,9419545.406476906,31840423.101461478,11707.731707317073
9419941.147952642,31841892.819748882,11219.951219512195,2.118930559561232,9419645.354346905,31841462.561015178,10732.170731707318,9419991.121887643,31842412.549525734,10732.170731707318,9420236.94155838,31842323.07848259,11707.731707317073,9419891.174017644,31841373.08997203,11707.731707317073
9420286.91549338,31842842.80825944,11219.951219512195,1.261246131971627,9419991.121887643,31842412.549525734,10732.170731707318,9420336.889428379,31843362.53803629,10732.170731707318,9420582.709099118,31843273.066993143,11707.731707317073,9420236.94155838,31842323.07848259,11707.731707317073
9420632.683034116,31843792.796769995,11219.951219512195,0.848750686650683,9420336.889428379,31843362.53803629,10732.170731707318,9420682.656969117,31844312.526546847,10732.170731707318,9420928.476639856,31844223.055503704,11707.731707317073,9420582.709099118,31843273.066993143,11707.731707317073
9420978.450574854,31844742.78528055,11219.951219512195,1.1354415777649185,9420682.656969117,31844312.526546847,10732.170731707318,9421028.424509853,31845262.515057407,10732.170731707318,9421274.244180594,31845173.04401426,11707.731707317073,9420928.476639856,31844223.055503704,11707.731707317073
9421324.21811559,31845692.773791112,11219.951219512195,1.170394593102303,9421028.424509853,31845262.515057407,10732.170731707318,9421374.192050593,31846212.503567964,10732.170731707318,9421620.01172133,31846123.032524817,11707.731707317073,9421274.244180594,31845173.04401426,11707.731707317073
9421669.98565633,31846642.762301672,11219.951219512195,1.1931181602764251,9421374.192050593,31846212.503567964,10732.170731707318,9421719.95959133,31847162.492078517,10732.170731707318,9421965.779262068,31847073.021035373,11707.731707317073,9421620.01172133,31846123.032524817,11707.731707317073
9422015.753197068,31847592.75081222,11219.951219512195,1.4793743070383716,9421719.95959133,31847162.492078517,10732.170731707318,9422065.727132067,31848112.480589077,10732.170731707318,9422311.546802806,31848023.00954593,11707.731707317073,9421965.779262068,31847073.021035373,11707.731707317073
9422361.520737804,31848542.73932278,11219.951219512195,1.7029340067073477,9422065.727132067,31848112.480589077,10732.170731707318,9422411.494672803,31849062.46909963,10732.170731707318,9422657.314343544,31848972.998056483,11707.731707317073,9422311.546802806,31848023.00954593,11707.731707317073
9422707.288278542,31849492.727833334,11219.951219512195,1.4486853177868366,9422411.494672803,31849062.46909963,10732.170731707318,9422757.262213541,31850012.457610186,10732.170731707318,9423003.08188428,31849922.986567043,11707.731707317073,9422657.314343544,31848972.998056483,11707.731707317073
9423053.055819279,31850442.71634389,11219.951219512195,1.9509324135184412,9422757.262213541,31850012.457610186,10732.170731707318,9423103.02975428,31850962.446120746,10732.170731707318,9423348.849425018,31850872.975077596,11707.731707317073,9423003.08188428,31849922.986567043,11707.731707317073
9423398.823360018,31851392.70485445,11219.951219512195,2.7831672647882817,9423103.02975428,31850962.446120746,10732.170731707318,9423448.797295017,31851912.4346313,10732.170731707318,9423694.616965756,31851822.963588156,11707.731707317073,9423348.849425018,31850872.975077596,11707.731707317073
9423744.590900755,31852342.693365004,11219.951219512195,3.3303412473086085,9423448.797295017,31851912.4346313,10732.170731707318,9423794.564835755,31852862.42314186,10732.170731707318,9424040.384506492,31852772.952098712,11707.731707317073,9423694.616965756,31851822.963588156,11707.731707317073
9424090.358441493,31853292.68187556,11219.951219512195,3.812431708988879,9423794.564835755,31852862.42314186,10732.170731707318,9424140.332376491,31853812.411652416,10732.170731707318,9424386.152047232,31853722.94060927,11707.731707317073,9424040.384506492,31852772.952098712,11707.731707317073
9424436.125982229,31854242.67038612,11219.951219512195,4.163235285134618,9424140.332376491,31853812.411652416,10732.170731707318,9424486.09991723,31854762.40016297,10732.170731707318,9424731.919587968,31854672.929119825,11707.731707317073,9424386.152047232,31853722.94060927,11707.731707317073
9424781.893522967,31855192.658896673,11219.951219512195,4.334183297996256,9424486.09991723,31854762.40016297,10732.170731707318,9424831.867457965,31855712.38867353,10732.170731707318,9425077.687128706,31855622.917630382,11707.731707317073,9424731.919587968,31854672.929119825,11707.731707317073
9425127.661063703,31856142.647407234,11219.951219512195,4.957485701301098,9424831.867457965,31855712.38867353,10732.170731707318,9425177.634998703,31856662.37718408,10732.170731707318,9425423.454669442,31856572.90614094,11707.731707317073,9425077.687128706,31855622.917630382,11707.731707317073
9425473.42860444,31857092.63591779,11219.951219512195,4.249417697282872,9425177.634998703,31856662.37718408,10732.170731707318,9425523.402539441,31857612.36569464,10732.170731707318,9425769.22221018,31857522.894651495,11707.731707317073,9425423.454669442,31856572.90614094,11707.731707317073
9425819.196145179,31858042.624428343,11219.951219512195,4.941280348256563,9425523.402539441,31857612.36569464,10732.170731707318,9425869.17008018,31858562.3542052,10732.170731707318,9426114.989750916,31858472.88316205,11707.731707317073,9425769.22221018,31857522.894651495,11707.731707317073
9426164.963685917,31858992.612938903,11219.951219512195,5.942289314559412,9425869.17008018,31858562.3542052,10732.170731707318,9426214.937620915,31859512.34271575,10732.170731707318,9426460.757291654,31859422.871672608,11707.731707317073,9426114.989750916,31858472.88316205,11707.731707317073
9426510.731226655,31859942.60144946,11219.951219512195,5.831991557536647,9426214.937620915,31859512.34271575,10732.170731707318,9426560.705161653,31860462.33122631,10732.170731707318,9426806.524832392,31860372.860183164,11707.731707317073,9426460.757291654,31859422.871672608,11707.731707317073
9426856.49876739,31860892.589960016,11219.951219512195,5.200136543230867,9426560.705161653,31860462.33122631,10732.170731707318,9426906.472702391,31861412.319736864,10732.170731707318,9427152.29237313,31861322.848693717,11707.731707317073,9426806.524832392,31860372.860183164,11707.731707317073
9427202.266308129,31861842.57847057,11219.951219512195,6.469451193373773,9426906.472702391,31861412.319736864,10732.170731707318,9427252.24024313,31862362.30824742,10732.170731707318,9427498.059913866,31862272.837204278,11707.731707317073,9427152.29237313,31861322.848693717,11707.731707317073
9427548.033848867,31862792.56698113,11219.951219512195,5.9285999119901565,9427252.24024313,31862362.30824742,10732.170731707318,9427598.007783867,31863312.29675798,10732.170731707318,9427843.827454604,31863222.825714834,11707.731707317073,9427498.059913866,31862272.837204278,11707.731707317073
9427893.801389605,31863742.555491686,11219.951219512195,6.414788215277197,9427598.007783867,31863312.29675798,10732.170731707318,9427943.775324604,31864262.285268534,10732.170731707318,9428189.594995344,31864172.81422539,11707.731707317073,9427843.827454604,31863222.825714834,11707.731707317073
9428239.56893034,31864692.54400224,11219.951219512195,6.187762680011664,9427943.775324604,31864262.285268534,10732.170731707318,9428289.542865342,31865212.273779094,10732.170731707318,9428535.36253608,31865122.802735947,11707.731707317073,9428189.594995344,31864172.81422539,11707.731707317073
9428585.336471079,31865642.5325128,11219.951219512195,7.033485558096661,9428289.542865342,31865212.273779094,10732.170731707318,9428635.310406078,31866162.26228965,10732.170731707318,9428881.130076818,31866072.791246504,11707.731707317073,9428535.36253608,31865122.802735947,11707.731707317073
9428931.104011815,31866592.521023355,11219.951219512195,6.500209343007653,9428635.310406078,31866162.26228965,10732.170731707318,9428981.077946816,31867112.250800204,10732.170731707318,9429226.897617554,31867022.77975706,11707.731707317073,9428881.130076818,31866072.791246504,11707.731707317073
9429276.871552553,31867542.50953391,11219.951219512195,6.295116402288644,9428981.077946816,31867112.250800204,10732.170731707318,9429326.845487554,31868062.239310764,10732.170731707318,9429572.665158292,31867972.768267617,11707.731707317073,9429226.897617554,31867022.77975706,11707.731707317073
9429622.639093291,31868492.498044465,11219.951219512195,5.498160588313104,9429326.845487554,31868062.239310764,10732.170731707318,9429672.613028292,31869012.227821317,10732.170731707318,9429918.432699028,31868922.75677817,11707.731707317073,9429572.665158292,31867972.768267617,11707.731707317073
9429968.406634029,31869442.48655502,11219.951219512195,4.922034153700224,9429672.613028292,31869012.227821317,10732.170731707318,9430018.380569028,31869962.216331873,10732.170731707318,9430264.200239768,31869872.74528873,11707.731707317073,9429918.432699028,31868922.75677817,11707.731707317073
9430314.174174767,31870392.475065578,11219.951219512195,4.954324046593314,9430018.380569028,31869962.216331873,10732.170731707318,9430364.148109766,31870912.204842433,10732.170731707318,9430609.967780504,31870822.733799286,11707.731707317073,9430264.200239768,31869872.74528873,11707.731707317073
9430659.941715503,31871342.46357614,11219.951219512195,4.655566855178901,9430364.148109766,31870912.204842433,10732.170731707318,9430709.915650504,31871862.19335299,10732.170731707318,9430955.735321242,31871772.722309843,11707.731707317073,9430609.967780504,31870822.733799286,11707.731707317073
9431005.709256241,31872292.45208669,11219.951219512195,5.964560708333792,9430709.915650504,31871862.19335299,10732.170731707318,9431055.68319124,31872812.181863546,10732.170731707318,9431301.502861978,31872722.7108204,11707.731707317073,9430955.735321242,31871772.722309843,11707.731707317073
9431351.47679698,31873242.440597247,11219.951219512195,7.251852473438398,9431055.68319124,31872812.181863546,10732.170731707318,9431401.45073198,31873762.170374103,10732.170731707318,9431647.270402716,31873672.699330956,11707.731707317073,9431301.502861978,31872722.7108204,11707.731707317073
9431697.244337717,31874192.429107804,11219.951219512195,7.058048305198433,9431401.45073198,31873762.170374103,10732.170731707318,9431747.218272716,31874712.158884656,10732.170731707318,9431993.037943454,31874622.687841512,11707.731707317073,9431647.270402716,31873672.699330956,11707.731707317073
9432043.011878453,31875142.41761836,11219.951219512195,6.417960040127932,9431747.218272716,31874712.158884656,10732.170731707318,9432092.985813454,31875662.147395216,10732.170731707318,9432338.805484192,31875572.67635207,11707.731707317073,9431993.037943454,31874622.687841512,11707.731707317073
9432388.779419191,31876092.40612892,11219.951219512195,5.280510506100876,9432092.985813454,31875662.147395216,10732.170731707318,9432438.75335419,31876612.13590577,10732.170731707318,9432684.57302493,31876522.66486262,11707.731707317073,9432338.805484192,31875572.67635207,11707.731707317073
9432734.546959927,31877042.394639473,11219.951219512195,5.099813625139606,9432438.75335419,31876612.13590577,10732.170731707318,9432784.52089493,31877562.124416325,10732.170731707318,9433030.340565667,31877472.65337318,11707.731707317073,9432684.57302493,31876522.66486262,11707.731707317073
9433080.314500667,31877992.38315003,11219.951219512195,3.853456537151706,9432784.52089493,31877562.124416325,10732.170731707318,9433130.288435666,31878512.112926885,10732.170731707318,9433376.108106405,31878422.64188374,11707.731707317073,9433030.340565667,31877472.65337318,11707.731707317073
9433426.082041403,31878942.37166059,11219.951219512195,3.7208560592294035,9433130.288435666,31878512.112926885,10732.170731707318,9433476.055976404,31879462.10143744,10732.170731707318,9433721.87564714,31879372.630394295,11707.731707317073,9433376.108106405,31878422.64188374,11707.731707317073
9433771.849582141,31879892.360171143,11219.951219512195,3.331011735633714,9433476.055976404,31879462.10143744,10732.170731707318,9433821.82351714,31880412.089948,10732.170731707318,9434067.643187879,31880322.61890485,11707.731707317073,9433721.87564714,31879372.630394295,11707.731707317073
9434117.617122877,31880842.3486817,11219.951219512195,3.582904874953537,9433821.82351714,31880412.089948,10732.170731707318,9434167.591057878,31881362.07845855,10732.170731707318,9434413.410728615,31881272.607415404,11707.731707317073,9434067.643187879,31880322.61890485,11707.731707317073
9434463.384663615,31881792.33719226,11219.951219512195,3.9342351229102253,9434167.591057878,31881362.07845855,10732.170731707318,9434513.358598614,31882312.066969108,10732.170731707318,9434759.178269355,31882222.595925964,11707.731707317073,9434413.410728615,31881272.607415404,11707.731707317073
9434809.152204353,31882742.325702813,11219.951219512195,3.6297000600825875,9434513.358598614,31882312.066969108,10732.170731707318,9434859.126139352,31883262.055479668,10732.170731707318,9435104.94581009,31883172.58443652,11707.731707317073,9434759.178269355,31882222.595925964,11707.731707317073
9435154.919745091,31883692.314213373,11219.951219512195,3.4405424990175133,9434859.126139352,31883262.055479668,10732.170731707318,9435204.893680092,31884212.043990225,10732.170731707318,9435450.713350829,31884122.572947074,11707.731707317073,9435104.94581009,31883172.58443652,11707.731707317073
9435500.68728583,31884642.30272393,11219.951219512195,3.5044615056438353,9435204.893680092,31884212.043990225,10732.170731707318,9435550.661220828,31885162.032500777,10732.170731707318,9435796.480891567,31885072.561457634,11707.731707317073,9435450.713350829,31884122.572947074,11707.731707317073
9435846.454826565,31885592.291234482,11219.951219512195,4.5082948963719245,9435550.661220828,31885162.032500777,10732.170731707318,9435896.428761566,31886112.021011338,10732.170731707318,9436142.248432305,31886022.54996819,11707.731707317073,9435796.480891567,31885072.561457634,11707.731707317073
9436192.222367303,31886542.279745042,11219.951219512195,3.7587566530769574,9435896.428761566,31886112.021011338,10732.170731707318,9436242.196302302,31887062.00952189,10732.170731707318,9436488.015973043,31886972.538478747,11707.731707317073,9436142.248432305,31886022.54996819,11707.731707317073
9436537.98990804,31887492.2682556,11219.951219512195,3.4131828323156563,9436242.196302302,31887062.00952189,10732.170731707318,9436587.96384304,31888011.99803245,10732.170731707318,9436833.783513779,31887922.526989304,11707.731707317073,9436488.015973043,31886972.538478747,11707.731707317073
9436883.757448778,31888442.25676615,11219.951219512195,2.8406574233499526,9436587.96384304,31888011.99803245,10732.170731707318,9436933.731383776,31888961.986543003,10732.170731707318,9437179.551054517,31888872.515499856,11707.731707317073,9436833.783513779,31887922.526989304,11707.731707317073
9437229.524989514,31889392.245276712,11219.951219512195,2.901120740223884,9436933.731383776,31888961.986543003,10732.170731707318,9437279.498924516,31889911.97505356,10732.170731707318,9437525.318595253,31889822.504010417,11707.731707317073,9437179.551054517,31888872.515499856,11707.731707317073
9437575.292530254,31890342.23378727,11219.951219512195,2.8615345370821257,9437279.498924516,31889911.97505356,10732.170731707318,9437625.266465252,31890861.96356412,10732.170731707318,9437871.08613599,31890772.492520973,11707.731707317073,9437525.318595253,31889822.504010417,11707.731707317073
9437921.060070992,31891292.222297825,11219.951219512195,2.9312846427784174,9437625.266465252,31890861.96356412,10732.170731707318,9437971.03400599,31891811.952074677,10732.170731707318,9438216.853676729,31891722.48103153,11707.731707317073,9437871.08613599,31890772.492520973,11707.731707317073
9438266.827611728,31892242.21080838,11219.951219512195,2.3606523689150545,9437971.03400599,31891811.952074677,10732.170731707318,9438316.801546726,31892761.94058523,10732.170731707318,9438562.621217467,31892672.469542086,11707.731707317073,9438216.853676729,31891722.48103153,11707.731707317073
9438612.595152466,31893192.199318938,11219.951219512195,2.221023270088836,9438316.801546726,31892761.94058523,10732.170731707318,9438662.569087464,31893711.92909579,10732.170731707318,9438908.388758203,31893622.458052643,11707.731707317073,9438562.621217467,31892672.469542086,11707.731707317073
9438958.362693202,31894142.187829494,11219.951219512195,2.7215701965057963,9438662.569087464,31893711.92909579,10732.170731707318,9439008.336628202,31894661.917606343,10732.170731707318,9439254.156298941,31894572.4465632,11707.731707317073,9438908.388758203,31893622.458052643,11707.731707317073
9439304.13023394,31895092.17634005,11219.951219512195,2.760608418866781,9439008.336628202,31894661.917606343,10732.170731707318,9439354.10416894,31895611.906116903,10732.170731707318,9439599.923839677,31895522.435073756,11707.731707317073,9439254.156298941,31894572.4465632,11707.731707317073
9419149.665001169,31838953.383174066,12195.512195121953,2.995344547081048,9418853.871395431,31838523.12444036,11707.731707317073,9419199.638936168,31839473.11295092,11707.731707317073,9419445.458606906,31839383.641907774,12683.292682926829,9419099.691066168,31838433.653397217,12683.292682926829
9419495.432541905,31839903.37168463,12195.512195121953,2.9780997821057302,9419199.638936168,31839473.11295092,11707.731707317073,9419545.406476906,31840423.101461478,11707.731707317073,9419791.226147644,31840333.63041833,12683.292682926829,9419445.458606906,31839383.641907774,12683.292682926829
9419841.200082643,31840853.360195186,12195.512195121953,2.6392568367779417,9419545.406476906,31840423.101461478,11707.731707317073,9419891.174017644,31841373.08997203,11707.731707317073,9420136.993688382,31841283.618928887,12683.292682926829,9419791.226147644,31840333.63041833,12683.292682926829
9420186.967623381,31841803.348705735,12195.512195121953,2.549539391009723,9419891.174017644,31841373.08997203,11707.731707317073,9420236.94155838,31842323.07848259,11707.731707317073,9420482.761229118,31842233.607439443,12683.292682926829,9420136.993688382,31841283.618928887,12683.292682926829
9420532.735164117,31842753.337216295,12195.512195121953,2.4434166416991956,9420236.94155838,31842323.07848259,11707.731707317073,9420582.709099118,31843273.066993143,11707.731707317073,9420828.528769856,31843183.59595,12683.292682926829,9420482.761229118,31842233.607439443,12683.292682926829
9420878.502704855,31843703.325726848,12195.512195121953,1.9366504810373546,9420582.709099118,31843273.066993143,11707.731707317073,9420928.476639856,31844223.055503704,11707.731707317073,9421174.296310594,31844133.584460557,12683.292682926829,9420828.528769856,31843183.59595,12683.292682926829
9421224.270245593,31844653.314237405,12195.512195121953,1.653210452013761,9420928.476639856,31844223.055503704,11707.731707317073,9421274.244180594,31845173.04401426,11707.731707317073,9421520.06385133,31845083.572971113,12683.292682926829,9421174.296310594,31844133.584460557,12683.292682926829
9421570.037786333,31845603.30274797,12195.512195121953,1.5528708432502571,9421274.244180594,31845173.04401426,11707.731707317073,9421620.01172133,31846123.032524817,11707.731707317073,9421865.83139207,31846033.561481673,12683.292682926829,9421520.06385133,31845083.572971113,12683.292682926829
9421915.805327067,31846553.291258525,12195.512195121953,2.011755325102166,9421620.01172133,31846123.032524817,11707.731707317073,9421965.779262068,31847073.021035373,11707.731707317073,9422211.598932806,31846983.549992226,12683.292682926829,9421865.83139207,31846033.561481673,12683.292682926829
9422261.572867807,31847503.279769078,12195.512195121953,2.56225547516187,9421965.779262068,31847073.021035373,11707.731707317073,9422311.546802806,31848023.00954593,11707.731707317073,9422557.366473544,31847933.538502783,12683.292682926829,9422211.598932806,31846983.549992226,12683.292682926829
9422607.340408543,31848453.268279634,12195.512195121953,3.106937992693966,9422311.546802806,31848023.00954593,11707.731707317073,9422657.314343544,31848972.998056483,11707.731707317073,9422903.13401428,31848883.52701334,12683.292682926829,9422557.366473544,31847933.538502783,12683.292682926829
9422953.107949281,31849403.256790187,12195.512195121953,2.9379457509882605,9422657.314343544,31848972.998056483,11707.731707317073,9423003.08188428,31849922.986567043,11707.731707317073,9423248.90155502,31849833.515523896,12683.292682926829,9422903.13401428,31848883.52701334,12683.292682926829
9423298.875490017,31850353.245300747,12195.512195121953,2.4248349621550007,9423003.08188428,31849922.986567043,11707.731707317073,9423348.849425018,31850872.975077596,11707.731707317073,9423594.669095756,31850783.504034452,12683.292682926829,9423248.90155502,31849833.515523896,12683.292682926829
9423644.643030755,31851303.233811304,12195.512195121953,3.158498652907009,9423348.849425018,31850872.975077596,11707.731707317073,9423694.616965756,31851822.963588156,11707.731707317073,9423940.436636494,31851733.49254501,12683.292682926829,9423594.669095756,31850783.504034452,12683.292682926829
9423990.410571491,31852253.22232186,12195.512195121953,3.810558748349999,9423694.616965756,31851822.963588156,11707.731707317073,9424040.384506492,31852772.952098712,11707.731707317073,9424286.20417723,31852683.481055565,12683.292682926829,9423940.436636494,31851733.49254501,12683.292682926829
9424336.17811223,31853203.210832417,12195.512195121953,3.7418375175967844,9424040.384506492,31852772.952098712,11707.731707317073,9424386.152047232,31853722.94060927,11707.731707317073,9424631.971717969,31853633.469566125,12683.292682926829,9424286.20417723,31852683.481055565,12683.292682926829
9424681.94565297,31854153.199342974,12195.512195121953,3.8392210614937943,9424386.152047232,31853722.94060927,11707.731707317073,9424731.919587968,31854672.929119825,11707.731707317073,9424977.739258707,31854583.45807668,12683.292682926829,9424631.971717969,31853633.469566125,12683.292682926829
9425027.713193705,31855103.18785353,12195.512195121953,3.796898711851584,9424731.919587968,31854672.929119825,11707.731707317073,9425077.687128706,31855622.917630382,11707.731707317073,9425323.506799445,31855533.446587235,12683.292682926829,9424977.739258707,31854583.45807668,12683.292682926829
9425373.480734445,31856053.176364087,12195.512195121953,4.218108843992192,9425077.687128706,31855622.917630382,11707.731707317073,9425423.454669442,31856572.90614094,11707.731707317073,9425669.274340183,31856483.43509779,12683.292682926829,9425323.506799445,31855533.446587235,12683.292682926829
9425719.24827518,31857003.164874643,12195.512195121953,6.376666339603932,9425423.454669442,31856572.90614094,11707.731707317073,9425769.22221018,31857522.894651495,11707.731707317073,9426015.041880919,31857433.423608348,12683.292682926829,9425669.274340183,31856483.43509779,12683.292682926829
9426065.01581592,31857953.1533852,12195.512195121953,8.820761803727576,9425769.22221018,31857522.894651495,11707.731707317073,9426114.989750916,31858472.88316205,11707.731707317073,9426360.809421657,31858383.412118908,12683.292682926829,9426015.041880919,31857433.423608348,12683.292682926829
9426410.783356654,31858903.141895756,12195.512195121953,8.5239810625854,9426114.989750916,31858472.88316205,11707.731707317073,9426460.757291654,31859422.871672608,11707.731707317073,9426706.576962393,31859333.40062946,12683.292682926829,9426360.809421657,31858383.412118908,12683.292682926829
9426756.550897393,31859853.130406313,12195.512195121953,7.253862434959694,9426460.757291654,31859422.871672608,11707.731707317073,9426806.524832392,31860372.860183164,11707.731707317073,9427052.34450313,31860283.389140017,12683.292682926829,9426706.576962393,31859333.40062946,12683.292682926829
9427102.31843813,31860803.11891687,12195.512195121953,8.021796772478158,9426806.524832392,31860372.860183164,11707.731707317073,9427152.29237313,31861322.848693717,11707.731707317073,9427398.112043867,31861233.377650574,12683.292682926829,9427052.34450313,31860283.389140017,12683.292682926829
9427448.085978867,31861753.107427422,12195.512195121953,9.460372103677276,9427152.29237313,31861322.848693717,11707.731707317073,9427498.059913866,31862272.837204278,11707.731707317073,9427743.879584607,31862183.36616113,12683.292682926829,9427398.112043867,31861233.377650574,12683.292682926829
9427793.853519604,31862703.095937986,12195.512195121953,9.81324679081269,9427498.059913866,31862272.837204278,11707.731707317073,9427843.827454604,31863222.825714834,11707.731707317073,9428089.647125343,31863133.354671687,12683.292682926829,9427743.879584607,31862183.36616113,12683.292682926829
9428139.621060342,31863653.084448535,12195.512195121953,8.948559848570888,9427843.827454604,31863222.825714834,11707.731707317073,9428189.594995344,31864172.81422539,11707.731707317073,9428435.41466608,31864083.343182243,12683.292682926829,9428089.647125343,31863133.354671687,12683.292682926829
9428485.388601081,31864603.07295909,12195.512195121953,8.45390475276134,9428189.594995344,31864172.81422539,11707.731707317073,9428535.36253608,31865122.802735947,11707.731707317073,9428781.182206817,31865033.3316928,12683.292682926829,9428435.41466608,31864083.343182243,12683.292682926829
9428831.156141818,31865553.061469655,12195.512195121953,8.473034909536882,9428535.36253608,31865122.802735947,11707.731707317073,9428881.130076818,31866072.791246504,11707.731707317073,9429126.949747555,31865983.32020336,12683.292682926829,9428781.182206817,31865033.3316928,12683.292682926829
9429176.923682556,31866503.04998021,12195.512195121953,8.765522384709888,9428881.130076818,31866072.791246504,11707.731707317073,9429226.897617554,31867022.77975706,11707.731707317073,9429472.717288293,31866933.308713913,12683.292682926829,9429126.949747555,31865983.32020336,12683.292682926829
9429522.691223292,31867453.038490765,12195.512195121953,8.930604802454274,9429226.897617554,31867022.77975706,11707.731707317073,9429572.665158292,31867972.768267617,11707.731707317073,9429818.48482903,31867883.29722447,12683.292682926829,9429472.717288293,31866933.308713913,12683.292682926829
9429868.458764032,31868403.027001318,12195.512195121953,6.739181673292888,9429572.665158292,31867972.768267617,11707.731707317073,9429918.432699028,31868922.75677817,11707.731707317073,9430164.252369769,31868833.285735026,12683.292682926829,9429818.48482903,31867883.29722447,12683.292682926829
9430214.226304768,31869353.015511874,12195.512195121953,5.23944608951138,9429918.432699028,31868922.75677817,11707.731707317073,9430264.200239768,31869872.74528873,11707.731707317073,9430510.019910505,31869783.274245583,12683.292682926829,9430164.252369769,31868833.285735026,12683.292682926829
9430559.993845506,31870303.004022434,12195.512195121953,6.122380315457816,9430264.200239768,31869872.74528873,11707.731707317073,9430609.967780504,31870822.733799286,11707.731707317073,9430855.787451243,31870733.26275614,12683.292682926829,9430510.019910505,31869783.274245583,12683.292682926829
9430905.761386242,31871252.992532987,12195.512195121953,5.116479957494732,9430609.967780504,31870822.733799286,11707.731707317073,9430955.735321242,31871772.722309843,11707.731707317073,9431201.554991981,31871683.251266696,12683.292682926829,9430855.787451243,31870733.26275614,12683.292682926829
9431251.52892698,31872202.981043544,12195.512195121953,4.73838246990411,9430955.735321242,31871772.722309843,11707.731707317073,9431301.502861978,31872722.7108204,11707.731707317073,9431547.322532719,31872633.239777252,12683.292682926829,9431201.554991981,31871683.251266696,12683.292682926829
9431597.296467716,31873152.969554104,12195.512195121953,5.112656715979786,9431301.502861978,31872722.7108204,11707.731707317073,9431647.270402716,31873672.699330956,11707.731707317073,9431893.090073455,31873583.228287812,12683.292682926829,9431547.322532719,31872633.239777252,12683.292682926829
9431943.064008454,31874102.958064657,12195.512195121953,5.689244475809489,9431647.270402716,31873672.699330956,11707.731707317073,9431993.037943454,31874622.687841512,11707.731707317073,9432238.857614193,31874533.216798365,12683.292682926829,9431893.090073455,31873583.228287812,12683.292682926829
9432288.831549192,31875052.946575217,12195.512195121953,6.348341720189605,9431993.037943454,31874622.687841512,11707.731707317073,9432338.805484192,31875572.67635207,11707.731707317073,9432584.62515493,31875483.20530892,12683.292682926829,9432238.857614193,31874533.216798365,12683.292682926829
9432634.59908993,31876002.935085773,12195.512195121953,5.270694666204793,9432338.805484192,31875572.67635207,11707.731707317073,9432684.57302493,31876522.66486262,11707.731707317073,9432930.392695667,31876433.19381948,12683.292682926829,9432584.62515493,31875483.20530892,12683.292682926829
9432980.36663067,31876952.923596326,12195.512195121953,6.332143975400463,9432684.57302493,31876522.66486262,11707.731707317073,9433030.340565667,31877472.65337318,11707.731707317073,9433276.160236407,31877383.182330035,12683.292682926829,9432930.392695667,31876433.19381948,12683.292682926829
9433326.134171404,31877902.912106887,12195.512195121953,6.309037231032806,9433030.340565667,31877472.65337318,11707.731707317073,9433376.108106405,31878422.64188374,11707.731707317073,9433621.927777143,31878333.170840595,12683.292682926829,9433276.160236407,31877383.182330035,12683.292682926829
9433671.901712144,31878852.900617443,12195.512195121953,6.72538779695332,9433376.108106405,31878422.64188374,11707.731707317073,9433721.87564714,31879372.630394295,11707.731707317073,9433967.695317881,31879283.159351148,12683.292682926829,9433621.927777143,31878333.170840595,12683.292682926829
9434017.669252878,31879802.889127996,12195.512195121953,4.845824281949122,9433721.87564714,31879372.630394295,11707.731707317073,9434067.643187879,31880322.61890485,11707.731707317073,9434313.462858617,31880233.147861704,12683.292682926829,9433967.695317881,31879283.159351148,12683.292682926829
9434363.436793618,31880752.877638556,12195.512195121953,3.978315390267985,9434067.643187879,31880322.61890485,11707.731707317073,9434413.410728615,31881272.607415404,11707.731707317073,9434659.230399355,31881183.13637226,12683.292682926829,9434313.462858617,31880233.147861704,12683.292682926829
9434709.204334354,31881702.866149113,12195.512195121953,4.800867614138168,9434413.410728615,31881272.607415404,11707.731707317073,9434759.178269355,31882222.595925964,11707.731707317073,9435004.997940091,31882133.124882817,12683.292682926829,9434659.230399355,31881183.13637226,12683.292682926829
9435054.971875092,31882652.85465967,12195.512195121953,5.848847958195082,9434759.178269355,31882222.595925964,11707.731707317073,9435104.94581009,31883172.58443652,11707.731707317073,9435350.76548083,31883083.113393374,12683.292682926829,9435004.997940091,31882133.124882817,12683.292682926829
9435400.739415828,31883602.843170226,12195.512195121953,5.866256922341143,9435104.94581009,31883172.58443652,11707.731707317073,9435450.713350829,31884122.572947074,11707.731707317073,9435696.533021567,31884033.10190393,12683.292682926829,9435350.76548083,31883083.113393374,12683.292682926829
9435746.506956566,31884552.831680782,12195.512195121953,6.335800113704914,9435450.713350829,31884122.572947074,11707.731707317073,9435796.480891567,31885072.561457634,11707.731707317073,9436042.300562305,31884983.090414487,12683.292682926829,9435696.533021567,31884033.10190393,12683.292682926829
9436092.274497302,31885502.82019134,12195.512195121953,6.631856436599151,9435796.480891567,31885072.561457634,11707.731707317073,9436142.248432305,31886022.54996819,11707.731707317073,9436388.068103041,31885933.078925047,12683.292682926829,9436042.300562305,31884983.090414487,12683.292682926829
9436438.042038042,31886452.808701895,12195.512195121953,4.338085552509584,9436142.248432305,31886022.54996819,11707.731707317073,9436488.015973043,31886972.538478747,11707.731707317073,9436733.83564378,31886883.0674356,12683.292682926829,9436388.068103041,31885933.078925047,12683.292682926829
9436783.809578782,31887402.79721245,12195.512195121953,4.99953706042148,9436488.015973043,31886972.538478747,11707.731707317073,9436833.783513779,31887922.526989304,11707.731707317073,9437079.60318452,31887833.055946156,12683.292682926829,9436733.83564378,31886883.0674356,12683.292682926829
9437129.577119516,31888352.78572301,12195.512195121953,5.754393626023351,9436833.783513779,31887922.526989304,11707.731707317073,9437179.551054517,31888872.515499856,11707.731707317073,9437425.370725255,31888783.044456713,12683.292682926829,9437079.60318452,31887833.055946156,12683.292682926829
9437475.344660256,31889302.774233565,12195.512195121953,4.755754301752909,9437179.551054517,31888872.515499856,11707.731707317073,9437525.318595253,31889822.504010417,11707.731707317073,9437771.138265993,31889733.03296727,12683.292682926829,9437425.370725255,31888783.044456713,12683.292682926829
9437821.11220099,31890252.762744125,12195.512195121953,4.485264904950121,9437525.318595253,31889822.504010417,11707.731707317073,9437871.08613599,31890772.492520973,11707.731707317073,9438116.90580673,31890683.021477826,12683.292682926829,9437771.138265993,31889733.03296727,12683.292682926829
9438166.87974173,31891202.751254678,12195.512195121953,3.9691727489262427,9437871.08613599,31890772.492520973,11707.731707317073,9438216.853676729,31891722.48103153,11707.731707317073,9438462.673347468,31891633.009988382,12683.292682926829,9438116.90580673,31890683.021477826,12683.292682926829
9438512.647282466,31892152.739765234,12195.512195121953,3.6075639834270925,9438216.853676729,31891722.48103153,11707.731707317073,9438562.621217467,31892672.469542086,11707.731707317073,9438808.440888204,31892582.99849894,12683.292682926829,9438462.673347468,31891633.009988382,12683.292682926829
9438858.414823204,31893102.728275795,12195.512195121953,3.0855096890783136,9438562.621217467,31892672.469542086,11707.731707317073,9438908.388758203,31893622.458052643,11707.731707317073,9439154.208428944,31893532.9870095,12683.292682926829,9438808.440888204,31892582.99849894,12683.292682926829
9439204.18236394,31894052.716786347,12195.512195121953,3.2537801853093495,9438908.388758203,31893622.458052643,11707.731707317073,9439254.156298941,31894572.4465632,11707.731707317073,9439499.97596968,31894482.975520052,12683.292682926829,9439154.208428944,31893532.9870095,12683.292682926829
9439549.949904678,31895002.705296904,12195.512195121953,3.4471940510496957,9439254.156298941,31894572.4465632,11707.731707317073,9439599.923839677,31895522.435073756,11707.731707317073,9439845.743510418,31895432.96403061,12683.292682926829,9439499.97596968,31894482.975520052,12683.292682926829
9419395.484671906,31838863.912130922,13171.073170731708,1.9007170688244839,9419099.691066168,31838433.653397217,12683.292682926829,9419445.458606906,31839383.641907774,12683.292682926829,9419691.278277645,31839294.170864627,13658.853658536585,9419345.510736909,31838344.18235407,13658.853658536585
9419741.252212644,31839813.900641482,13171.073170731708,1.9055251090885676,9419445.458606906,31839383.641907774,12683.292682926829,9419791.226147644,31840333.63041833,12683.292682926829,9420037.045818383,31840244.159375187,13658.853658536585,9419691.278277645,31839294.170864627,13658.853658536585
9420087.019753382,31840763.88915204,13171.073170731708,2.5552848388930642,9419791.226147644,31840333.63041833,12683.292682926829,9420136.993688382,31841283.618928887,12683.292682926829,9420382.813359119,31841194.14788574,13658.853658536585,9420037.045818383,31840244.159375187,13658.853658536585
9420432.787294121,31841713.87766259,13171.073170731708,2.351503054328766,9420136.993688382,31841283.618928887,12683.292682926829,9420482.761229118,31842233.607439443,12683.292682926829,9420728.580899859,31842144.1363963,13658.853658536585,9420382.813359119,31841194.14788574,13658.853658536585
9420778.554834856,31842663.86617315,13171.073170731708,1.7144981487387374,9420482.761229118,31842233.607439443,12683.292682926829,9420828.528769856,31843183.59595,12683.292682926829,9421074.348440595,31843094.124906853,13658.853658536585,9420728.580899859,31842144.1363963,13658.853658536585
9421124.322375596,31843613.854683705,13171.073170731708,1.8466585317046293,9420828.528769856,31843183.59595,12683.292682926829,9421174.296310594,31844133.584460557,12683.292682926829,9421420.115981333,31844044.11341741,13658.853658536585,9421074.348440595,31843094.124906853,13658.853658536585
9421470.089916332,31844563.84319426,13171.073170731708,1.2662959621303356,9421174.296310594,31844133.584460557,12683.292682926829,9421520.06385133,31845083.572971113,12683.292682926829,9421765.88352207,31844994.10192797,13658.853658536585,9421420.115981333,31844044.11341741,13658.853658536585
9421815.85745707,31845513.83170482,13171.073170731708,1.4862353598132239,9421520.06385133,31845083.572971113,12683.292682926829,9421865.83139207,31846033.561481673,12683.292682926829,9422111.651062807,31845944.090438522,13658.853658536585,9421765.88352207,31844994.10192797,13658.853658536585
9422161.624997808,31846463.82021538,13171.073170731708,1.862346297445107,9421865.83139207,31846033.561481673,12683.292682926829,9422211.598932806,31846983.549992226,12683.292682926829,9422457.418603545,31846894.07894908,13658.853658536585,9422111.651062807,31845944.090438522,13658.853658536585
9422507.392538544,31847413.80872593,13171.073170731708,2.6161117272150363,9422211.598932806,31846983.549992226,12683.292682926829,9422557.366473544,31847933.538502783,12683.292682926829,9422803.186144283,31847844.06745964,13658.853658536585,9422457.418603545,31846894.07894908,13658.853658536585
9422853.160079282,31848363.797236487,13171.073170731708,3.235197533622187,9422557.366473544,31847933.538502783,12683.292682926829,9422903.13401428,31848883.52701334,12683.292682926829,9423148.953685021,31848794.055970192,13658.853658536585,9422803.186144283,31847844.06745964,13658.853658536585
9423198.927620018,31849313.785747044,13171.073170731708,3.7598471311072603,9422903.13401428,31848883.52701334,12683.292682926829,9423248.90155502,31849833.515523896,12683.292682926829,9423494.721225757,31849744.044480752,13658.853658536585,9423148.953685021,31848794.055970192,13658.853658536585
9423544.695160758,31850263.7742576,13171.073170731708,3.259732266244755,9423248.90155502,31849833.515523896,12683.292682926829,9423594.669095756,31850783.504034452,12683.292682926829,9423840.488766495,31850694.032991305,13658.853658536585,9423494.721225757,31849744.044480752,13658.853658536585
9423890.462701494,31851213.762768157,13171.073170731708,2.64232536125784,9423594.669095756,31850783.504034452,12683.292682926829,9423940.436636494,31851733.49254501,12683.292682926829,9424186.256307231,31851644.02150186,13658.853658536585,9423840.488766495,31850694.032991305,13658.853658536585
9424236.230242232,31852163.751278713,13171.073170731708,3.0055691589409945,9423940.436636494,31851733.49254501,12683.292682926829,9424286.20417723,31852683.481055565,12683.292682926829,9424532.02384797,31852594.01001242,13658.853658536585,9424186.256307231,31851644.02150186,13658.853658536585
9424581.997782968,31853113.73978927,13171.073170731708,3.796782724172979,9424286.20417723,31852683.481055565,12683.292682926829,9424631.971717969,31853633.469566125,12683.292682926829,9424877.791388707,31853543.99852298,13658.853658536585,9424532.02384797,31852594.01001242,13658.853658536585
9424927.765323708,31854063.72829983,13171.073170731708,4.408690406748429,9424631.971717969,31853633.469566125,12683.292682926829,9424977.739258707,31854583.45807668,12683.292682926829,9425223.558929445,31854493.98703353,13658.853658536585,9424877.791388707,31853543.99852298,13658.853658536585
9425273.532864444,31855013.716810383,13171.073170731708,5.998029793459149,9424977.739258707,31854583.45807668,12683.292682926829,9425323.506799445,31855533.446587235,12683.292682926829,9425569.326470181,31855443.97554409,13658.853658536585,9425223.558929445,31854493.98703353,13658.853658536585
9425619.300405182,31855963.70532094,13171.073170731708,7.3826930790124425,9425323.506799445,31855533.446587235,12683.292682926829,9425669.274340183,31856483.43509779,12683.292682926829,9425915.09401092,31856393.964054644,13658.853658536585,9425569.326470181,31855443.97554409,13658.853658536585
9425965.06794592,31856913.6938315,13171.073170731708,8.65390923512264,9425669.274340183,31856483.43509779,12683.292682926829,9426015.041880919,31857433.423608348,12683.292682926829,9426260.86155166,31857343.952565204,13658.853658536585,9425915.09401092,31856393.964054644,13658.853658536585
9426310.835486656,31857863.682342052,13171.073170731708,7.254699875780002,9426015.041880919,31857433.423608348,12683.292682926829,9426360.809421657,31858383.412118908,12683.292682926829,9426606.629092395,31858293.941075757,13658.853658536585,9426260.86155166,31857343.952565204,13658.853658536585
9426656.603027394,31858813.67085261,13171.073170731708,7.447840431558666,9426360.809421657,31858383.412118908,12683.292682926829,9426706.576962393,31859333.40062946,12683.292682926829,9426952.396633133,31859243.929586314,13658.853658536585,9426606.629092395,31858293.941075757,13658.853658536585
9427002.37056813,31859763.65936317,13171.073170731708,8.813626635470555,9426706.576962393,31859333.40062946,12683.292682926829,9427052.34450313,31860283.389140017,12683.292682926829,9427298.16417387,31860193.918096874,13658.853658536585,9426952.396633133,31859243.929586314,13658.853658536585
9427348.138108868,31860713.647873722,13171.073170731708,9.181513039730543,9427052.34450313,31860283.389140017,12683.292682926829,9427398.112043867,31861233.377650574,12683.292682926829,9427643.931714607,31861143.906607427,13658.853658536585,9427298.16417387,31860193.918096874,13658.853658536585
9427693.905649604,31861663.63638428,13171.073170731708,9.440843424721631,9427398.112043867,31861233.377650574,12683.292682926829,9427743.879584607,31862183.36616113,12683.292682926829,9427989.699255344,31862093.895117983,13658.853658536585,9427643.931714607,31861143.906607427,13658.853658536585
9428039.673190344,31862613.62489483,13171.073170731708,7.550702886216085,9427743.879584607,31862183.36616113,12683.292682926829,9428089.647125343,31863133.354671687,12683.292682926829,9428335.466796082,31863043.88362854,13658.853658536585,9427989.699255344,31862093.895117983,13658.853658536585
9428385.44073108,31863563.613405388,13171.073170731708,6.6261841555461976,9428089.647125343,31863133.354671687,12683.292682926829,9428435.41466608,31864083.343182243,12683.292682926829,9428681.23433682,31863993.872139096,13658.853658536585,9428335.466796082,31863043.88362854,13658.853658536585
9428731.20827182,31864513.601915948,13171.073170731708,6.546151902834925,9428435.41466608,31864083.343182243,12683.292682926829,9428781.182206817,31865033.3316928,12683.292682926829,9429027.001877557,31864943.860649657,13658.853658536585,9428681.23433682,31863993.872139096,13658.853658536585
9429076.975812554,31865463.59042651,13171.073170731708,7.538737537512856,9428781.182206817,31865033.3316928,12683.292682926829,9429126.949747555,31865983.32020336,12683.292682926829,9429372.769418294,31865893.849160213,13658.853658536585,9429027.001877557,31864943.860649657,13658.853658536585
9429422.743353294,31866413.57893706,13171.073170731708,8.893077951108951,9429126.949747555,31865983.32020336,12683.292682926829,9429472.717288293,31866933.308713913,12683.292682926829,9429718.536959032,31866843.837670766,13658.853658536585,9429372.769418294,31865893.849160213,13658.853658536585
9429768.510894032,31867363.567447618,13171.073170731708,9.387128860983802,9429472.717288293,31866933.308713913,12683.292682926829,9429818.48482903,31867883.29722447,12683.292682926829,9430064.30449977,31867793.826181326,13658.853658536585,9429718.536959032,31866843.837670766,13658.853658536585
9430114.278434768,31868313.55595817,13171.073170731708,8.718446251116369,9429818.48482903,31867883.29722447,12683.292682926829,9430164.252369769,31868833.285735026,12683.292682926829,9430410.072040506,31868743.81469188,13658.853658536585,9430064.30449977,31867793.826181326,13658.853658536585
9430460.045975506,31869263.54446873,13171.073170731708,8.03707362419019,9430164.252369769,31868833.285735026,12683.292682926829,9430510.019910505,31869783.274245583,12683.292682926829,9430755.839581246,31869693.80320244,13658.853658536585,9430410.072040506,31868743.81469188,13658.853658536585
9430805.813516242,31870213.532979287,13171.073170731708,5.315338305677034,9430510.019910505,31869783.274245583,12683.292682926829,9430855.787451243,31870733.26275614,12683.292682926829,9431101.607121982,31870643.791712992,13658.853658536585,9430755.839581246,31869693.80320244,13658.853658536585
9431151.58105698,31871163.52148984,13171.073170731708,4.48795999665619,9430855.787451243,31870733.26275614,12683.292682926829,9431201.554991981,31871683.251266696,12683.292682926829,9431447.37466272,31871593.78022355,13658.853658536585,9431101.607121982,31870643.791712992,13658.853658536585
9431497.348597718,31872113.5100004,13171.073170731708,3.853702239173184,9431201.554991981,31871683.251266696,12683.292682926829,9431547.322532719,31872633.239777252,12683.292682926829,9431793.142203456,31872543.76873411,13658.853658536585,9431447.37466272,31871593.78022355,13658.853658536585
9431843.116138458,31873063.498510957,13171.073170731708,3.8975026118893417,9431547.322532719,31872633.239777252,12683.292682926829,9431893.090073455,31873583.228287812,12683.292682926829,9432138.909744196,31873493.757244665,13658.853658536585,9431793.142203456,31872543.76873411,13658.853658536585
9432188.883679193,31874013.487021513,13171.073170731708,3.9209700374111747,9431893.090073455,31873583.228287812,12683.292682926829,9432238.857614193,31874533.216798365,12683.292682926829,9432484.677284932,31874443.745755218,13658.853658536585,9432138.909744196,31873493.757244665,13658.853658536585
9432534.651219932,31874963.47553207,13171.073170731708,4.115847488131649,9432238.857614193,31874533.216798365,12683.292682926829,9432584.62515493,31875483.20530892,12683.292682926829,9432830.44482567,31875393.73426578,13658.853658536585,9432484.677284932,31874443.745755218,13658.853658536585
9432880.418760667,31875913.464042626,13171.073170731708,4.66343890032799,9432584.62515493,31875483.20530892,12683.292682926829,9432930.392695667,31876433.19381948,12683.292682926829,9433176.212366406,31876343.72277633,13658.853658536585,9432830.44482567,31875393.73426578,13658.853658536585
9433226.186301406,31876863.452553183,13171.073170731708,4.636254725780592,9432930.392695667,31876433.19381948,12683.292682926829,9433276.160236407,31877383.182330035,12683.292682926829,9433521.979907144,31877293.71128689,13658.853658536585,9433176.212366406,31876343.72277633,13658.853658536585
9433571.953842144,31877813.44106374,13171.073170731708,4.0888535726731865,9433276.160236407,31877383.182330035,12683.292682926829,9433621.927777143,31878333.170840595,12683.292682926829,9433867.74744788,31878243.699797448,13658.853658536585,9433521.979907144,31877293.71128689,13658.853658536585
9433917.72138288,31878763.429574296,13171.073170731708,5.523140104228073,9433621.927777143,31878333.170840595,12683.292682926829,9433967.695317881,31879283.159351148,12683.292682926829,9434213.514988618,31879193.688308,13658.853658536585,9433867.74744788,31878243.699797448,13658.853658536585
9434263.488923619,31879713.418084852,13171.073170731708,4.9029614030873185,9433967.695317881,31879283.159351148,12683.292682926829,9434313.462858617,31880233.147861704,12683.292682926829,9434559.282529358,31880143.67681856,13658.853658536585,9434213.514988618,31879193.688308,13658.853658536585
9434609.256464355,31880663.40659541,13171.073170731708,4.611353868122464,9434313.462858617,31880233.147861704,12683.292682926829,9434659.230399355,31881183.13637226,12683.292682926829,9434905.050070094,31881093.665329114,13658.853658536585,9434559.282529358,31880143.67681856,13658.853658536585
9434955.024005093,31881613.39510597,13171.073170731708,5.207602753025894,9434659.230399355,31881183.13637226,12683.292682926829,9435004.997940091,31882133.124882817,12683.292682926829,9435250.817610832,31882043.65383967,13658.853658536585,9434905.050070094,31881093.665329114,13658.853658536585
9435300.791545829,31882563.383616522,13171.073170731708,7.034811264380736,9435004.997940091,31882133.124882817,12683.292682926829,9435350.76548083,31883083.113393374,12683.292682926829,9435596.585151568,31882993.642350227,13658.853658536585,9435250.817610832,31882043.65383967,13658.853658536585
9435646.559086567,31883513.37212708,13171.073170731708,8.31744938303443,9435350.76548083,31883083.113393374,12683.292682926829,9435696.533021567,31884033.10190393,12683.292682926829,9435942.352692306,31883943.630860783,13658.853658536585,9435596.585151568,31882993.642350227,13658.853658536585
9435992.326627305,31884463.36063764,13171.073170731708,8.504612970023805,9435696.533021567,31884033.10190393,12683.292682926829,9436042.300562305,31884983.090414487,12683.292682926829,9436288.120233042,31884893.619371343,13658.853658536585,9435942.352692306,31883943.630860783,13658.853658536585
9436338.094168045,31885413.34914819,13171.073170731708,7.580544582763649,9436042.300562305,31884983.090414487,12683.292682926829,9436388.068103041,31885933.078925047,12683.292682926829,9436633.887773782,31885843.6078819,13658.853658536585,9436288.120233042,31884893.619371343,13658.853658536585
9436683.861708779,31886363.337658748,13171.073170731708,7.768075085535364,9436388.068103041,31885933.078925047,12683.292682926829,9436733.83564378,31886883.0674356,12683.292682926829,9436979.655314518,31886793.596392453,13658.853658536585,9436633.887773782,31885843.6078819,13658.853658536585
9437029.629249519,31887313.32616931,13171.073170731708,7.724473789818643,9436733.83564378,31886883.0674356,12683.292682926829,9437079.60318452,31887833.055946156,12683.292682926829,9437325.422855256,31887743.584903013,13658.853658536585,9436979.655314518,31886793.596392453,13658.853658536585
9437375.396790255,31888263.31467986,13171.073170731708,7.8921265060459715,9437079.60318452,31887833.055946156,12683.292682926829,9437425.370725255,31888783.044456713,12683.292682926829,9437671.190395992,31888693.573413566,13658.853658536585,9437325.422855256,31887743.584903013,13658.853658536585
9437721.164330993,31889213.30319042,13171.073170731708,6.451176080605441,9437425.370725255,31888783.044456713,12683.292682926829,9437771.138265993,31889733.03296727,12683.292682926829,9438016.95793673,31889643.561924122,13658.853658536585,9437671.190395992,31888693.573413566,13658.853658536585
9438066.93187173,31890163.291700978,13171.073170731708,5.246067228312765,9437771.138265993,31889733.03296727,12683.292682926829,9438116.90580673,31890683.021477826,12683.292682926829,9438362.72547747,31890593.550434683,13658.853658536585,9438016.95793673,31889643.561924122,13658.853658536585
9438412.699412467,31891113.28021153,13171.073170731708,5.901161018969643,9438116.90580673,31890683.021477826,12683.292682926829,9438462.673347468,31891633.009988382,12683.292682926829,9438708.493018206,31891543.538945235,13658.853658536585,9438362.72547747,31890593.550434683,13658.853658536585
9438758.466953205,31892063.26872209,13171.073170731708,4.856755117096421,9438462.673347468,31891633.009988382,12683.292682926829,9438808.440888204,31892582.99849894,12683.292682926829,9439054.260558944,31892493.527455796,13658.853658536585,9438708.493018206,31891543.538945235,13658.853658536585
9439104.234493941,31893013.257232647,13171.073170731708,5.603875126103321,9438808.440888204,31892582.99849894,12683.292682926829,9439154.208428944,31893532.9870095,12683.292682926829,9439400.02809968,31893443.515966352,13658.853658536585,9439054.260558944,31892493.527455796,13658.853658536585
9439450.00203468,31893963.2457432,13171.073170731708,3.7439863089995375,9439154.208428944,31893532.9870095,12683.292682926829,9439499.97596968,31894482.975520052,12683.292682926829,9439745.795640418,31894393.504476905,13658.853658536585,9439400.02809968,31893443.515966352,13658.853658536585
9439795.769575417,31894913.23425376,13171.073170731708,3.7733043826222095,9439499.97596968,31894482.975520052,12683.292682926829,9439845.743510418,31895432.96403061,12683.292682926829,9440091.563181156,31895343.492987465,13658.853658536585,9439745.795640418,31894393.504476905,13658.853658536585
9419641.304342648,31838774.441087775,14146.634146341463,1.5183668835439983,9419345.510736909,31838344.18235407,13658.853658536585,9419691.278277645,31839294.170864627,13658.853658536585,9419937.097948387,31839204.69982148,14634.414634146342,9419591.33040765,31838254.711310923,14634.414634146342
9419987.071883384,31839724.42959833,14146.634146341463,2.407847726425965,9419691.278277645,31839294.170864627,13658.853658536585,9420037.045818383,31840244.159375187,13658.853658536585,9420282.865489125,31840154.688332036,14634.414634146342,9419937.097948387,31839204.69982148,14634.414634146342
9420332.839424124,31840674.418108895,14146.634146341463,2.7184884710119093,9420037.045818383,31840244.159375187,13658.853658536585,9420382.813359119,31841194.14788574,13658.853658536585,9420628.633029863,31841104.676842596,14634.414634146342,9420282.865489125,31840154.688332036,14634.414634146342
9420678.60696486,31841624.406619444,14146.634146341463,2.8171604881221723,9420382.813359119,31841194.14788574,13658.853658536585,9420728.580899859,31842144.1363963,13658.853658536585,9420974.4005706,31842054.66535315,14634.414634146342,9420628.633029863,31841104.676842596,14634.414634146342
9421024.374505598,31842574.39513,14146.634146341463,2.8145519479925882,9420728.580899859,31842144.1363963,13658.853658536585,9421074.348440595,31843094.124906853,13658.853658536585,9421320.168111337,31843004.653863706,14634.414634146342,9420974.4005706,31842054.66535315,14634.414634146342
9421370.142046334,31843524.383640558,14146.634146341463,2.064456987498804,9421074.348440595,31843094.124906853,13658.853658536585,9421420.115981333,31844044.11341741,13658.853658536585,9421665.935652073,31843954.642374266,14634.414634146342,9421320.168111337,31843004.653863706,14634.414634146342
9421715.909587072,31844474.372151114,14146.634146341463,1.5370899561031772,9421420.115981333,31844044.11341741,13658.853658536585,9421765.88352207,31844994.10192797,13658.853658536585,9422011.703192811,31844904.63088482,14634.414634146342,9421665.935652073,31843954.642374266,14634.414634146342
9422061.677127808,31845424.360661674,14146.634146341463,1.5359268985185277,9421765.88352207,31844994.10192797,13658.853658536585,9422111.651062807,31845944.090438522,13658.853658536585,9422357.47073355,31845854.619395375,14634.414634146342,9422011.703192811,31844904.63088482,14634.414634146342
9422407.444668548,31846374.349172227,14146.634146341463,2.2883777458792656,9422111.651062807,31845944.090438522,13658.853658536585,9422457.418603545,31846894.07894908,13658.853658536585,9422703.238274287,31846804.60790593,14634.414634146342,9422357.47073355,31845854.619395375,14634.414634146342
9422753.212209286,31847324.337682784,14146.634146341463,3.2778980196351557,9422457.418603545,31846894.07894908,13658.853658536585,9422803.186144283,31847844.06745964,13658.853658536585,9423049.005815024,31847754.59641649,14634.414634146342,9422703.238274287,31846804.60790593,14634.414634146342
9423098.979750022,31848274.326193344,14146.634146341463,3.800536341842314,9422803.186144283,31847844.06745964,13658.853658536585,9423148.953685021,31848794.055970192,13658.853658536585,9423394.773355762,31848704.58492705,14634.414634146342,9423049.005815024,31847754.59641649,14634.414634146342
9423444.74729076,31849224.314703897,14146.634146341463,3.828768220945081,9423148.953685021,31848794.055970192,13658.853658536585,9423494.721225757,31849744.044480752,13658.853658536585,9423740.540896501,31849654.573437605,14634.414634146342,9423394.773355762,31848704.58492705,14634.414634146342
9423790.514831496,31850174.303214453,14146.634146341463,3.84094888363994,9423494.721225757,31849744.044480752,13658.853658536585,9423840.488766495,31850694.032991305,13658.853658536585,9424086.308437238,31850604.561948158,14634.414634146342,9423740.540896501,31849654.573437605,14634.414634146342
9424136.282372236,31851124.291725013,14146.634146341463,3.66067870500869,9423840.488766495,31850694.032991305,13658.853658536585,9424186.256307231,31851644.02150186,13658.853658536585,9424432.075977976,31851554.550458718,14634.414634146342,9424086.308437238,31850604.561948158,14634.414634146342
9424482.04991297,31852074.280235566,14146.634146341463,4.135533383716877,9424186.256307231,31851644.02150186,13658.853658536585,9424532.02384797,31852594.01001242,13658.853658536585,9424777.843518712,31852504.53896927,14634.414634146342,9424432.075977976,31851554.550458718,14634.414634146342
9424827.81745371,31853024.268746126,14146.634146341463,4.861889291163316,9424532.02384797,31852594.01001242,13658.853658536585,9424877.791388707,31853543.99852298,13658.853658536585,9425123.61105945,31853454.527479827,14634.414634146342,9424777.843518712,31852504.53896927,14634.414634146342
9425173.584994446,31853974.257256683,14146.634146341463,6.24910612880938,9424877.791388707,31853543.99852298,13658.853658536585,9425223.558929445,31854493.98703353,13658.853658536585,9425469.378600186,31854404.515990388,14634.414634146342,9425123.61105945,31853454.527479827,14634.414634146342
9425519.352535184,31854924.245767236,14146.634146341463,7.978614492565202,9425223.558929445,31854493.98703353,13658.853658536585,9425569.326470181,31855443.97554409,13658.853658536585,9425815.146140926,31855354.50450094,14634.414634146342,9425469.378600186,31854404.515990388,14634.414634146342
9425865.120075922,31855874.234277796,14146.634146341463,9.142345524327935,9425569.326470181,31855443.97554409,13658.853658536585,9425915.09401092,31856393.964054644,13658.853658536585,9426160.913681662,31856304.4930115,14634.414634146342,9425815.146140926,31855354.50450094,14634.414634146342
9426210.88761666,31856824.222788353,14146.634146341463,10.541512937281448,9425915.09401092,31856393.964054644,13658.853658536585,9426260.86155166,31857343.952565204,13658.853658536585,9426506.6812224,31857254.481522057,14634.414634146342,9426160.913681662,31856304.4930115,14634.414634146342
9426556.655157397,31857774.211298905,14146.634146341463,10.42634215071851,9426260.86155166,31857343.952565204,13658.853658536585,9426606.629092395,31858293.941075757,13658.853658536585,9426852.448763136,31858204.47003261,14634.414634146342,9426506.6812224,31857254.481522057,14634.414634146342
9426902.422698135,31858724.19980946,14146.634146341463,10.26759662349242,9426606.629092395,31858293.941075757,13658.853658536585,9426952.396633133,31859243.929586314,13658.853658536585,9427198.216303874,31859154.458543167,14634.414634146342,9426852.448763136,31858204.47003261,14634.414634146342
9427248.190238873,31859674.188320022,14146.634146341463,9.139536558193479,9426952.396633133,31859243.929586314,13658.853658536585,9427298.16417387,31860193.918096874,13658.853658536585,9427543.983844612,31860104.447053723,14634.414634146342,9427198.216303874,31859154.458543167,14634.414634146342
9427593.957779609,31860624.176830575,14146.634146341463,9.386788439860345,9427298.16417387,31860193.918096874,13658.853658536585,9427643.931714607,31861143.906607427,13658.853658536585,9427889.751385348,31861054.435564283,14634.414634146342,9427543.983844612,31860104.447053723,14634.414634146342
9427939.725320347,31861574.16534113,14146.634146341463,7.411022584471715,9427643.931714607,31861143.906607427,13658.853658536585,9427989.699255344,31862093.895117983,13658.853658536585,9428235.518926088,31862004.42407484,14634.414634146342,9427889.751385348,31861054.435564283,14634.414634146342
9428285.492861083,31862524.153851684,14146.634146341463,6.636881235938129,9427989.699255344,31862093.895117983,13658.853658536585,9428335.466796082,31863043.88362854,13658.853658536585,9428581.286466824,31862954.412585393,14634.414634146342,9428235.518926088,31862004.42407484,14634.414634146342
9428631.260401823,31863474.142362244,14146.634146341463,8.939862018528363,9428335.466796082,31863043.88362854,13658.853658536585,9428681.23433682,31863993.872139096,13658.853658536585,9428927.054007562,31863904.401095953,14634.414634146342,9428581.286466824,31862954.412585393,14634.414634146342
9428977.027942559,31864424.1308728,14146.634146341463,9.402102630793454,9428681.23433682,31863993.872139096,13658.853658536585,9429027.001877557,31864943.860649657,13658.853658536585,9429272.821548298,31864854.389606506,14634.414634146342,9428927.054007562,31863904.401095953,14634.414634146342
9429322.795483297,31865374.11938336,14146.634146341463,10.433691979660226,9429027.001877557,31864943.860649657,13658.853658536585,9429372.769418294,31865893.849160213,13658.853658536585,9429618.589089038,31865804.378117062,14634.414634146342,9429272.821548298,31864854.389606506,14634.414634146342
9429668.563024035,31866324.107893914,14146.634146341463,12.071689058832282,9429372.769418294,31865893.849160213,13658.853658536585,9429718.536959032,31866843.837670766,13658.853658536585,9429964.356629774,31866754.366627622,14634.414634146342,9429618.589089038,31865804.378117062,14634.414634146342
9430014.330564773,31867274.09640447,14146.634146341463,12.965575850092982,9429718.536959032,31866843.837670766,13658.853658536585,9430064.30449977,31867793.826181326,13658.853658536585,9430310.124170512,31867704.355138175,14634.414634146342,9429964.356629774,31866754.366627622,14634.414634146342
9430360.098105509,31868224.084915027,14146.634146341463,10.384801988564572,9430064.30449977,31867793.826181326,13658.853658536585,9430410.072040506,31868743.81469188,13658.853658536585,9430655.891711248,31868654.343648735,14634.414634146342,9430310.124170512,31867704.355138175,14634.414634146342
9430705.865646247,31869174.073425584,14146.634146341463,9.278768290894458,9430410.072040506,31868743.81469188,13658.853658536585,9430755.839581246,31869693.80320244,13658.853658536585,9431001.659251986,31869604.332159292,14634.414634146342,9430655.891711248,31868654.343648735,14634.414634146342
9431051.633186985,31870124.06193614,14146.634146341463,6.352134720023186,9430755.839581246,31869693.80320244,13658.853658536585,9431101.607121982,31870643.791712992,13658.853658536585,9431347.426792722,31870554.320669845,14634.414634146342,9431001.659251986,31869604.332159292,14634.414634146342
9431397.40072772,31871074.050446697,14146.634146341463,5.567958642851489,9431101.607121982,31870643.791712992,13658.853658536585,9431447.37466272,31871593.78022355,13658.853658536585,9431693.194333462,31871504.309180405,14634.414634146342,9431347.426792722,31870554.320669845,14634.414634146342
9431743.16826846,31872024.038957253,14146.634146341463,5.302441594958918,9431447.37466272,31871593.78022355,13658.853658536585,9431793.142203456,31872543.76873411,13658.853658536585,9432038.9618742,31872454.297690958,14634.414634146342,9431693.194333462,31871504.309180405,14634.414634146342
9432088.935809197,31872974.027467813,14146.634146341463,4.483657117659912,9431793.142203456,31872543.76873411,13658.853658536585,9432138.909744196,31873493.757244665,13658.853658536585,9432384.729414936,31873404.286201514,14634.414634146342,9432038.9618742,31872454.297690958,14634.414634146342
9432434.703349935,31873924.015978366,14146.634146341463,3.8361447285679673,9432138.909744196,31873493.757244665,13658.853658536585,9432484.677284932,31874443.745755218,13658.853658536585,9432730.496955674,31874354.274712075,14634.414634146342,9432384.729414936,31873404.286201514,14634.414634146342
9432780.470890671,31874874.004488923,14146.634146341463,4.328959476025624,9432484.677284932,31874443.745755218,13658.853658536585,9432830.44482567,31875393.73426578,13658.853658536585,9433076.26449641,31875304.263222627,14634.414634146342,9432730.496955674,31874354.274712075,14634.414634146342
9433126.238431409,31875823.992999483,14146.634146341463,4.635585956142965,9432830.44482567,31875393.73426578,13658.853658536585,9433176.212366406,31876343.72277633,13658.853658536585,9433422.032037148,31876254.251733188,14634.414634146342,9433076.26449641,31875304.263222627,14634.414634146342
9433472.005972145,31876773.981510036,14146.634146341463,5.619912160957449,9433176.212366406,31876343.72277633,13658.853658536585,9433521.979907144,31877293.71128689,13658.853658536585,9433767.799577886,31877204.240243744,14634.414634146342,9433422.032037148,31876254.251733188,14634.414634146342
9433817.773512885,31877723.970020592,14146.634146341463,5.454928583564066,9433521.979907144,31877293.71128689,13658.853658536585,9433867.74744788,31878243.699797448,13658.853658536585,9434113.567118624,31878154.228754297,14634.414634146342,9433767.799577886,31877204.240243744,14634.414634146342
9434163.541053621,31878673.958531152,14146.634146341463,6.343731763863605,9433867.74744788,31878243.699797448,13658.853658536585,9434213.514988618,31879193.688308,13658.853658536585,9434459.33465936,31879104.217264857,14634.414634146342,9434113.567118624,31878154.228754297,14634.414634146342
9434509.30859436,31879623.947041705,14146.634146341463,8.372499817749642,9434213.514988618,31879193.688308,13658.853658536585,9434559.282529358,31880143.67681856,13658.853658536585,9434805.102200098,31880054.20577541,14634.414634146342,9434459.33465936,31879104.217264857,14634.414634146342
9434855.076135097,31880573.935552265,14146.634146341463,9.247860869997682,9434559.282529358,31880143.67681856,13658.853658536585,9434905.050070094,31881093.665329114,13658.853658536585,9435150.869740834,31881004.194285966,14634.414634146342,9434805.102200098,31880054.20577541,14634.414634146342
9435200.843675833,31881523.924062822,14146.634146341463,8.766091711826617,9434905.050070094,31881093.665329114,13658.853658536585,9435250.817610832,31882043.65383967,13658.853658536585,9435496.637281572,31881954.182796527,14634.414634146342,9435150.869740834,31881004.194285966,14634.414634146342
9435546.611216571,31882473.912573375,14146.634146341463,9.447363608042583,9435250.817610832,31882043.65383967,13658.853658536585,9435596.585151568,31882993.642350227,13658.853658536585,9435842.40482231,31882904.17130708,14634.414634146342,9435496.637281572,31881954.182796527,14634.414634146342
9435892.378757307,31883423.901083935,14146.634146341463,8.642754056480099,9435596.585151568,31882993.642350227,13658.853658536585,9435942.352692306,31883943.630860783,13658.853658536585,9436188.172363048,31883854.15981764,14634.414634146342,9435842.40482231,31882904.17130708,14634.414634146342
9436238.146298047,31884373.88959449,14146.634146341463,8.0805887980995,9435942.352692306,31883943.630860783,13658.853658536585,9436288.120233042,31884893.619371343,13658.853658536585,9436533.939903786,31884804.148328193,14634.414634146342,9436188.172363048,31883854.15981764,14634.414634146342
9436583.913838783,31885323.878105044,14146.634146341463,7.732225777404492,9436288.120233042,31884893.619371343,13658.853658536585,9436633.887773782,31885843.6078819,13658.853658536585,9436879.707444523,31885754.13683875,14634.414634146342,9436533.939903786,31884804.148328193,14634.414634146342
9436929.681379521,31886273.866615605,14146.634146341463,9.083899639753175,9436633.887773782,31885843.6078819,13658.853658536585,9436979.655314518,31886793.596392453,13658.853658536585,9437225.47498526,31886704.12534931,14634.414634146342,9436879.707444523,31885754.13683875,14634.414634146342
9437275.448920257,31887223.85512616,14146.634146341463,8.803645071402416,9436979.655314518,31886793.596392453,13658.853658536585,9437325.422855256,31887743.584903013,13658.853658536585,9437571.242525999,31887654.113859862,14634.414634146342,9437225.47498526,31886704.12534931,14634.414634146342
9437621.216460997,31888173.843636714,14146.634146341463,7.649968929025986,9437325.422855256,31887743.584903013,13658.853658536585,9437671.190395992,31888693.573413566,13658.853658536585,9437917.010066736,31888604.10237042,14634.414634146342,9437571.242525999,31887654.113859862,14634.414634146342
9437966.984001733,31889123.832147274,14146.634146341463,6.901139516517273,9437671.190395992,31888693.573413566,13658.853658536585,9438016.95793673,31889643.561924122,13658.853658536585,9438262.777607473,31889554.09088098,14634.414634146342,9437917.010066736,31888604.10237042,14634.414634146342
9438312.751542471,31890073.82065783,14146.634146341463,5.9117341965524925,9438016.95793673,31889643.561924122,13658.853658536585,9438362.72547747,31890593.550434683,13658.853658536585,9438608.54514821,31890504.07939153,14634.414634146342,9438262.777607473,31889554.09088098,14634.414634146342
9438658.519083207,31891023.809168383,14146.634146341463,5.005474676058483,9438362.72547747,31890593.550434683,13658.853658536585,9438708.493018206,31891543.538945235,13658.853658536585,9438954.312688947,31891454.067902092,14634.414634146342,9438608.54514821,31890504.07939153,14634.414634146342
9439004.286623945,31891973.797678944,14146.634146341463,6.7225291589780936,9438708.493018206,31891543.538945235,13658.853658536585,9439054.260558944,31892493.527455796,13658.853658536585,9439300.080229685,31892404.056412645,14634.414634146342,9438954.312688947,31891454.067902092,14634.414634146342
9439350.054164683,31892923.7861895,14146.634146341463,6.3670561801460925,9439054.260558944,31892493.527455796,13658.853658536585,9439400.02809968,31893443.515966352,13658.853658536585,9439645.847770425,31893354.0449232,14634.414634146342,9439300.080229685,31892404.056412645,14634.414634146342
9439695.82170542,31893873.774700053,14146.634146341463,4.866204973505503,9439400.02809968,31893443.515966352,13658.853658536585,9439745.795640418,31894393.504476905,13658.853658536585,9439991.61531116,31894304.03343376,14634.414634146342,9439645.847770425,31893354.0449232,14634.414634146342
9440041.58924616,31894823.763210613,14146.634146341463,3.726420842758445,9439745.795640418,31894393.504476905,13658.853658536585,9440091.563181156,31895343.492987465,13658.853658536585,9440337.382851899,31895254.021944318,14634.414634146342,9439991.61531116,31894304.03343376,14634.414634146342
9419887.124013389,31838684.970044628,15122.195121951221,1.3211271384989738,9419591.33040765,31838254.711310923,14634.414634146342,9419937.097948387,31839204.69982148,14634.414634146342,9420182.917619126,31839115.228778332,15609.975609756098,9419837.150078388,31838165.24026778,15609.975609756098
9420232.891554127,31839634.958555188,15122.195121951221,1.9645554306052504,9419937.097948387,31839204.69982148,14634.414634146342,9420282.865489125,31840154.688332036,14634.414634146342,9420528.685159864,31840065.217288893,15609.975609756098,9420182.917619126,31839115.228778332,15609.975609756098
9420578.659094863,31840584.94706574,15122.195121951221,1.9984124635913105,9420282.865489125,31840154.688332036,14634.414634146342,9420628.633029863,31841104.676842596,14634.414634146342,9420874.4527006,31841015.20579945,15609.975609756098,9420528.685159864,31840065.217288893,15609.975609756098
9420924.4266356,31841534.935576297,15122.195121951221,2.830795875124082,9420628.633029863,31841104.676842596,14634.414634146342,9420974.4005706,31842054.66535315,14634.414634146342,9421220.22024134,31841965.194310002,15609.975609756098,9420874.4527006,31841015.20579945,15609.975609756098
9421270.194176337,31842484.924086858,15122.195121951221,2.8614058102223736,9420974.4005706,31842054.66535315,14634.414634146342,9421320.168111337,31843004.653863706,14634.414634146342,9421565.987782076,31842915.182820562,15609.975609756098,9421220.22024134,31841965.194310002,15609.975609756098
9421615.961717075,31843434.91259741,15122.195121951221,3.2767376633153518,9421320.168111337,31843004.653863706,14634.414634146342,9421665.935652073,31843954.642374266,14634.414634146342,9421911.755322814,31843865.17133112,15609.975609756098,9421565.987782076,31842915.182820562,15609.975609756098
9421961.72925781,31844384.90110797,15122.195121951221,2.8224249680024394,9421665.935652073,31843954.642374266,14634.414634146342,9422011.703192811,31844904.63088482,14634.414634146342,9422257.52286355,31844815.15984167,15609.975609756098,9421911.755322814,31843865.17133112,15609.975609756098
9422307.496798549,31845334.889618527,15122.195121951221,2.2489016077201134,9422011.703192811,31844904.63088482,14634.414634146342,9422357.47073355,31845854.619395375,14634.414634146342,9422603.290404288,31845765.14835223,15609.975609756098,9422257.52286355,31844815.15984167,15609.975609756098
9422653.264339287,31846284.87812908,15122.195121951221,2.922991635261275,9422357.47073355,31845854.619395375,14634.414634146342,9422703.238274287,31846804.60790593,14634.414634146342,9422949.057945024,31846715.136862785,15609.975609756098,9422603.290404288,31845765.14835223,15609.975609756098
9422999.031880027,31847234.866639636,15122.195121951221,4.028663383334452,9422703.238274287,31846804.60790593,14634.414634146342,9423049.005815024,31847754.59641649,14634.414634146342,9423294.825485764,31847665.125373345,15609.975609756098,9422949.057945024,31846715.136862785,15609.975609756098
9423344.799420761,31848184.855150197,15122.195121951221,4.936639124183876,9423049.005815024,31847754.59641649,14634.414634146342,9423394.773355762,31848704.58492705,14634.414634146342,9423640.5930265,31848615.1138839,15609.975609756098,9423294.825485764,31847665.125373345,15609.975609756098
9423690.5669615,31849134.84366075,15122.195121951221,5.0647961571180895,9423394.773355762,31848704.58492705,14634.414634146342,9423740.540896501,31849654.573437605,14634.414634146342,9423986.360567238,31849565.102394458,15609.975609756098,9423640.5930265,31848615.1138839,15609.975609756098
9424036.334502239,31850084.83217131,15122.195121951221,5.496899651446766,9423740.540896501,31849654.573437605,14634.414634146342,9424086.308437238,31850604.561948158,14634.414634146342,9424332.128107974,31850515.090905014,15609.975609756098,9423986.360567238,31849565.102394458,15609.975609756098
9424382.102042975,31851034.820681866,15122.195121951221,4.816373735103276,9424086.308437238,31850604.561948158,14634.414634146342,9424432.075977976,31851554.550458718,14634.414634146342,9424677.895648714,31851465.07941557,15609.975609756098,9424332.128107974,31850515.090905014,15609.975609756098
9424727.869583713,31851984.809192423,15122.195121951221,5.309746817895077,9424432.075977976,31851554.550458718,14634.414634146342,9424777.843518712,31852504.53896927,14634.414634146342,9425023.663189452,31852415.067926127,15609.975609756098,9424677.895648714,31851465.07941557,15609.975609756098
9425073.637124449,31852934.797702976,15122.195121951221,5.875371155979709,9424777.843518712,31852504.53896927,14634.414634146342,9425123.61105945,31853454.527479827,14634.414634146342,9425369.430730188,31853365.056436684,15609.975609756098,9425023.663189452,31852415.067926127,15609.975609756098
9425419.404665187,31853884.786213536,15122.195121951221,5.439235894973709,9425123.61105945,31853454.527479827,14634.414634146342,9425469.378600186,31854404.515990388,14634.414634146342,9425715.198270926,31854315.044947237,15609.975609756098,9425369.430730188,31853365.056436684,15609.975609756098
9425765.172205923,31854834.77472409,15122.195121951221,4.992147452640475,9425469.378600186,31854404.515990388,14634.414634146342,9425815.146140926,31855354.50450094,14634.414634146342,9426060.965811662,31855265.033457797,15609.975609756098,9425715.198270926,31854315.044947237,15609.975609756098
9426110.939746663,31855784.763234645,15122.195121951221,7.168389725625248,9425815.146140926,31855354.50450094,14634.414634146342,9426160.913681662,31856304.4930115,14634.414634146342,9426406.7333524,31856215.021968354,15609.975609756098,9426060.965811662,31855265.033457797,15609.975609756098
9426456.7072874,31856734.751745205,15122.195121951221,10.124917971605358,9426160.913681662,31856304.4930115,14634.414634146342,9426506.6812224,31857254.481522057,14634.414634146342,9426752.500893138,31857165.01047891,15609.975609756098,9426406.7333524,31856215.021968354,15609.975609756098
9426802.474828139,31857684.740255762,15122.195121951221,11.207969517899564,9426506.6812224,31857254.481522057,14634.414634146342,9426852.448763136,31858204.47003261,14634.414634146342,9427098.268433876,31858114.998989467,15609.975609756098,9426752.500893138,31857165.01047891,15609.975609756098
9427148.242368873,31858634.728766315,15122.195121951221,10.161550751465013,9426852.448763136,31858204.47003261,14634.414634146342,9427198.216303874,31859154.458543167,14634.414634146342,9427444.035974612,31859064.98750002,15609.975609756098,9427098.268433876,31858114.998989467,15609.975609756098
9427494.009909613,31859584.71727687,15122.195121951221,10.103313844439642,9427198.216303874,31859154.458543167,14634.414634146342,9427543.983844612,31860104.447053723,14634.414634146342,9427789.80351535,31860014.97601058,15609.975609756098,9427444.035974612,31859064.98750002,15609.975609756098
9427839.77745035,31860534.705787428,15122.195121951221,9.73032142864892,9427543.983844612,31860104.447053723,14634.414634146342,9427889.751385348,31861054.435564283,14634.414634146342,9428135.571056087,31860964.964521136,15609.975609756098,9427789.80351535,31860014.97601058,15609.975609756098
9428185.544991087,31861484.694297984,15122.195121951221,9.651476451523964,9427889.751385348,31861054.435564283,14634.414634146342,9428235.518926088,31862004.42407484,14634.414634146342,9428481.338596825,31861914.953031693,15609.975609756098,9428135.571056087,31860964.964521136,15609.975609756098
9428531.312531825,31862434.68280854,15122.195121951221,7.625144478714265,9428235.518926088,31862004.42407484,14634.414634146342,9428581.286466824,31862954.412585393,14634.414634146342,9428827.106137563,31862864.94154225,15609.975609756098,9428481.338596825,31861914.953031693,15609.975609756098
9428877.080072561,31863384.671319097,15122.195121951221,7.177515662425863,9428581.286466824,31862954.412585393,14634.414634146342,9428927.054007562,31863904.401095953,14634.414634146342,9429172.8736783,31863814.930052806,15609.975609756098,9428827.106137563,31862864.94154225,15609.975609756098
9429222.8476133,31864334.659829658,15122.195121951221,8.849267281219197,9428927.054007562,31863904.401095953,14634.414634146342,9429272.821548298,31864854.389606506,14634.414634146342,9429518.641219039,31864764.91856336,15609.975609756098,9429172.8736783,31863814.930052806,15609.975609756098
9429568.615154035,31865284.64834021,15122.195121951221,9.93093653309914,9429272.821548298,31864854.389606506,14634.414634146342,9429618.589089038,31865804.378117062,14634.414634146342,9429864.408759775,31865714.90707392,15609.975609756098,9429518.641219039,31864764.91856336,15609.975609756098
9429914.382694775,31866234.636850767,15122.195121951221,9.710418527986533,9429618.589089038,31865804.378117062,14634.414634146342,9429964.356629774,31866754.366627622,14634.414634146342,9430210.176300513,31866664.89558447,15609.975609756098,9429864.408759775,31865714.90707392,15609.975609756098
9430260.150235511,31867184.625361327,15122.195121951221,7.726822816375993,9429964.356629774,31866754.366627622,14634.414634146342,9430310.124170512,31867704.355138175,14634.414634146342,9430555.943841249,31867614.88409503,15609.975609756098,9430210.176300513,31866664.89558447,15609.975609756098
9430605.91777625,31868134.61387188,15122.195121951221,6.759881284861699,9430310.124170512,31867704.355138175,14634.414634146342,9430655.891711248,31868654.343648735,14634.414634146342,9430901.711381987,31868564.87260559,15609.975609756098,9430555.943841249,31867614.88409503,15609.975609756098
9430951.685316985,31869084.602382436,15122.195121951221,7.113812280700748,9430655.891711248,31868654.343648735,14634.414634146342,9431001.659251986,31869604.332159292,14634.414634146342,9431247.478922725,31869514.861116145,15609.975609756098,9430901.711381987,31868564.87260559,15609.975609756098
9431297.452857725,31870034.590892997,15122.195121951221,9.701281244042715,9431001.659251986,31869604.332159292,14634.414634146342,9431347.426792722,31870554.320669845,14634.414634146342,9431593.246463463,31870464.8496267,15609.975609756098,9431247.478922725,31869514.861116145,15609.975609756098
9431643.220398461,31870984.57940355,15122.195121951221,8.502166848886679,9431347.426792722,31870554.320669845,14634.414634146342,9431693.194333462,31871504.309180405,14634.414634146342,9431939.014004199,31871414.838137258,15609.975609756098,9431593.246463463,31870464.8496267,15609.975609756098
9431988.9879392,31871934.56791411,15122.195121951221,8.22487532348297,9431693.194333462,31871504.309180405,14634.414634146342,9432038.9618742,31872454.297690958,14634.414634146342,9432284.781544937,31872364.82664781,15609.975609756098,9431939.014004199,31871414.838137258,15609.975609756098
9432334.755479937,31872884.556424666,15122.195121951221,8.217001760603374,9432038.9618742,31872454.297690958,14634.414634146342,9432384.729414936,31873404.286201514,14634.414634146342,9432630.549085677,31873314.81515837,15609.975609756098,9432284.781544937,31872364.82664781,15609.975609756098
9432680.523020674,31873834.54493522,15122.195121951221,8.405668739274477,9432384.729414936,31873404.286201514,14634.414634146342,9432730.496955674,31874354.274712075,14634.414634146342,9432976.316626413,31874264.803668927,15609.975609756098,9432630.549085677,31873314.81515837,15609.975609756098
9433026.290561412,31874784.53344578,15122.195121951221,6.979919574121844,9432730.496955674,31874354.274712075,14634.414634146342,9433076.26449641,31875304.263222627,14634.414634146342,9433322.08416715,31875214.792179484,15609.975609756098,9432976.316626413,31874264.803668927,15609.975609756098
9433372.058102148,31875734.521956336,15122.195121951221,6.276341878196634,9433076.26449641,31875304.263222627,14634.414634146342,9433422.032037148,31876254.251733188,14634.414634146342,9433667.851707887,31876164.78069004,15609.975609756098,9433322.08416715,31875214.792179484,15609.975609756098
9433717.825642886,31876684.51046689,15122.195121951221,7.03955189423442,9433422.032037148,31876254.251733188,14634.414634146342,9433767.799577886,31877204.240243744,14634.414634146342,9434013.619248625,31877114.769200597,15609.975609756098,9433667.851707887,31876164.78069004,15609.975609756098
9434063.593183624,31877634.49897745,15122.195121951221,5.441811422542242,9433767.799577886,31877204.240243744,14634.414634146342,9434113.567118624,31878154.228754297,14634.414634146342,9434359.386789361,31878064.757711153,15609.975609756098,9434013.619248625,31877114.769200597,15609.975609756098
9434409.360724362,31878584.487488005,15122.195121951221,6.233455338075884,9434113.567118624,31878154.228754297,14634.414634146342,9434459.33465936,31879104.217264857,14634.414634146342,9434705.154330099,31879014.746221706,15609.975609756098,9434359.386789361,31878064.757711153,15609.975609756098
9434755.128265098,31879534.475998558,15122.195121951221,8.071288272982589,9434459.33465936,31879104.217264857,14634.414634146342,9434805.102200098,31880054.20577541,14634.414634146342,9435050.921870837,31879964.734732263,15609.975609756098,9434705.154330099,31879014.746221706,15609.975609756098
9435100.895805838,31880484.46450912,15122.195121951221,10.094373755511837,9434805.102200098,31880054.20577541,14634.414634146342,9435150.869740834,31881004.194285966,14634.414634146342,9435396.689411575,31880914.723242823,15609.975609756098,9435050.921870837,31879964.734732263,15609.975609756098
9435446.663346572,31881434.453019675,15122.195121951221,9.494763006016925,9435150.869740834,31881004.194285966,14634.414634146342,9435496.637281572,31881954.182796527,14634.414634146342,9435742.456952311,31881864.71175338,15609.975609756098,9435396.689411575,31880914.723242823,15609.975609756098
9435792.430887312,31882384.44153023,15122.195121951221,8.249830699199391,9435496.637281572,31881954.182796527,14634.414634146342,9435842.40482231,31882904.17130708,14634.414634146342,9436088.22449305,31882814.700263936,15609.975609756098,9435742.456952311,31881864.71175338,15609.975609756098
9436138.19842805,31883334.430040788,15122.195121951221,8.62777414768709,9435842.40482231,31882904.17130708,14634.414634146342,9436188.172363048,31883854.15981764,14634.414634146342,9436433.992033785,31883764.688774493,15609.975609756098,9436088.22449305,31882814.700263936,15609.975609756098
9436483.965968786,31884284.418551344,15122.195121951221,8.48222755942742,9436188.172363048,31883854.15981764,14634.414634146342,9436533.939903786,31884804.148328193,14634.414634146342,9436779.759574523,31884714.677285045,15609.975609756098,9436433.992033785,31883764.688774493,15609.975609756098
9436829.733509524,31885234.407061897,15122.195121951221,8.467070609524232,9436533.939903786,31884804.148328193,14634.414634146342,9436879.707444523,31885754.13683875,14634.414634146342,9437125.527115263,31885664.665795606,15609.975609756098,9436779.759574523,31884714.677285045,15609.975609756098
9437175.50105026,31886184.395572457,15122.195121951221,9.49953675972747,9436879.707444523,31885754.13683875,14634.414634146342,9437225.47498526,31886704.12534931,14634.414634146342,9437471.294656,31886614.654306162,15609.975609756098,9437125.527115263,31885664.665795606,15609.975609756098
9437521.268590998,31887134.384083018,15122.195121951221,10.818925810097918,9437225.47498526,31886704.12534931,14634.414634146342,9437571.242525999,31887654.113859862,14634.414634146342,9437817.062196737,31887564.642816715,15609.975609756098,9437471.294656,31886614.654306162,15609.975609756098
9437867.036131736,31888084.372593567,15122.195121951221,9.639134459543882,9437571.242525999,31887654.113859862,14634.414634146342,9437917.010066736,31888604.10237042,14634.414634146342,9438162.829737473,31888514.631327275,15609.975609756098,9437817.062196737,31887564.642816715,15609.975609756098
9438212.803672476,31889034.361104127,15122.195121951221,8.435502604505796,9437917.010066736,31888604.10237042,14634.414634146342,9438262.777607473,31889554.09088098,14634.414634146342,9438508.597278213,31889464.61983783,15609.975609756098,9438162.829737473,31888514.631327275,15609.975609756098
9438558.57121321,31889984.349614687,15122.195121951221,5.224772559207411,9438262.777607473,31889554.09088098,14634.414634146342,9438608.54514821,31890504.07939153,14634.414634146342,9438854.36481895,31890414.60834839,15609.975609756098,9438508.597278213,31889464.61983783,15609.975609756098
9438904.33875395,31890934.338125236,15122.195121951221,5.177456860195719,9438608.54514821,31890504.07939153,14634.414634146342,9438954.312688947,31891454.067902092,14634.414634146342,9439200.132359687,31891364.596858945,15609.975609756098,9438854.36481895,31890414.60834839,15609.975609756098
9439250.106294684,31891884.326635793,15122.195121951221,6.39887494856237,9438954.312688947,31891454.067902092,14634.414634146342,9439300.080229685,31892404.056412645,14634.414634146342,9439545.899900423,31892314.585369498,15609.975609756098,9439200.132359687,31891364.596858945,15609.975609756098
9439595.873835424,31892834.31514635,15122.195121951221,5.753567141415185,9439300.080229685,31892404.056412645,14634.414634146342,9439645.847770425,31893354.0449232,14634.414634146342,9439891.667441161,31893264.573880058,15609.975609756098,9439545.899900423,31892314.585369498,15609.975609756098
9439941.64137616,31893784.303656906,15122.195121951221,4.717118018741252,9439645.847770425,31893354.0449232,14634.414634146342,9439991.61531116,31894304.03343376,14634.414634146342,9440237.434981897,31894214.562390614,15609.975609756098,9439891.667441161,31893264.573880058,15609.975609756098
9440287.408916898,31894734.29216747,15122.195121951221,3.850773661174961,9439991.61531116,31894304.03343376,14634.414634146342,9440337.382851899,31895254.021944318,14634.414634146342,9440583.202522637,31895164.550901167,15609.975609756098,9440237.434981897,31894214.562390614,15609.975609756098
9420132.943684125,31838595.499001484,16097.756097560974,1.6101479875730789,9419837.150078388,31838165.24026778,15609.975609756098,9420182.917619126,31839115.228778332,15609.975609756098,9420428.737289865,31839025.75773519,16585.536585365855,9420082.969749128,31838075.769224633,16585.536585365855
9420478.711224863,31839545.48751204,16097.756097560974,2.2146213122810794,9420182.917619126,31839115.228778332,15609.975609756098,9420528.685159864,31840065.217288893,15609.975609756098,9420774.504830603,31839975.746245746,16585.536585365855,9420428.737289865,31839025.75773519,16585.536585365855
9420824.4787656,31840495.476022594,16097.756097560974,2.78279781154982,9420528.685159864,31840065.217288893,15609.975609756098,9420874.4527006,31841015.20579945,15609.975609756098,9421120.272371339,31840925.734756302,16585.536585365855,9420774.504830603,31839975.746245746,16585.536585365855
9421170.246306337,31841445.464533154,16097.756097560974,3.1139166527729385,9420874.4527006,31841015.20579945,15609.975609756098,9421220.22024134,31841965.194310002,15609.975609756098,9421466.039912077,31841875.72326686,16585.536585365855,9421120.272371339,31840925.734756302,16585.536585365855
9421516.013847077,31842395.45304371,16097.756097560974,3.7466597660453314,9421220.22024134,31841965.194310002,15609.975609756098,9421565.987782076,31842915.182820562,15609.975609756098,9421811.807452815,31842825.711777415,16585.536585365855,9421466.039912077,31841875.72326686,16585.536585365855
9421861.781387815,31843345.441554267,16097.756097560974,4.293865556736309,9421565.987782076,31842915.182820562,15609.975609756098,9421911.755322814,31843865.17133112,15609.975609756098,9422157.574993553,31843775.70028797,16585.536585365855,9421811.807452815,31842825.711777415,16585.536585365855
9422207.548928551,31844295.430064823,16097.756097560974,4.78452771777594,9421911.755322814,31843865.17133112,15609.975609756098,9422257.52286355,31844815.15984167,15609.975609756098,9422503.34253429,31844725.68879853,16585.536585365855,9422157.574993553,31843775.70028797,16585.536585365855
9422553.31646929,31845245.41857538,16097.756097560974,4.3988237798884455,9422257.52286355,31844815.15984167,15609.975609756098,9422603.290404288,31845765.14835223,15609.975609756098,9422849.110075027,31845675.677309085,16585.536585365855,9422503.34253429,31844725.68879853,16585.536585365855
9422899.084010025,31846195.407085937,16097.756097560974,5.130138028475496,9422603.290404288,31845765.14835223,15609.975609756098,9422949.057945024,31846715.136862785,15609.975609756098,9423194.877615765,31846625.66581964,16585.536585365855,9422849.110075027,31845675.677309085,16585.536585365855
9423244.851550763,31847145.39559649,16097.756097560974,7.078107839367935,9422949.057945024,31846715.136862785,15609.975609756098,9423294.825485764,31847665.125373345,15609.975609756098,9423540.6451565,31847575.654330198,16585.536585365855,9423194.877615765,31846625.66581964,16585.536585365855
9423590.619091501,31848095.38410705,16097.756097560974,8.911345307459051,9423294.825485764,31847665.125373345,15609.975609756098,9423640.5930265,31848615.1138839,15609.975609756098,9423886.412697239,31848525.642840754,16585.536585365855,9423540.6451565,31847575.654330198,16585.536585365855
9423936.386632238,31849045.372617606,16097.756097560974,10.352095353595258,9423640.5930265,31848615.1138839,15609.975609756098,9423986.360567238,31849565.102394458,15609.975609756098,9424232.180237977,31849475.63135131,16585.536585365855,9423886.412697239,31848525.642840754,16585.536585365855
9424282.154172976,31849995.361128163,16097.756097560974,8.763807323459803,9423986.360567238,31849565.102394458,15609.975609756098,9424332.128107974,31850515.090905014,15609.975609756098,9424577.947778715,31850425.619861867,16585.536585365855,9424232.180237977,31849475.63135131,16585.536585365855
9424627.921713712,31850945.349638723,16097.756097560974,8.481471824104316,9424332.128107974,31850515.090905014,15609.975609756098,9424677.895648714,31851465.07941557,15609.975609756098,9424923.715319451,31851375.608372424,16585.536585365855,9424577.947778715,31850425.619861867,16585.536585365855
9424973.689254452,31851895.338149276,16097.756097560974,8.007638022051582,9424677.895648714,31851465.07941557,15609.975609756098,9425023.663189452,31852415.067926127,15609.975609756098,9425269.482860189,31852325.59688298,16585.536585365855,9424923.715319451,31851375.608372424,16585.536585365855
9425319.45679519,31852845.32665983,16097.756097560974,8.174695524280207,9425023.663189452,31852415.067926127,15609.975609756098,9425369.430730188,31853365.056436684,15609.975609756098,9425615.250400927,31853275.585393537,16585.536585365855,9425269.482860189,31852325.59688298,16585.536585365855
9425665.224335926,31853795.315170385,16097.756097560974,6.825143823545087,9425369.430730188,31853365.056436684,15609.975609756098,9425715.198270926,31854315.044947237,15609.975609756098,9425961.017941663,31854225.573904093,16585.536585365855,9425615.250400927,31853275.585393537,16585.536585365855
9426010.991876664,31854745.30368094,16097.756097560974,6.652371595261243,9425715.198270926,31854315.044947237,15609.975609756098,9426060.965811662,31855265.033457797,15609.975609756098,9426306.785482403,31855175.56241465,16585.536585365855,9425961.017941663,31854225.573904093,16585.536585365855
9426356.759417402,31855695.2921915,16097.756097560974,9.300778925244485,9426060.965811662,31855265.033457797,15609.975609756098,9426406.7333524,31856215.021968354,15609.975609756098,9426652.553023139,31856125.550925206,16585.536585365855,9426306.785482403,31855175.56241465,16585.536585365855
9426702.52695814,31856645.280702062,16097.756097560974,9.0675238707226,9426406.7333524,31856215.021968354,15609.975609756098,9426752.500893138,31857165.01047891,15609.975609756098,9426998.320563877,31857075.539435767,16585.536585365855,9426652.553023139,31856125.550925206,16585.536585365855
9427048.294498876,31857595.269212615,16097.756097560974,9.934484476412255,9426752.500893138,31857165.01047891,15609.975609756098,9427098.268433876,31858114.998989467,15609.975609756098,9427344.088104613,31858025.52794632,16585.536585365855,9426998.320563877,31857075.539435767,16585.536585365855
9427394.062039614,31858545.25772317,16097.756097560974,10.333346926565067,9427098.268433876,31858114.998989467,15609.975609756098,9427444.035974612,31859064.98750002,15609.975609756098,9427689.855645351,31858975.516456876,16585.536585365855,9427344.088104613,31858025.52794632,16585.536585365855
9427739.82958035,31859495.246233724,16097.756097560974,10.022497330538203,9427444.035974612,31859064.98750002,15609.975609756098,9427789.80351535,31860014.97601058,15609.975609756098,9428035.62318609,31859925.504967432,16585.536585365855,9427689.855645351,31858975.516456876,16585.536585365855
9428085.597121088,31860445.23474428,16097.756097560974,10.168889383158971,9427789.80351535,31860014.97601058,15609.975609756098,9428135.571056087,31860964.964521136,15609.975609756098,9428381.390726827,31860875.49347799,16585.536585365855,9428035.62318609,31859925.504967432,16585.536585365855
9428431.364661824,31861395.22325484,16097.756097560974,10.134018896237036,9428135.571056087,31860964.964521136,15609.975609756098,9428481.338596825,31861914.953031693,15609.975609756098,9428727.158267563,31861825.481988546,16585.536585365855,9428381.390726827,31860875.49347799,16585.536585365855
9428777.132202562,31862345.211765394,16097.756097560974,10.073668080164328,9428481.338596825,31861914.953031693,15609.975609756098,9428827.106137563,31862864.94154225,15609.975609756098,9429072.925808301,31862775.470499102,16585.536585365855,9428727.158267563,31861825.481988546,16585.536585365855
9429122.8997433,31863295.200275954,16097.756097560974,9.075144803260049,9428827.106137563,31862864.94154225,15609.975609756098,9429172.8736783,31863814.930052806,15609.975609756098,9429418.693349037,31863725.45900966,16585.536585365855,9429072.925808301,31862775.470499102,16585.536585365855
9429468.667284038,31864245.18878651,16097.756097560974,9.866151956967654,9429172.8736783,31863814.930052806,15609.975609756098,9429518.641219039,31864764.91856336,15609.975609756098,9429764.460889775,31864675.447520215,16585.536585365855,9429418.693349037,31863725.45900966,16585.536585365855
9429814.434824776,31865195.177297063,16097.756097560974,11.264659843017629,9429518.641219039,31864764.91856336,15609.975609756098,9429864.408759775,31865714.90707392,15609.975609756098,9430110.228430515,31865625.43603077,16585.536585365855,9429764.460889775,31864675.447520215,16585.536585365855
9430160.202365514,31866145.165807623,16097.756097560974,9.940879097222231,9429864.408759775,31865714.90707392,15609.975609756098,9430210.176300513,31866664.89558447,15609.975609756098,9430455.995971251,31866575.424541328,16585.536585365855,9430110.228430515,31865625.43603077,16585.536585365855
9430505.96990625,31867095.15431818,16097.756097560974,6.3828192739302505,9430210.176300513,31866664.89558447,15609.975609756098,9430555.943841249,31867614.88409503,15609.975609756098,9430801.76351199,31867525.413051885,16585.536585365855,9430455.995971251,31866575.424541328,16585.536585365855
9430851.737446988,31868045.142828733,16097.756097560974,5.963897348402381,9430555.943841249,31867614.88409503,15609.975609756098,9430901.711381987,31868564.87260559,15609.975609756098,9431147.531052725,31868475.40156244,16585.536585365855,9430801.76351199,31867525.413051885,16585.536585365855
9431197.504987726,31868995.131339293,16097.756097560974,7.275939537814888,9430901.711381987,31868564.87260559,15609.975609756098,9431247.478922725,31869514.861116145,15609.975609756098,9431493.298593463,31869425.390073,16585.536585365855,9431147.531052725,31868475.40156244,16585.536585365855
9431543.272528462,31869945.11984985,16097.756097560974,6.895244030554638,9431247.478922725,31869514.861116145,15609.975609756098,9431593.246463463,31870464.8496267,15609.975609756098,9431839.0661342,31870375.378583554,16585.536585365855,9431493.298593463,31869425.390073,16585.536585365855
9431889.0400692,31870895.108360406,16097.756097560974,6.575216182066158,9431593.246463463,31870464.8496267,15609.975609756098,9431939.014004199,31871414.838137258,15609.975609756098,9432184.83367494,31871325.36709411,16585.536585365855,9431839.0661342,31870375.378583554,16585.536585365855
9432234.807609936,31871845.096870963,16097.756097560974,7.019433462796831,9431939.014004199,31871414.838137258,15609.975609756098,9432284.781544937,31872364.82664781,15609.975609756098,9432530.601215675,31872275.355604667,16585.536585365855,9432184.83367494,31871325.36709411,16585.536585365855
9432580.575150674,31872795.08538152,16097.756097560974,7.944603448298418,9432284.781544937,31872364.82664781,15609.975609756098,9432630.549085677,31873314.81515837,15609.975609756098,9432876.368756413,31873225.344115224,16585.536585365855,9432530.601215675,31872275.355604667,16585.536585365855
9432926.342691412,31873745.073892076,16097.756097560974,7.781402165894434,9432630.549085677,31873314.81515837,15609.975609756098,9432976.316626413,31874264.803668927,15609.975609756098,9433222.13629715,31874175.33262578,16585.536585365855,9432876.368756413,31873225.344115224,16585.536585365855
9433272.110232152,31874695.062402632,16097.756097560974,7.069981363159249,9432976.316626413,31874264.803668927,15609.975609756098,9433322.08416715,31875214.792179484,15609.975609756098,9433567.90383789,31875125.321136337,16585.536585365855,9433222.13629715,31874175.33262578,16585.536585365855
9433617.877772888,31875645.05091319,16097.756097560974,7.2492104332355085,9433322.08416715,31875214.792179484,15609.975609756098,9433667.851707887,31876164.78069004,15609.975609756098,9433913.671378627,31876075.309646893,16585.536585365855,9433567.90383789,31875125.321136337,16585.536585365855
9433963.645313626,31876595.039423745,16097.756097560974,6.821509536664984,9433667.851707887,31876164.78069004,15609.975609756098,9434013.619248625,31877114.769200597,15609.975609756098,9434259.438919364,31877025.298157454,16585.536585365855,9433913.671378627,31876075.309646893,16585.536585365855
9434309.412854362,31877545.0279343,16097.756097560974,5.776430644011827,9434013.619248625,31877114.769200597,15609.975609756098,9434359.386789361,31878064.757711153,15609.975609756098,9434605.206460102,31877975.286668006,16585.536585365855,9434259.438919364,31877025.298157454,16585.536585365855
9434655.1803951,31878495.016444862,16097.756097560974,7.836190154550912,9434359.386789361,31878064.757711153,15609.975609756098,9434705.154330099,31879014.746221706,15609.975609756098,9434950.974000838,31878925.27517856,16585.536585365855,9434605.206460102,31877975.286668006,16585.536585365855
9435000.947935838,31879445.00495541,16097.756097560974,7.605316511796079,9434705.154330099,31879014.746221706,15609.975609756098,9435050.921870837,31879964.734732263,15609.975609756098,9435296.741541576,31879875.26368912,16585.536585365855,9434950.974000838,31878925.27517856,16585.536585365855
9435346.715476574,31880394.99346597,16097.756097560974,6.264601059329396,9435050.921870837,31879964.734732263,15609.975609756098,9435396.689411575,31880914.723242823,15609.975609756098,9435642.509082312,31880825.252199676,16585.536585365855,9435296.741541576,31879875.26368912,16585.536585365855
9435692.483017312,31881344.98197653,16097.756097560974,5.481172897904156,9435396.689411575,31880914.723242823,15609.975609756098,9435742.456952311,31881864.71175338,15609.975609756098,9435988.276623052,31881775.240710236,16585.536585365855,9435642.509082312,31880825.252199676,16585.536585365855
9436038.250558048,31882294.970487084,16097.756097560974,5.689150677913676,9435742.456952311,31881864.71175338,15609.975609756098,9436088.22449305,31882814.700263936,15609.975609756098,9436334.044163788,31882725.22922079,16585.536585365855,9435988.276623052,31881775.240710236,16585.536585365855
9436384.018098786,31883244.95899764,16097.756097560974,5.766391028540239,9436088.22449305,31882814.700263936,15609.975609756098,9436433.992033785,31883764.688774493,15609.975609756098,9436679.811704526,31883675.217731345,16585.536585365855,9436334.044163788,31882725.22922079,16585.536585365855
9436729.785639523,31884194.9475082,16097.756097560974,5.607193106837446,9436433.992033785,31883764.688774493,15609.975609756098,9436779.759574523,31884714.677285045,15609.975609756098,9437025.579245262,31884625.206241902,16585.536585365855,9436679.811704526,31883675.217731345,16585.536585365855
9437075.55318026,31885144.93601875,16097.756097560974,5.959216092277763,9436779.759574523,31884714.677285045,15609.975609756098,9437125.527115263,31885664.665795606,15609.975609756098,9437371.346786,31885575.19475246,16585.536585365855,9437025.579245262,31884625.206241902,16585.536585365855
9437421.320721,31886094.924529314,16097.756097560974,7.27862758132631,9437125.527115263,31885664.665795606,15609.975609756098,9437471.294656,31886614.654306162,15609.975609756098,9437717.114326738,31886525.18326301,16585.536585365855,9437371.346786,31885575.19475246,16585.536585365855
9437767.088261738,31887044.91303987,16097.756097560974,9.294065559312978,9437471.294656,31886614.654306162,15609.975609756098,9437817.062196737,31887564.642816715,15609.975609756098,9438062.881867476,31887475.17177357,16585.536585365855,9437717.114326738,31886525.18326301,16585.536585365855
9438112.855802475,31887994.90155042,16097.756097560974,10.136003808074134,9437817.062196737,31887564.642816715,15609.975609756098,9438162.829737473,31888514.631327275,15609.975609756098,9438408.649408214,31888425.160284128,16585.536585365855,9438062.881867476,31887475.17177357,16585.536585365855
9438458.623343213,31888944.890060984,16097.756097560974,9.054308455066163,9438162.829737473,31888514.631327275,15609.975609756098,9438508.597278213,31889464.61983783,15609.975609756098,9438754.41694895,31889375.14879469,16585.536585365855,9438408.649408214,31888425.160284128,16585.536585365855
9438804.39088395,31889894.87857154,16097.756097560974,7.126439150841829,9438508.597278213,31889464.61983783,15609.975609756098,9438854.36481895,31890414.60834839,15609.975609756098,9439100.184489688,31890325.13730524,16585.536585365855,9438754.41694895,31889375.14879469,16585.536585365855
9439150.158424687,31890844.86708209,16097.756097560974,5.799971966701654,9438854.36481895,31890414.60834839,15609.975609756098,9439200.132359687,31891364.596858945,15609.975609756098,9439445.952030424,31891275.125815798,16585.536585365855,9439100.184489688,31890325.13730524,16585.536585365855
9439495.925965425,31891794.85559265,16097.756097560974,5.660478960376799,9439200.132359687,31891364.596858945,15609.975609756098,9439545.899900423,31892314.585369498,15609.975609756098,9439791.719571162,31892225.114326354,16585.536585365855,9439445.952030424,31891275.125815798,16585.536585365855
9439841.69350616,31892744.844103202,16097.756097560974,7.522260631382891,9439545.899900423,31892314.585369498,15609.975609756098,9439891.667441161,31893264.573880058,15609.975609756098,9440137.4871119,31893175.10283691,16585.536585365855,9439791.719571162,31892225.114326354,16585.536585365855
9440187.461046899,31893694.832613762,16097.756097560974,5.544598399663231,9439891.667441161,31893264.573880058,15609.975609756098,9440237.434981897,31894214.562390614,15609.975609756098,9440483.254652638,31894125.091347467,16585.536585365855,9440137.4871119,31893175.10283691,16585.536585365855
9440533.228587635,31894644.82112432,16097.756097560974,4.074013651786552,9440237.434981897,31894214.562390614,15609.975609756098,9440583.202522637,31895164.550901167,15609.975609756098,9440829.022193374,31895075.079858024,16585.536585365855,9440483.254652638,31894125.091347467,16585.536585365855
9420378.763354866,31838506.027958337,17073.317073170736,2.7575163556933466,9420082.969749128,31838075.769224633,16585.536585365855,9420428.737289865,31839025.75773519,16585.536585365855,9420674.556960603,31838936.286692042,17561.09756097561,9420328.789419865,31837986.29818149,17561.09756097561
9420724.530895602,31839456.016468894,17073.317073170736,3.478153171571078,9420428.737289865,31839025.75773519,16585.536585365855,9420774.504830603,31839975.746245746,16585.536585365855,9421020.32450134,31839886.2752026,17561.09756097561,9420674.556960603,31838936.286692042,17561.09756097561
9421070.29843634,31840406.00497945,17073.317073170736,3.8413891172291836,9420774.504830603,31839975.746245746,16585.536585365855,9421120.272371339,31840925.734756302,16585.536585365855,9421366.092042077,31840836.263713155,17561.09756097561,9421020.32450134,31839886.2752026,17561.09756097561
9421416.065977078,31841355.993490007,17073.317073170736,3.85168562739503,9421120.272371339,31840925.734756302,16585.536585365855,9421466.039912077,31841875.72326686,16585.536585365855,9421711.859582815,31841786.25222371,17561.09756097561,9421366.092042077,31840836.263713155,17561.09756097561
9421761.833517814,31842305.982000567,17073.317073170736,3.808780527611537,9421466.039912077,31841875.72326686,16585.536585365855,9421811.807452815,31842825.711777415,16585.536585365855,9422057.627123553,31842736.240734268,17561.09756097561,9421711.859582815,31841786.25222371,17561.09756097561
9422107.601058554,31843255.97051112,17073.317073170736,4.328192251418476,9421811.807452815,31842825.711777415,16585.536585365855,9422157.574993553,31843775.70028797,16585.536585365855,9422403.39466429,31843686.22924483,17561.09756097561,9422057.627123553,31842736.240734268,17561.09756097561
9422453.36859929,31844205.959021676,17073.317073170736,5.543724846814793,9422157.574993553,31843775.70028797,16585.536585365855,9422503.34253429,31844725.68879853,16585.536585365855,9422749.162205027,31844636.21775538,17561.09756097561,9422403.39466429,31843686.22924483,17561.09756097561
9422799.136140028,31845155.947532237,17073.317073170736,5.045770191477333,9422503.34253429,31844725.68879853,16585.536585365855,9422849.110075027,31845675.677309085,16585.536585365855,9423094.929745767,31845586.20626594,17561.09756097561,9422749.162205027,31844636.21775538,17561.09756097561
9423144.903680764,31846105.93604279,17073.317073170736,6.736679305562743,9422849.110075027,31845675.677309085,16585.536585365855,9423194.877615765,31846625.66581964,16585.536585365855,9423440.697286503,31846536.194776494,17561.09756097561,9423094.929745767,31845586.20626594,17561.09756097561
9423490.671221502,31847055.924553346,17073.317073170736,8.492811804770582,9423194.877615765,31846625.66581964,16585.536585365855,9423540.6451565,31847575.654330198,16585.536585365855,9423786.464827241,31847486.18328705,17561.09756097561,9423440.697286503,31846536.194776494,17561.09756097561
9423836.438762238,31848005.913063906,17073.317073170736,8.391302331699093,9423540.6451565,31847575.654330198,16585.536585365855,9423886.412697239,31848525.642840754,16585.536585365855,9424132.232367977,31848436.17179761,17561.09756097561,9423786.464827241,31847486.18328705,17561.09756097561
9424182.206302976,31848955.90157446,17073.317073170736,9.866211629131838,9423886.412697239,31848525.642840754,16585.536585365855,9424232.180237977,31849475.63135131,16585.536585365855,9424477.999908715,31849386.160308164,17561.09756097561,9424132.232367977,31848436.17179761,17561.09756097561
9424527.973843714,31849905.890085015,17073.317073170736,9.448630842599265,9424232.180237977,31849475.63135131,16585.536585365855,9424577.947778715,31850425.619861867,16585.536585365855,9424823.767449452,31850336.148818724,17561.09756097561,9424477.999908715,31849386.160308164,17561.09756097561
9424873.741384452,31850855.878595576,17073.317073170736,7.530259066554716,9424577.947778715,31850425.619861867,16585.536585365855,9424923.715319451,31851375.608372424,16585.536585365855,9425169.534990191,31851286.13732928,17561.09756097561,9424823.767449452,31850336.148818724,17561.09756097561
9425219.50892519,31851805.86710613,17073.317073170736,8.576704430104753,9424923.715319451,31851375.608372424,16585.536585365855,9425269.482860189,31852325.59688298,16585.536585365855,9425515.302530928,31852236.125839833,17561.09756097561,9425169.534990191,31851286.13732928,17561.09756097561
9425565.276465926,31852755.855616685,17073.317073170736,9.105134829615029,9425269.482860189,31852325.59688298,16585.536585365855,9425615.250400927,31853275.585393537,16585.536585365855,9425861.070071666,31853186.114350393,17561.09756097561,9425515.302530928,31852236.125839833,17561.09756097561
9425911.044006664,31853705.844127238,17073.317073170736,7.092724531281679,9425615.250400927,31853275.585393537,16585.536585365855,9425961.017941663,31854225.573904093,16585.536585365855,9426206.837612402,31854136.102860946,17561.09756097561,9425861.070071666,31853186.114350393,17561.09756097561
9426256.811547402,31854655.832637798,17073.317073170736,6.332406852607119,9425961.017941663,31854225.573904093,16585.536585365855,9426306.785482403,31855175.56241465,16585.536585365855,9426552.60515314,31855086.091371503,17561.09756097561,9426206.837612402,31854136.102860946,17561.09756097561
9426602.57908814,31855605.821148355,17073.317073170736,7.498217807185472,9426306.785482403,31855175.56241465,16585.536585365855,9426652.553023139,31856125.550925206,16585.536585365855,9426898.372693878,31856036.079882063,17561.09756097561,9426552.60515314,31855086.091371503,17561.09756097561
9426948.346628876,31856555.809658915,17073.317073170736,8.534464323117449,9426652.553023139,31856125.550925206,16585.536585365855,9426998.320563877,31857075.539435767,16585.536585365855,9427244.140234616,31856986.068392616,17561.09756097561,9426898.372693878,31856036.079882063,17561.09756097561
9427294.114169614,31857505.798169468,17073.317073170736,9.595447757374448,9426998.320563877,31857075.539435767,16585.536585365855,9427344.088104613,31858025.52794632,16585.536585365855,9427589.907775354,31857936.056903176,17561.09756097561,9427244.140234616,31856986.068392616,17561.09756097561
9427639.88171035,31858455.786680024,17073.317073170736,10.906902419913655,9427344.088104613,31858025.52794632,16585.536585365855,9427689.855645351,31858975.516456876,16585.536585365855,9427935.67531609,31858886.04541373,17561.09756097561,9427589.907775354,31857936.056903176,17561.09756097561
9427985.649251089,31859405.775190577,17073.317073170736,11.708148926419884,9427689.855645351,31858975.516456876,16585.536585365855,9428035.62318609,31859925.504967432,16585.536585365855,9428281.442856828,31859836.033924285,17561.09756097561,9427935.67531609,31858886.04541373,17561.09756097561
9428331.416791826,31860355.763701137,17073.317073170736,12.116345574550817,9428035.62318609,31859925.504967432,16585.536585365855,9428381.390726827,31860875.49347799,16585.536585365855,9428627.210397564,31860786.022434846,17561.09756097561,9428281.442856828,31859836.033924285,17561.09756097561
9428677.184332564,31861305.752211694,17073.317073170736,12.837364190275231,9428381.390726827,31860875.49347799,16585.536585365855,9428727.158267563,31861825.481988546,16585.536585365855,9428972.977938304,31861736.0109454,17561.09756097561,9428627.210397564,31860786.022434846,17561.09756097561
9429022.951873302,31862255.74072225,17073.317073170736,12.97360435871351,9428727.158267563,31861825.481988546,16585.536585365855,9429072.925808301,31862775.470499102,16585.536585365855,9429318.74547904,31862685.999455955,17561.09756097561,9428972.977938304,31861736.0109454,17561.09756097561
9429368.719414039,31863205.729232807,17073.317073170736,12.794036929367326,9429072.925808301,31862775.470499102,16585.536585365855,9429418.693349037,31863725.45900966,16585.536585365855,9429664.513019778,31863635.987966515,17561.09756097561,9429318.74547904,31862685.999455955,17561.09756097561
9429714.486954777,31864155.717743363,17073.317073170736,15.144456114782768,9429418.693349037,31863725.45900966,16585.536585365855,9429764.460889775,31864675.447520215,16585.536585365855,9430010.280560514,31864585.976477068,17561.09756097561,9429664.513019778,31863635.987966515,17561.09756097561
9430060.254495515,31865105.70625392,17073.317073170736,14.60951131104782,9429764.460889775,31864675.447520215,16585.536585365855,9430110.228430515,31865625.43603077,16585.536585365855,9430356.048101252,31865535.96498763,17561.09756097561,9430010.280560514,31864585.976477068,17561.09756097561
9430406.022036253,31866055.694764476,17073.317073170736,12.100036867191472,9430110.228430515,31865625.43603077,16585.536585365855,9430455.995971251,31866575.424541328,16585.536585365855,9430701.81564199,31866485.95349818,17561.09756097561,9430356.048101252,31865535.96498763,17561.09756097561
9430751.789576989,31867005.683275033,17073.317073170736,9.006263966887076,9430455.995971251,31866575.424541328,16585.536585365855,9430801.76351199,31867525.413051885,16585.536585365855,9431047.583182728,31867435.942008737,17561.09756097561,9430701.81564199,31866485.95349818,17561.09756097561
9431097.557117727,31867955.67178559,17073.317073170736,7.1316669630624006,9430801.76351199,31867525.413051885,16585.536585365855,9431147.531052725,31868475.40156244,16585.536585365855,9431393.350723466,31868385.930519298,17561.09756097561,9431047.583182728,31867435.942008737,17561.09756097561
9431443.324658463,31868905.660296146,17073.317073170736,6.7946179991758635,9431147.531052725,31868475.40156244,16585.536585365855,9431493.298593463,31869425.390073,16585.536585365855,9431739.118264202,31869335.91902985,17561.09756097561,9431393.350723466,31868385.930519298,17561.09756097561
9431789.0921992,31869855.648806706,17073.317073170736,7.198181647164187,9431493.298593463,31869425.390073,16585.536585365855,9431839.0661342,31870375.378583554,16585.536585365855,9432084.88580494,31870285.907540407,17561.09756097561,9431739.118264202,31869335.91902985,17561.09756097561
9432134.859739937,31870805.63731726,17073.317073170736,7.128262832823883,9431839.0661342,31870375.378583554,16585.536585365855,9432184.83367494,31871325.36709411,16585.536585365855,9432430.653345676,31871235.896050967,17561.09756097561,9432084.88580494,31870285.907540407,17561.09756097561
9432480.627280677,31871755.625827815,17073.317073170736,6.9873222644944954,9432184.83367494,31871325.36709411,16585.536585365855,9432530.601215675,31872275.355604667,16585.536585365855,9432776.420886414,31872185.88456152,17561.09756097561,9432430.653345676,31871235.896050967,17561.09756097561
9432826.394821415,31872705.614338376,17073.317073170736,6.600384872780299,9432530.601215675,31872275.355604667,16585.536585365855,9432876.368756413,31873225.344115224,16585.536585365855,9433122.188427152,31873135.87307208,17561.09756097561,9432776.420886414,31872185.88456152,17561.09756097561
9433172.16236215,31873655.60284893,17073.317073170736,6.1601803501661125,9432876.368756413,31873225.344115224,16585.536585365855,9433222.13629715,31874175.33262578,16585.536585365855,9433467.95596789,31874085.861582633,17561.09756097561,9433122.188427152,31873135.87307208,17561.09756097561
9433517.929902889,31874605.591359485,17073.317073170736,4.965205507775332,9433222.13629715,31874175.33262578,16585.536585365855,9433567.90383789,31875125.321136337,16585.536585365855,9433813.723508626,31875035.85009319,17561.09756097561,9433467.95596789,31874085.861582633,17561.09756097561
9433863.697443627,31875555.579870045,17073.317073170736,4.817274427465258,9433567.90383789,31875125.321136337,16585.536585365855,9433913.671378627,31876075.309646893,16585.536585365855,9434159.491049364,31875985.83860375,17561.09756097561,9433813.723508626,31875035.85009319,17561.09756097561
9434209.464984365,31876505.568380598,17073.317073170736,5.039463042689161,9433913.671378627,31876075.309646893,16585.536585365855,9434259.438919364,31877025.298157454,16585.536585365855,9434505.2585901,31876935.827114306,17561.09756097561,9434159.491049364,31875985.83860375,17561.09756097561
9434555.232525101,31877455.55689116,17073.317073170736,5.878811116130435,9434259.438919364,31877025.298157454,16585.536585365855,9434605.206460102,31877975.286668006,16585.536585365855,9434851.026130838,31877885.81562486,17561.09756097561,9434505.2585901,31876935.827114306,17561.09756097561
9434901.000065839,31878405.545401715,17073.317073170736,7.560617088367414,9434605.206460102,31877975.286668006,16585.536585365855,9434950.974000838,31878925.27517856,16585.536585365855,9435196.793671576,31878835.804135416,17561.09756097561,9434851.026130838,31877885.81562486,17561.09756097561
9435246.767606575,31879355.533912264,17073.317073170736,8.16562890351147,9434950.974000838,31878925.27517856,16585.536585365855,9435296.741541576,31879875.26368912,16585.536585365855,9435542.561212314,31879785.792645972,17561.09756097561,9435196.793671576,31878835.804135416,17561.09756097561
9435592.535147313,31880305.522422828,17073.317073170736,7.13479856548793,9435296.741541576,31879875.26368912,16585.536585365855,9435642.509082312,31880825.252199676,16585.536585365855,9435888.328753052,31880735.781156532,17561.09756097561,9435542.561212314,31879785.792645972,17561.09756097561
9435938.30268805,31881255.510933384,17073.317073170736,6.094874272076465,9435642.509082312,31880825.252199676,16585.536585365855,9435988.276623052,31881775.240710236,16585.536585365855,9436234.096293788,31881685.769667085,17561.09756097561,9435888.328753052,31880735.781156532,17561.09756097561
9436284.070228789,31882205.499443933,17073.317073170736,7.925819350162724,9435988.276623052,31881775.240710236,16585.536585365855,9436334.044163788,31882725.22922079,16585.536585365855,9436579.863834526,31882635.75817764,17561.09756097561,9436234.096293788,31881685.769667085,17561.09756097561
9436629.837769527,31883155.487954497,17073.317073170736,9.656729596839618,9436334.044163788,31882725.22922079,16585.536585365855,9436679.811704526,31883675.217731345,16585.536585365855,9436925.631375264,31883585.746688202,17561.09756097561,9436579.863834526,31882635.75817764,17561.09756097561
9436975.605310263,31884105.476465054,17073.317073170736,8.791257739463063,9436679.811704526,31883675.217731345,16585.536585365855,9437025.579245262,31884625.206241902,16585.536585365855,9437271.398916002,31884535.735198755,17561.09756097561,9436925.631375264,31883585.746688202,17561.09756097561
9437321.372851001,31885055.464975607,17073.317073170736,6.422876126989109,9437025.579245262,31884625.206241902,16585.536585365855,9437371.346786,31885575.19475246,16585.536585365855,9437617.166456738,31885485.72370931,17561.09756097561,9437271.398916002,31884535.735198755,17561.09756097561
9437667.140391737,31886005.453486163,17073.317073170736,6.2299362482732485,9437371.346786,31885575.19475246,16585.536585365855,9437717.114326738,31886525.18326301,16585.536585365855,9437962.933997476,31886435.712219868,17561.09756097561,9437617.166456738,31885485.72370931,17561.09756097561
9438012.907932475,31886955.441996716,17073.317073170736,7.1019782377137375,9437717.114326738,31886525.18326301,16585.536585365855,9438062.881867476,31887475.17177357,16585.536585365855,9438308.701538213,31887385.700730424,17561.09756097561,9437962.933997476,31886435.712219868,17561.09756097561
9438358.675473213,31887905.430507276,17073.317073170736,8.983460536466817,9438062.881867476,31887475.17177357,16585.536585365855,9438408.649408214,31888425.160284128,16585.536585365855,9438654.46907895,31888335.689240985,17561.09756097561,9438308.701538213,31887385.700730424,17561.09756097561
9438704.443013951,31888855.419017836,17073.317073170736,9.175856432600975,9438408.649408214,31888425.160284128,16585.536585365855,9438754.41694895,31889375.14879469,16585.536585365855,9439000.23661969,31889285.67775154,17561.09756097561,9438654.46907895,31888335.689240985,17561.09756097561
9439050.210554687,31889805.407528393,17073.317073170736,8.207567766294199,9438754.41694895,31889375.14879469,16585.536585365855,9439100.184489688,31890325.13730524,16585.536585365855,9439346.004160427,31890235.666262094,17561.09756097561,9439000.23661969,31889285.67775154,17561.09756097561
9439395.978095425,31890755.396038946,17073.317073170736,6.977820319817439,9439100.184489688,31890325.13730524,16585.536585365855,9439445.952030424,31891275.125815798,16585.536585365855,9439691.771701165,31891185.654772654,17561.09756097561,9439346.004160427,31890235.666262094,17561.09756097561
9439741.745636161,31891705.384549502,17073.317073170736,6.408926293393011,9439445.952030424,31891275.125815798,16585.536585365855,9439791.719571162,31892225.114326354,16585.536585365855,9440037.5392419,31892135.643283207,17561.09756097561,9439691.771701165,31891185.654772654,17561.09756097561
9440087.5131769,31892655.37306006,17073.317073170736,6.531863943465226,9439791.719571162,31892225.114326354,16585.536585365855,9440137.4871119,31893175.10283691,16585.536585365855,9440383.306782639,31893085.631793763,17561.09756097561,9440037.5392419,31892135.643283207,17561.09756097561
9440433.280717637,31893605.361570615,17073.317073170736,5.6769715455293195,9440137.4871119,31893175.10283691,16585.536585365855,9440483.254652638,31894125.091347467,16585.536585365855,9440729.074323375,31894035.62030432,17561.09756097561,9440383.306782639,31893085.631793763,17561.09756097561
9440779.048258375,31894555.35008117,17073.317073170736,5.638375424290538,9440483.254652638,31894125.091347467,16585.536585365855,9440829.022193374,31895075.079858024,16585.536585365855,9441074.841864115,31894985.608814877,17561.09756097561,9440729.074323375,31894035.62030432,17561.09756097561
9420624.583025603,31838416.55691519,18048.878048780487,4.06349030327405,9420328.789419865,31837986.29818149,17561.09756097561,9420674.556960603,31838936.286692042,17561.09756097561,9420920.376631342,31838846.815648895,18536.658536585368,9420574.609090606,31837896.827138342,18536.658536585368
9420970.350566342,31839366.54542575,18048.878048780487,4.902981086109178,9420674.556960603,31838936.286692042,17561.09756097561,9421020.32450134,31839886.2752026,17561.09756097561,9421266.14417208,31839796.804159455,18536.658536585368,9420920.376631342,31838846.815648895,18536.658536585368
9421316.118107077,31840316.533936303,18048.878048780487,5.187638496939577,9421020.32450134,31839886.2752026,17561.09756097561,9421366.092042077,31840836.263713155,17561.09756097561,9421611.911712816,31840746.792670008,18536.658536585368,9421266.14417208,31839796.804159455,18536.658536585368
9421661.885647817,31841266.52244686,18048.878048780487,5.93291791811515,9421366.092042077,31840836.263713155,17561.09756097561,9421711.859582815,31841786.25222371,17561.09756097561,9421957.679253554,31841696.781180568,18536.658536585368,9421611.911712816,31840746.792670008,18536.658536585368
9422007.653188553,31842216.51095742,18048.878048780487,6.460066152238552,9421711.859582815,31841786.25222371,17561.09756097561,9422057.627123553,31842736.240734268,17561.09756097561,9422303.44679429,31842646.769691125,18536.658536585368,9421957.679253554,31841696.781180568,18536.658536585368
9422353.42072929,31843166.499467973,18048.878048780487,5.832339560264847,9422057.627123553,31842736.240734268,17561.09756097561,9422403.39466429,31843686.22924483,17561.09756097561,9422649.21433503,31843596.75820168,18536.658536585368,9422303.44679429,31842646.769691125,18536.658536585368
9422699.188270027,31844116.487978533,18048.878048780487,5.910671630127532,9422403.39466429,31843686.22924483,17561.09756097561,9422749.162205027,31844636.21775538,17561.09756097561,9422994.981875766,31844546.746712238,18536.658536585368,9422649.21433503,31843596.75820168,18536.658536585368
9423044.955810765,31845066.47648909,18048.878048780487,5.104850479518459,9422749.162205027,31844636.21775538,17561.09756097561,9423094.929745767,31845586.20626594,17561.09756097561,9423340.749416504,31845496.735222794,18536.658536585368,9422994.981875766,31844546.746712238,18536.658536585368
9423390.723351505,31846016.464999646,18048.878048780487,5.612680426081,9423094.929745767,31845586.20626594,17561.09756097561,9423440.697286503,31846536.194776494,17561.09756097561,9423686.516957242,31846446.723733347,18536.658536585368,9423340.749416504,31845496.735222794,18536.658536585368
9423736.49089224,31846966.4535102,18048.878048780487,6.140463388076147,9423440.697286503,31846536.194776494,17561.09756097561,9423786.464827241,31847486.18328705,17561.09756097561,9424032.28449798,31847396.712243907,18536.658536585368,9423686.516957242,31846446.723733347,18536.658536585368
9424082.25843298,31847916.44202076,18048.878048780487,5.1342159646287735,9423786.464827241,31847486.18328705,17561.09756097561,9424132.232367977,31848436.17179761,17561.09756097561,9424378.052038718,31848346.70075446,18536.658536585368,9424032.28449798,31847396.712243907,18536.658536585368
9424428.025973715,31848866.43053131,18048.878048780487,5.524835103725735,9424132.232367977,31848436.17179761,17561.09756097561,9424477.999908715,31849386.160308164,17561.09756097561,9424723.819579454,31849296.68926502,18536.658536585368,9424378.052038718,31848346.70075446,18536.658536585368
9424773.793514455,31849816.41904187,18048.878048780487,6.57047664486881,9424477.999908715,31849386.160308164,17561.09756097561,9424823.767449452,31850336.148818724,17561.09756097561,9425069.587120192,31850246.677775577,18536.658536585368,9424723.819579454,31849296.68926502,18536.658536585368
9425119.56105519,31850766.40755243,18048.878048780487,6.565237025829506,9424823.767449452,31850336.148818724,17561.09756097561,9425169.534990191,31851286.13732928,17561.09756097561,9425415.354660928,31851196.666286133,18536.658536585368,9425069.587120192,31850246.677775577,18536.658536585368
9425465.328595929,31851716.396062985,18048.878048780487,7.148676308012008,9425169.534990191,31851286.13732928,17561.09756097561,9425515.302530928,31852236.125839833,17561.09756097561,9425761.122201666,31852146.65479669,18536.658536585368,9425415.354660928,31851196.666286133,18536.658536585368
9425811.096136665,31852666.384573538,18048.878048780487,7.954506554309739,9425515.302530928,31852236.125839833,17561.09756097561,9425861.070071666,31853186.114350393,17561.09756097561,9426106.889742404,31853096.643307246,18536.658536585368,9425761.122201666,31852146.65479669,18536.658536585368
9426156.863677403,31853616.373084094,18048.878048780487,6.182724078017419,9425861.070071666,31853186.114350393,17561.09756097561,9426206.837612402,31854136.102860946,17561.09756097561,9426452.657283142,31854046.6318178,18536.658536585368,9426106.889742404,31853096.643307246,18536.658536585368
9426502.63121814,31854566.36159465,18048.878048780487,5.465051482733699,9426206.837612402,31854136.102860946,17561.09756097561,9426552.60515314,31855086.091371503,17561.09756097561,9426798.424823878,31854996.62032836,18536.658536585368,9426452.657283142,31854046.6318178,18536.658536585368
9426848.398758877,31855516.350105207,18048.878048780487,6.293138018157217,9426552.60515314,31855086.091371503,17561.09756097561,9426898.372693878,31856036.079882063,17561.09756097561,9427144.192364616,31855946.608838916,18536.658536585368,9426798.424823878,31854996.62032836,18536.658536585368
9427194.166299615,31856466.338615764,18048.878048780487,5.892103606034915,9426898.372693878,31856036.079882063,17561.09756097561,9427244.140234616,31856986.068392616,17561.09756097561,9427489.959905352,31856896.597349472,18536.658536585368,9427144.192364616,31855946.608838916,18536.658536585368
9427539.933840353,31857416.32712632,18048.878048780487,8.850350279695181,9427244.140234616,31856986.068392616,17561.09756097561,9427589.907775354,31857936.056903176,17561.09756097561,9427835.72744609,31857846.58586003,18536.658536585368,9427489.959905352,31856896.597349472,18536.658536585368
9427885.701381091,31858366.315636877,18048.878048780487,11.77570392504188,9427589.907775354,31857936.056903176,17561.09756097561,9427935.67531609,31858886.04541373,17561.09756097561,9428181.494986828,31858796.57437058,18536.658536585368,9427835.72744609,31857846.58586003,18536.658536585368
9428231.468921827,31859316.304147433,18048.878048780487,13.43239963468968,9427935.67531609,31858886.04541373,17561.09756097561,9428281.442856828,31859836.033924285,17561.09756097561,9428527.262527566,31859746.562881142,18536.658536585368,9428181.494986828,31858796.57437058,18536.658536585368
9428577.236462567,31860266.29265799,18048.878048780487,11.675270955887209,9428281.442856828,31859836.033924285,17561.09756097561,9428627.210397564,31860786.022434846,17561.09756097561,9428873.030068304,31860696.551391695,18536.658536585368,9428527.262527566,31859746.562881142,18536.658536585368
9428923.004003303,31861216.28116855,18048.878048780487,9.992907876229802,9428627.210397564,31860786.022434846,17561.09756097561,9428972.977938304,31861736.0109454,17561.09756097561,9429218.79760904,31861646.53990225,18536.658536585368,9428873.030068304,31860696.551391695,18536.658536585368
9429268.771544041,31862166.269679103,18048.878048780487,11.976283668066507,9428972.977938304,31861736.0109454,17561.09756097561,9429318.74547904,31862685.999455955,17561.09756097561,9429564.565149779,31862596.52841281,18536.658536585368,9429218.79760904,31861646.53990225,18536.658536585368
9429614.539084777,31863116.25818966,18048.878048780487,14.883642928337544,9429318.74547904,31862685.999455955,17561.09756097561,9429664.513019778,31863635.987966515,17561.09756097561,9429910.332690515,31863546.516923368,18536.658536585368,9429564.565149779,31862596.52841281,18536.658536585368
9429960.306625515,31864066.24670022,18048.878048780487,15.401359044207181,9429664.513019778,31863635.987966515,17561.09756097561,9430010.280560514,31864585.976477068,17561.09756097561,9430256.100231253,31864496.505433924,18536.658536585368,9429910.332690515,31863546.516923368,18536.658536585368
9430306.074166251,31865016.235210773,18048.878048780487,15.458024143300978,9430010.280560514,31864585.976477068,17561.09756097561,9430356.048101252,31865535.96498763,17561.09756097561,9430601.86777199,31865446.49394448,18536.658536585368,9430256.100231253,31864496.505433924,18536.658536585368
9430651.84170699,31865966.22372133,18048.878048780487,15.342767542703434,9430356.048101252,31865535.96498763,17561.09756097561,9430701.81564199,31866485.95349818,17561.09756097561,9430947.635312729,31866396.482455034,18536.658536585368,9430601.86777199,31865446.49394448,18536.658536585368
9430997.609247725,31866916.21223189,18048.878048780487,13.450334904380973,9430701.81564199,31866485.95349818,17561.09756097561,9431047.583182728,31867435.942008737,17561.09756097561,9431293.402853465,31867346.470965594,18536.658536585368,9430947.635312729,31866396.482455034,18536.658536585368
9431343.376788465,31867866.200742442,18048.878048780487,11.628790626450812,9431047.583182728,31867435.942008737,17561.09756097561,9431393.350723466,31868385.930519298,17561.09756097561,9431639.170394203,31868296.45947615,18536.658536585368,9431293.402853465,31867346.470965594,18536.658536585368
9431689.144329205,31868816.189253002,18048.878048780487,11.658365719193167,9431393.350723466,31868385.930519298,17561.09756097561,9431739.118264202,31869335.91902985,17561.09756097561,9431984.937934943,31869246.447986703,18536.658536585368,9431639.170394203,31868296.45947615,18536.658536585368
9432034.91186994,31869766.17776356,18048.878048780487,11.245944783962939,9431739.118264202,31869335.91902985,17561.09756097561,9432084.88580494,31870285.907540407,17561.09756097561,9432330.705475679,31870196.436497264,18536.658536585368,9431984.937934943,31869246.447986703,18536.658536585368
9432380.67941068,31870716.16627411,18048.878048780487,9.798260911628836,9432084.88580494,31870285.907540407,17561.09756097561,9432430.653345676,31871235.896050967,17561.09756097561,9432676.473016417,31871146.42500782,18536.658536585368,9432330.705475679,31870196.436497264,18536.658536585368
9432726.446951414,31871666.154784672,18048.878048780487,8.14804265678485,9432430.653345676,31871235.896050967,17561.09756097561,9432776.420886414,31872185.88456152,17561.09756097561,9433022.240557153,31872096.413518377,18536.658536585368,9432676.473016417,31871146.42500782,18536.658536585368
9433072.214492153,31872616.14329523,18048.878048780487,8.855266481170005,9432776.420886414,31872185.88456152,17561.09756097561,9433122.188427152,31873135.87307208,17561.09756097561,9433368.00809789,31873046.402028933,18536.658536585368,9433022.240557153,31872096.413518377,18536.658536585368
9433417.98203289,31873566.13180578,18048.878048780487,7.6002418473262106,9433122.188427152,31873135.87307208,17561.09756097561,9433467.95596789,31874085.861582633,17561.09756097561,9433713.775638627,31873996.390539486,18536.658536585368,9433368.00809789,31873046.402028933,18536.658536585368
9433763.749573627,31874516.12031634,18048.878048780487,7.113422742077555,9433467.95596789,31874085.861582633,17561.09756097561,9433813.723508626,31875035.85009319,17561.09756097561,9434059.543179367,31874946.379050046,18536.658536585368,9433713.775638627,31873996.390539486,18536.658536585368
9434109.517114364,31875466.108826898,18048.878048780487,6.643538307509497,9433813.723508626,31875035.85009319,17561.09756097561,9434159.491049364,31875985.83860375,17561.09756097561,9434405.310720103,31875896.367560603,18536.658536585368,9434059.543179367,31874946.379050046,18536.658536585368
9434455.284655102,31876416.097337455,18048.878048780487,5.875227620496676,9434159.491049364,31875985.83860375,17561.09756097561,9434505.2585901,31876935.827114306,17561.09756097561,9434751.07826084,31876846.356071156,18536.658536585368,9434405.310720103,31875896.367560603,18536.658536585368
9434801.052195838,31877366.08584801,18048.878048780487,5.008986526631147,9434505.2585901,31876935.827114306,17561.09756097561,9434851.026130838,31877885.81562486,17561.09756097561,9435096.845801577,31877796.344581716,18536.658536585368,9434751.07826084,31876846.356071156,18536.658536585368
9435146.819736576,31878316.074358568,18048.878048780487,6.257453523555509,9434851.026130838,31877885.81562486,17561.09756097561,9435196.793671576,31878835.804135416,17561.09756097561,9435442.613342315,31878746.33309227,18536.658536585368,9435096.845801577,31877796.344581716,18536.658536585368
9435492.587277314,31879266.06286912,18048.878048780487,7.2707715808478275,9435196.793671576,31878835.804135416,17561.09756097561,9435542.561212314,31879785.792645972,17561.09756097561,9435788.380883053,31879696.32160283,18536.658536585368,9435442.613342315,31878746.33309227,18536.658536585368
9435838.354818052,31880216.05137968,18048.878048780487,6.647361073412938,9435542.561212314,31879785.792645972,17561.09756097561,9435888.328753052,31880735.781156532,17561.09756097561,9436134.14842379,31880646.310113385,18536.658536585368,9435788.380883053,31879696.32160283,18536.658536585368
9436184.122358792,31881166.039890237,18048.878048780487,5.097840997371582,9435888.328753052,31880735.781156532,17561.09756097561,9436234.096293788,31881685.769667085,17561.09756097561,9436479.915964529,31881596.298623938,18536.658536585368,9436134.14842379,31880646.310113385,18536.658536585368
9436529.889899526,31882116.02840079,18048.878048780487,4.45999907975711,9436234.096293788,31881685.769667085,17561.09756097561,9436579.863834526,31882635.75817764,17561.09756097561,9436825.683505265,31882546.2871345,18536.658536585368,9436479.915964529,31881596.298623938,18536.658536585368
9436875.657440266,31883066.01691135,18048.878048780487,6.966260611798588,9436579.863834526,31882635.75817764,17561.09756097561,9436925.631375264,31883585.746688202,17561.09756097561,9437171.451046003,31883496.275645055,18536.658536585368,9436825.683505265,31882546.2871345,18536.658536585368
9437221.424981002,31884016.00542191,18048.878048780487,6.120169315241212,9436925.631375264,31883585.746688202,17561.09756097561,9437271.398916002,31884535.735198755,17561.09756097561,9437517.21858674,31884446.264155608,18536.658536585368,9437171.451046003,31883496.275645055,18536.658536585368
9437567.19252174,31884965.99393246,18048.878048780487,5.827818461557404,9437271.398916002,31884535.735198755,17561.09756097561,9437617.166456738,31885485.72370931,17561.09756097561,9437862.986127479,31885396.252666168,18536.658536585368,9437517.21858674,31884446.264155608,18536.658536585368
9437912.960062476,31885915.982443016,18048.878048780487,5.874201662596204,9437617.166456738,31885485.72370931,17561.09756097561,9437962.933997476,31886435.712219868,17561.09756097561,9438208.753668215,31886346.24117672,18536.658536585368,9437862.986127479,31885396.252666168,18536.658536585368
9438258.727603214,31886865.970953573,18048.878048780487,7.142523356324202,9437962.933997476,31886435.712219868,17561.09756097561,9438308.701538213,31887385.700730424,17561.09756097561,9438554.521208953,31887296.22968728,18536.658536585368,9438208.753668215,31886346.24117672,18536.658536585368
9438604.49514395,31887815.95946413,18048.878048780487,7.992389918257726,9438308.701538213,31887385.700730424,17561.09756097561,9438654.46907895,31888335.689240985,17561.09756097561,9438900.28874969,31888246.218197837,18536.658536585368,9438554.521208953,31887296.22968728,18536.658536585368
9438950.262684688,31888765.94797469,18048.878048780487,9.747654074710976,9438654.46907895,31888335.689240985,17561.09756097561,9439000.23661969,31889285.67775154,17561.09756097561,9439246.056290427,31889196.20670839,18536.658536585368,9438900.28874969,31888246.218197837,18536.658536585368
9439296.030225426,31889715.93648525,18048.878048780487,11.362643393548867,9439000.23661969,31889285.67775154,17561.09756097561,9439346.004160427,31890235.666262094,17561.09756097561,9439591.823831163,31890146.19521895,18536.658536585368,9439246.056290427,31889196.20670839,18536.658536585368
9439641.797766164,31890665.9249958,18048.878048780487,10.50950739516962,9439346.004160427,31890235.666262094,17561.09756097561,9439691.771701165,31891185.654772654,17561.09756097561,9439937.591371903,31891096.183729507,18536.658536585368,9439591.823831163,31890146.19521895,18536.658536585368
9439987.565306904,31891615.91350636,18048.878048780487,9.840546553825064,9439691.771701165,31891185.654772654,17561.09756097561,9440037.5392419,31892135.643283207,17561.09756097561,9440283.358912641,31892046.17224006,18536.658536585368,9439937.591371903,31891096.183729507,18536.658536585368
9440333.332847638,31892565.90201691,18048.878048780487,7.343694077498875,9440037.5392419,31892135.643283207,17561.09756097561,9440383.306782639,31893085.631793763,17561.09756097561,9440629.126453377,31892996.16075062,18536.658536585368,9440283.358912641,31892046.17224006,18536.658536585368
9440679.100388378,31893515.89052747,18048.878048780487,7.207086525168737,9440383.306782639,31893085.631793763,17561.09756097561,9440729.074323375,31894035.62030432,17561.09756097561,9440974.893994115,31893946.149261173,18536.658536585368,9440629.126453377,31892996.16075062,18536.658536585368
9441024.867929114,31894465.87903803,18048.878048780487,7.323866555375248,9440729.074323375,31894035.62030432,17561.09756097561,9441074.841864115,31894985.608814877,17561.09756097561,9441320.661534851,31894896.137771733,18536.658536585368,9440974.893994115,31893946.149261173,18536.658536585368
9420870.402696343,31838327.085872047,19024.43902439025,5.362072179402839,9420574.609090606,31837896.827138342,18536.658536585368,9420920.376631342,31838846.815648895,18536.658536585368,9421166.19630208,31838757.34460575,19512.219512195123,9420820.428761343,31837807.356095195,19512.219512195123
9421216.17023708,31839277.074382603,19024.43902439025,6.543546943786606,9420920.376631342,31838846.815648895,18536.658536585368,9421266.14417208,31839796.804159455,18536.658536585368,9421511.963842819,31839707.333116308,19512.219512195123,9421166.19630208,31838757.34460575,19512.219512195123
9421561.937777817,31840227.06289316,19024.43902439025,7.34310959667879,9421266.14417208,31839796.804159455,18536.658536585368,9421611.911712816,31840746.792670008,18536.658536585368,9421857.731383557,31840657.321626864,19512.219512195123,9421511.963842819,31839707.333116308,19512.219512195123
9421907.705318553,31841177.051403712,19024.43902439025,8.258954481602354,9421611.911712816,31840746.792670008,18536.658536585368,9421957.679253554,31841696.781180568,18536.658536585368,9422203.498924293,31841607.31013742,19512.219512195123,9421857.731383557,31840657.321626864,19512.219512195123
9422253.472859291,31842127.039914273,19024.43902439025,8.17613162087025,9421957.679253554,31841696.781180568,18536.658536585368,9422303.44679429,31842646.769691125,18536.658536585368,9422549.26646503,31842557.298647977,19512.219512195123,9422203.498924293,31841607.31013742,19512.219512195123
9422599.240400027,31843077.02842483,19024.43902439025,6.603179775484119,9422303.44679429,31842646.769691125,18536.658536585368,9422649.21433503,31843596.75820168,18536.658536585368,9422895.034005767,31843507.287158534,19512.219512195123,9422549.26646503,31842557.298647977,19512.219512195123
9422945.007940767,31844027.016935386,19024.43902439025,6.644414804627289,9422649.21433503,31843596.75820168,18536.658536585368,9422994.981875766,31844546.746712238,18536.658536585368,9423240.801546505,31844457.27566909,19512.219512195123,9422895.034005767,31843507.287158534,19512.219512195123
9423290.775481503,31844977.005445942,19024.43902439025,5.617920006760298,9422994.981875766,31844546.746712238,18536.658536585368,9423340.749416504,31845496.735222794,18536.658536585368,9423586.569087243,31845407.264179647,19512.219512195123,9423240.801546505,31844457.27566909,19512.219512195123
9423636.543022243,31845926.9939565,19024.43902439025,5.442329400698178,9423340.749416504,31845496.735222794,18536.658536585368,9423686.516957242,31846446.723733347,18536.658536585368,9423932.33662798,31846357.252690203,19512.219512195123,9423586.569087243,31845407.264179647,19512.219512195123
9423982.31056298,31846876.98246705,19024.43902439025,5.342912058921629,9423686.516957242,31846446.723733347,18536.658536585368,9424032.28449798,31847396.712243907,18536.658536585368,9424278.104168717,31847307.24120076,19512.219512195123,9423932.33662798,31846357.252690203,19512.219512195123
9424328.078103717,31847826.970977608,19024.43902439025,5.14992174469837,9424032.28449798,31847396.712243907,18536.658536585368,9424378.052038718,31848346.70075446,18536.658536585368,9424623.871709455,31848257.229711317,19512.219512195123,9424278.104168717,31847307.24120076,19512.219512195123
9424673.845644455,31848776.959488165,19024.43902439025,5.483662037357325,9424378.052038718,31848346.70075446,18536.658536585368,9424723.819579454,31849296.68926502,18536.658536585368,9424969.639250193,31849207.218221873,19512.219512195123,9424623.871709455,31848257.229711317,19512.219512195123
9425019.613185192,31849726.94799872,19024.43902439025,4.958493204803922,9424723.819579454,31849296.68926502,18536.658536585368,9425069.587120192,31850246.677775577,18536.658536585368,9425315.406790929,31850157.20673243,19512.219512195123,9424969.639250193,31849207.218221873,19512.219512195123
9425365.38072593,31850676.936509285,19024.43902439025,5.06135749462239,9425069.587120192,31850246.677775577,18536.658536585368,9425415.354660928,31851196.666286133,18536.658536585368,9425661.174331669,31851107.19524299,19512.219512195123,9425315.406790929,31850157.20673243,19512.219512195123
9425711.148266666,31851626.925019838,19024.43902439025,6.352196895405892,9425415.354660928,31851196.666286133,18536.658536585368,9425761.122201666,31852146.65479669,18536.658536585368,9426006.941872405,31852057.183753543,19512.219512195123,9425661.174331669,31851107.19524299,19512.219512195123
9426056.915807404,31852576.913530394,19024.43902439025,7.715048317876239,9425761.122201666,31852146.65479669,18536.658536585368,9426106.889742404,31853096.643307246,18536.658536585368,9426352.709413143,31853007.1722641,19512.219512195123,9426006.941872405,31852057.183753543,19512.219512195123
9426402.683348142,31853526.902040947,19024.43902439025,6.742599689762692,9426106.889742404,31853096.643307246,18536.658536585368,9426452.657283142,31854046.6318178,18536.658536585368,9426698.476953879,31853957.160774656,19512.219512195123,9426352.709413143,31853007.1722641,19512.219512195123
9426748.450888881,31854476.890551504,19024.43902439025,4.598259201975376,9426452.657283142,31854046.6318178,18536.658536585368,9426798.424823878,31854996.62032836,18536.658536585368,9427044.244494619,31854907.149285212,19512.219512195123,9426698.476953879,31853957.160774656,19512.219512195123
9427094.218429616,31855426.879062064,19024.43902439025,4.881980689499002,9426798.424823878,31854996.62032836,18536.658536585368,9427144.192364616,31855946.608838916,18536.658536585368,9427390.012035355,31855857.13779577,19512.219512195123,9427044.244494619,31854907.149285212,19512.219512195123
9427439.985970356,31856376.867572617,19024.43902439025,5.857209673945191,9427144.192364616,31855946.608838916,18536.658536585368,9427489.959905352,31856896.597349472,18536.658536585368,9427735.779576093,31856807.126306325,19512.219512195123,9427390.012035355,31855857.13779577,19512.219512195123
9427785.75351109,31857326.856083173,19024.43902439025,5.741937319339257,9427489.959905352,31856896.597349472,18536.658536585368,9427835.72744609,31857846.58586003,18536.658536585368,9428081.54711683,31857757.11481688,19512.219512195123,9427735.779576093,31856807.126306325,19512.219512195123
9428131.52105183,31858276.844593734,19024.43902439025,7.177955834600873,9427835.72744609,31857846.58586003,18536.658536585368,9428181.494986828,31858796.57437058,18536.658536585368,9428427.314657567,31858707.10332744,19512.219512195123,9428081.54711683,31857757.11481688,19512.219512195123
9428477.288592568,31859226.833104286,19024.43902439025,7.8663933959631684,9428181.494986828,31858796.57437058,18536.658536585368,9428527.262527566,31859746.562881142,18536.658536585368,9428773.082198303,31859657.091837995,19512.219512195123,9428427.314657567,31858707.10332744,19512.219512195123
9428823.056133304,31860176.821614847,19024.43902439025,9.434541104402761,9428527.262527566,31859746.562881142,18536.658536585368,9428873.030068304,31860696.551391695,18536.658536585368,9429118.849739041,31860607.080348548,19512.219512195123,9428773.082198303,31859657.091837995,19512.219512195123
9429168.823674042,31861126.810125403,19024.43902439025,9.132228137682048,9428873.030068304,31860696.551391695,18536.658536585368,9429218.79760904,31861646.53990225,18536.658536585368,9429464.617279781,31861557.068859108,19512.219512195123,9429118.849739041,31860607.080348548,19512.219512195123
9429514.591214778,31862076.798635956,19024.43902439025,9.651644374383876,9429218.79760904,31861646.53990225,18536.658536585368,9429564.565149779,31862596.52841281,18536.658536585368,9429810.384820517,31862507.057369664,19512.219512195123,9429464.617279781,31861557.068859108,19512.219512195123
9429860.358755516,31863026.787146516,19024.43902439025,12.614903039065167,9429564.565149779,31862596.52841281,18536.658536585368,9429910.332690515,31863546.516923368,18536.658536585368,9430156.152361255,31863457.045880225,19512.219512195123,9429810.384820517,31862507.057369664,19512.219512195123
9430206.126296252,31863976.775657073,19024.43902439025,15.163385822654973,9429910.332690515,31863546.516923368,18536.658536585368,9430256.100231253,31864496.505433924,18536.658536585368,9430501.919901991,31864407.034390777,19512.219512195123,9430156.152361255,31863457.045880225,19512.219512195123
9430551.89383699,31864926.764167625,19024.43902439025,14.705357093820734,9430256.100231253,31864496.505433924,18536.658536585368,9430601.86777199,31865446.49394448,18536.658536585368,9430847.68744273,31865357.022901334,19512.219512195123,9430501.919901991,31864407.034390777,19512.219512195123
9430897.661377728,31865876.752678186,19024.43902439025,14.791325069196795,9430601.86777199,31865446.49394448,18536.658536585368,9430947.635312729,31866396.482455034,18536.658536585368,9431193.454983465,31866307.01141189,19512.219512195123,9430847.68744273,31865357.022901334,19512.219512195123
9431243.428918468,31866826.741188742,19024.43902439025,11.719205812895863,9430947.635312729,31866396.482455034,18536.658536585368,9431293.402853465,31867346.470965594,18536.658536585368,9431539.222524205,31867256.999922447,19512.219512195123,9431193.454983465,31866307.01141189,19512.219512195123
9431589.196459202,31867776.7296993,19024.43902439025,9.782801180640101,9431293.402853465,31867346.470965594,18536.658536585368,9431639.170394203,31868296.45947615,18536.658536585368,9431884.990064941,31868206.988433,19512.219512195123,9431539.222524205,31867256.999922447,19512.219512195123
9431934.963999942,31868726.718209855,19024.43902439025,8.749281778838382,9431639.170394203,31868296.45947615,18536.658536585368,9431984.937934943,31869246.447986703,18536.658536585368,9432230.75760568,31869156.97694356,19512.219512195123,9431884.990064941,31868206.988433,19512.219512195123
9432280.731540678,31869676.70672041,19024.43902439025,7.502922891485854,9431984.937934943,31869246.447986703,18536.658536585368,9432330.705475679,31870196.436497264,18536.658536585368,9432576.525146415,31870106.965454116,19512.219512195123,9432230.75760568,31869156.97694356,19512.219512195123
9432626.499081416,31870626.69523097,19024.43902439025,6.935533166927139,9432330.705475679,31870196.436497264,18536.658536585368,9432676.473016417,31871146.42500782,18536.658536585368,9432922.292687155,31871056.953964677,19512.219512195123,9432576.525146415,31870106.965454116,19512.219512195123
9432972.266622154,31871576.683741525,19024.43902439025,5.824719259974166,9432676.473016417,31871146.42500782,18536.658536585368,9433022.240557153,31872096.413518377,18536.658536585368,9433268.060227893,31872006.94247523,19512.219512195123,9432922.292687155,31871056.953964677,19512.219512195123
9433318.03416289,31872526.67225208,19024.43902439025,6.500436031853532,9433022.240557153,31872096.413518377,18536.658536585368,9433368.00809789,31873046.402028933,18536.658536585368,9433613.82776863,31872956.930985786,19512.219512195123,9433268.060227893,31872006.94247523,19512.219512195123
9433663.801703628,31873476.660762638,19024.43902439025,6.623320951600129,9433368.00809789,31873046.402028933,18536.658536585368,9433713.775638627,31873996.390539486,18536.658536585368,9433959.595309367,31873906.919496343,19512.219512195123,9433613.82776863,31872956.930985786,19512.219512195123
9434009.569244364,31874426.649273194,19024.43902439025,7.213247660255736,9433713.775638627,31873996.390539486,18536.658536585368,9434059.543179367,31874946.379050046,18536.658536585368,9434305.362850104,31874856.9080069,19512.219512195123,9433959.595309367,31873906.919496343,19512.219512195123
9434355.336785104,31875376.637783755,19024.43902439025,8.549925385906581,9434059.543179367,31874946.379050046,18536.658536585368,9434405.310720103,31875896.367560603,18536.658536585368,9434651.130390842,31875806.896517456,19512.219512195123,9434305.362850104,31874856.9080069,19512.219512195123
9434701.10432584,31876326.626294307,19024.43902439025,7.705751665953469,9434405.310720103,31875896.367560603,18536.658536585368,9434751.07826084,31876846.356071156,18536.658536585368,9434996.89793158,31876756.885028012,19512.219512195123,9434651.130390842,31875806.896517456,19512.219512195123
9435046.87186658,31877276.614804864,19024.43902439025,7.439950964483783,9434751.07826084,31876846.356071156,18536.658536585368,9435096.845801577,31877796.344581716,18536.658536585368,9435342.665472317,31877706.87353857,19512.219512195123,9434996.89793158,31876756.885028012,19512.219512195123
9435392.639407314,31878226.603315424,19024.43902439025,6.589433492227163,9435096.845801577,31877796.344581716,18536.658536585368,9435442.613342315,31878746.33309227,18536.658536585368,9435688.433013054,31878656.862049125,19512.219512195123,9435342.665472317,31877706.87353857,19512.219512195123
9435738.406948054,31879176.591825973,19024.43902439025,7.300068708444821,9435442.613342315,31878746.33309227,18536.658536585368,9435788.380883053,31879696.32160283,18536.658536585368,9436034.200553792,31879606.85055968,19512.219512195123,9435688.433013054,31878656.862049125,19512.219512195123
9436084.174488788,31880126.580336533,19024.43902439025,6.725649100151879,9435788.380883053,31879696.32160283,18536.658536585368,9436134.14842379,31880646.310113385,18536.658536585368,9436379.968094528,31880556.839070234,19512.219512195123,9436034.200553792,31879606.85055968,19512.219512195123
9436429.942029528,31881076.568847094,19024.43902439025,5.310025191173749,9436134.14842379,31880646.310113385,18536.658536585368,9436479.915964529,31881596.298623938,18536.658536585368,9436725.735635266,31881506.827580795,19512.219512195123,9436379.968094528,31880556.839070234,19512.219512195123
9436775.709570266,31882026.557357643,19024.43902439025,5.207070731080939,9436479.915964529,31881596.298623938,18536.658536585368,9436825.683505265,31882546.2871345,18536.658536585368,9437071.503176004,31882456.81609135,19512.219512195123,9436725.735635266,31881506.827580795,19512.219512195123
9437121.477111002,31882976.545868207,19024.43902439025,4.904347689063858,9436825.683505265,31882546.2871345,18536.658536585368,9437171.451046003,31883496.275645055,18536.658536585368,9437417.270716742,31883406.804601908,19512.219512195123,9437071.503176004,31882456.81609135,19512.219512195123
9437467.24465174,31883926.534378763,19024.43902439025,4.791691128233182,9437171.451046003,31883496.275645055,18536.658536585368,9437517.21858674,31884446.264155608,18536.658536585368,9437763.03825748,31884356.793112464,19512.219512195123,9437417.270716742,31883406.804601908,19512.219512195123
9437813.012192477,31884876.522889312,19024.43902439025,5.632248290063929,9437517.21858674,31884446.264155608,18536.658536585368,9437862.986127479,31885396.252666168,18536.658536585368,9438108.805798216,31885306.78162302,19512.219512195123,9437763.03825748,31884356.793112464,19512.219512195123
9438158.779733216,31885826.511399873,19024.43902439025,5.795253347854293,9437862.986127479,31885396.252666168,18536.658536585368,9438208.753668215,31886346.24117672,18536.658536585368,9438454.573338954,31886256.770133577,19512.219512195123,9438108.805798216,31885306.78162302,19512.219512195123
9438504.547273953,31886776.499910425,19024.43902439025,7.7568424913197065,9438208.753668215,31886346.24117672,18536.658536585368,9438554.521208953,31887296.22968728,18536.658536585368,9438800.34087969,31887206.758644134,19512.219512195123,9438454.573338954,31886256.770133577,19512.219512195123
9438850.314814692,31887726.488420982,19024.43902439025,8.189567401138383,9438554.521208953,31887296.22968728,18536.658536585368,9438900.28874969,31888246.218197837,18536.658536585368,9439146.10842043,31888156.74715469,19512.219512195123,9438800.34087969,31887206.758644134,19512.219512195123
9439196.082355427,31888676.476931542,19024.43902439025,9.098603004814187,9438900.28874969,31888246.218197837,18536.658536585368,9439246.056290427,31889196.20670839,18536.658536585368,9439491.875961166,31889106.735665247,19512.219512195123,9439146.10842043,31888156.74715469,19512.219512195123
9439541.849896166,31889626.465442095,19024.43902439025,7.910622913173418,9439246.056290427,31889196.20670839,18536.658536585368,9439591.823831163,31890146.19521895,18536.658536585368,9439837.643501904,31890056.724175803,19512.219512195123,9439491.875961166,31889106.735665247,19512.219512195123
9439887.617436903,31890576.453952655,19024.43902439025,8.139545824077418,9439591.823831163,31890146.19521895,18536.658536585368,9439937.591371903,31891096.183729507,18536.658536585368,9440183.41104264,31891006.71268636,19512.219512195123,9439837.643501904,31890056.724175803,19512.219512195123
9440233.38497764,31891526.44246321,19024.43902439025,9.005229290481077,9439937.591371903,31891096.183729507,18536.658536585368,9440283.358912641,31892046.17224006,18536.658536585368,9440529.178583378,31891956.701196916,19512.219512195123,9440183.41104264,31891006.71268636,19512.219512195123
9440579.152518379,31892476.430973765,19024.43902439025,5.899481860196437,9440283.358912641,31892046.17224006,18536.658536585368,9440629.126453377,31892996.16075062,18536.658536585368,9440874.946124116,31892906.689707473,19512.219512195123,9440529.178583378,31891956.701196916,19512.219512195123
9440924.920059115,31893426.419484325,19024.43902439025,4.579326639891931,9440629.126453377,31892996.16075062,18536.658536585368,9440974.893994115,31893946.149261173,18536.658536585368,9441220.713664854,31893856.67821803,19512.219512195123,9440874.946124116,31892906.689707473,19512.219512195123
9441270.687599853,31894376.40799488,19024.43902439025,5.563795019831927,9440974.893994115,31893946.149261173,18536.658536585368,9441320.661534851,31894896.137771733,18536.658536585368,9441566.481205592,31894806.666728586,19512.219512195123,9441220.713664854,31893856.67821803,19512.219512195123
9421116.222367084,31838237.6148289,20000.0,4.659044768250846,9420820.428761343,31837807.356095195,19512.219512195123,9421166.19630208,31838757.34460575,19512.219512195123,9421412.015972823,31838667.873562604,20487.78048780488,9421066.248432085,31837717.885052048,20487.78048780488
9421461.98990782,31839187.60333946,20000.0,4.878958724338843,9421166.19630208,31838757.34460575,19512.219512195123,9421511.963842819,31839707.333116308,19512.219512195123,9421757.783513559,31839617.86207316,20487.78048780488,9421412.015972823,31838667.873562604,20487.78048780488
9421807.757448558,31840137.591850013,20000.0,6.100966570263856,9421511.963842819,31839707.333116308,19512.219512195123,9421857.731383557,31840657.321626864,19512.219512195123,9422103.551054297,31840567.850583717,20487.78048780488,9421757.783513559,31839617.86207316,20487.78048780488
9422153.524989296,31841087.580360565,20000.0,8.20224179581004,9421857.731383557,31840657.321626864,19512.219512195123,9422203.498924293,31841607.31013742,19512.219512195123,9422449.318595035,31841517.839094274,20487.78048780488,9422103.551054297,31840567.850583717,20487.78048780488
9422499.292530032,31842037.56887113,20000.0,7.146804966050036,9422203.498924293,31841607.31013742,19512.219512195123,9422549.26646503,31842557.298647977,19512.219512195123,9422795.086135771,31842467.82760483,20487.78048780488,9422449.318595035,31841517.839094274,20487.78048780488
9422845.06007077,31842987.55738168,20000.0,6.21428827221731,9422549.26646503,31842557.298647977,19512.219512195123,9422895.034005767,31843507.287158534,19512.219512195123,9423140.853676511,31843417.816115387,20487.78048780488,9422795.086135771,31842467.82760483,20487.78048780488
9423190.827611506,31843937.54589224,20000.0,4.432137319570225,9422895.034005767,31843507.287158534,19512.219512195123,9423240.801546505,31844457.27566909,19512.219512195123,9423486.621217247,31844367.80462594,20487.78048780488,9423140.853676511,31843417.816115387,20487.78048780488
9423536.595152246,31844887.5344028,20000.0,4.165169562511772,9423240.801546505,31844457.27566909,19512.219512195123,9423586.569087243,31845407.264179647,19512.219512195123,9423832.388757985,31845317.7931365,20487.78048780488,9423486.621217247,31844367.80462594,20487.78048780488
9423882.362692982,31845837.522913348,20000.0,4.381399415688938,9423586.569087243,31845407.264179647,19512.219512195123,9423932.33662798,31846357.252690203,19512.219512195123,9424178.156298721,31846267.781647056,20487.78048780488,9423832.388757985,31845317.7931365,20487.78048780488
9424228.13023372,31846787.51142391,20000.0,4.49115097212181,9423932.33662798,31846357.252690203,19512.219512195123,9424278.104168717,31847307.24120076,19512.219512195123,9424523.923839461,31847217.770157613,20487.78048780488,9424178.156298721,31846267.781647056,20487.78048780488
9424573.897774458,31847737.49993446,20000.0,6.257173082634848,9424278.104168717,31847307.24120076,19512.219512195123,9424623.871709455,31848257.229711317,19512.219512195123,9424869.691380197,31848167.75866817,20487.78048780488,9424523.923839461,31847217.770157613,20487.78048780488
9424919.665315196,31848687.488445017,20000.0,6.392600441155512,9424623.871709455,31848257.229711317,19512.219512195123,9424969.639250193,31849207.218221873,19512.219512195123,9425215.458920935,31849117.747178726,20487.78048780488,9424869.691380197,31848167.75866817,20487.78048780488
9425265.432855932,31849637.476955578,20000.0,5.423653323060396,9424969.639250193,31849207.218221873,19512.219512195123,9425315.406790929,31850157.20673243,19512.219512195123,9425561.226461671,31850067.735689282,20487.78048780488,9425215.458920935,31849117.747178726,20487.78048780488
9425611.20039667,31850587.465466138,20000.0,4.084566988826119,9425315.406790929,31850157.20673243,19512.219512195123,9425661.174331669,31851107.19524299,19512.219512195123,9425906.99400241,31851017.72419984,20487.78048780488,9425561.226461671,31850067.735689282,20487.78048780488
9425956.967937408,31851537.45397669,20000.0,5.141503646102588,9425661.174331669,31851107.19524299,19512.219512195123,9426006.941872405,31852057.183753543,19512.219512195123,9426252.761543147,31851967.712710395,20487.78048780488,9425906.99400241,31851017.72419984,20487.78048780488
9426302.735478144,31852487.442487247,20000.0,5.155925440787946,9426006.941872405,31852057.183753543,19512.219512195123,9426352.709413143,31853007.1722641,19512.219512195123,9426598.529083885,31852917.701220952,20487.78048780488,9426252.761543147,31851967.712710395,20487.78048780488
9426648.503018884,31853437.4309978,20000.0,5.845424590778994,9426352.709413143,31853007.1722641,19512.219512195123,9426698.476953879,31853957.160774656,19512.219512195123,9426944.296624623,31853867.68973151,20487.78048780488,9426598.529083885,31852917.701220952,20487.78048780488
9426994.27055962,31854387.41950836,20000.0,4.146016376931915,9426698.476953879,31853957.160774656,19512.219512195123,9427044.244494619,31854907.149285212,19512.219512195123,9427290.06416536,31854817.67824207,20487.78048780488,9426944.296624623,31853867.68973151,20487.78048780488
9427340.038100358,31855337.408018917,20000.0,3.759981723468818,9427044.244494619,31854907.149285212,19512.219512195123,9427390.012035355,31855857.13779577,19512.219512195123,9427635.831706097,31855767.66675262,20487.78048780488,9427290.06416536,31854817.67824207,20487.78048780488
9427685.805641094,31856287.39652947,20000.0,3.958664199952757,9427390.012035355,31855857.13779577,19512.219512195123,9427735.779576093,31856807.126306325,19512.219512195123,9427981.599246833,31856717.655263178,20487.78048780488,9427635.831706097,31855767.66675262,20487.78048780488
9428031.573181832,31857237.38504003,20000.0,4.4572661348324285,9427735.779576093,31856807.126306325,19512.219512195123,9428081.54711683,31857757.11481688,19512.219512195123,9428327.366787571,31857667.643773735,20487.78048780488,9427981.599246833,31856717.655263178,20487.78048780488
9428377.340722568,31858187.373550586,20000.0,6.244905048016346,9428081.54711683,31857757.11481688,19512.219512195123,9428427.314657567,31858707.10332744,19512.219512195123,9428673.134328308,31858617.63228429,20487.78048780488,9428327.366787571,31857667.643773735,20487.78048780488
9428723.108263306,31859137.362061143,20000.0,8.36238230021717,9428427.314657567,31858707.10332744,19512.219512195123,9428773.082198303,31859657.091837995,19512.219512195123,9429018.901869047,31859567.620794848,20487.78048780488,9428673.134328308,31858617.63228429,20487.78048780488
9429068.875804044,31860087.3505717,20000.0,10.357091084621928,9428773.082198303,31859657.091837995,19512.219512195123,9429118.849739041,31860607.080348548,19512.219512195123,9429364.669409784,31860517.609305404,20487.78048780488,9429018.901869047,31859567.620794848,20487.78048780488
9429414.643344782,31861037.339082256,20000.0,10.28201729095723,9429118.849739041,31860607.080348548,19512.219512195123,9429464.617279781,31861557.068859108,19512.219512195123,9429710.436950522,31861467.59781596,20487.78048780488,9429364.669409784,31860517.609305404,20487.78048780488
9429760.41088552,31861987.327592812,20000.0,10.164244226788831,9429464.617279781,31861557.068859108,19512.219512195123,9429810.384820517,31862507.057369664,19512.219512195123,9430056.204491258,31862417.586326517,20487.78048780488,9429710.436950522,31861467.59781596,20487.78048780488
9430106.178426256,31862937.31610337,20000.0,12.85363364991075,9429810.384820517,31862507.057369664,19512.219512195123,9430156.152361255,31863457.045880225,19512.219512195123,9430401.972031998,31863367.574837074,20487.78048780488,9430056.204491258,31862417.586326517,20487.78048780488
9430451.945966996,31863887.304613926,20000.0,13.227476244899133,9430156.152361255,31863457.045880225,19512.219512195123,9430501.919901991,31864407.034390777,19512.219512195123,9430747.739572736,31864317.56334763,20487.78048780488,9430401.972031998,31863367.574837074,20487.78048780488
9430797.71350773,31864837.293124482,20000.0,14.21146166624015,9430501.919901991,31864407.034390777,19512.219512195123,9430847.68744273,31865357.022901334,19512.219512195123,9431093.507113472,31865267.551858187,20487.78048780488,9430747.739572736,31864317.56334763,20487.78048780488
9431143.48104847,31865787.28163504,20000.0,13.686902400715612,9430847.68744273,31865357.022901334,19512.219512195123,9431193.454983465,31866307.01141189,19512.219512195123,9431439.27465421,31866217.540368743,20487.78048780488,9431093.507113472,31865267.551858187,20487.78048780488
9431489.248589206,31866737.2701456,20000.0,11.743447360387357,9431193.454983465,31866307.01141189,19512.219512195123,9431539.222524205,31867256.999922447,19512.219512195123,9431785.042194946,31867167.5288793,20487.78048780488,9431439.27465421,31866217.540368743,20487.78048780488
9431835.016129944,31867687.25865615,20000.0,12.11170633467356,9431539.222524205,31867256.999922447,19512.219512195123,9431884.990064941,31868206.988433,19512.219512195123,9432130.809735684,31868117.517389856,20487.78048780488,9431785.042194946,31867167.5288793,20487.78048780488
9432180.78367068,31868637.247166708,20000.0,10.162870738466696,9431884.990064941,31868206.988433,19512.219512195123,9432230.75760568,31869156.97694356,19512.219512195123,9432476.577276422,31869067.505900413,20487.78048780488,9432130.809735684,31868117.517389856,20487.78048780488
9432526.55121142,31869587.23567727,20000.0,9.151113980826809,9432230.75760568,31869156.97694356,19512.219512195123,9432576.525146415,31870106.965454116,19512.219512195123,9432822.34481716,31870017.49441097,20487.78048780488,9432476.577276422,31869067.505900413,20487.78048780488
9432872.318752157,31870537.22418782,20000.0,8.766832336143894,9432576.525146415,31870106.965454116,19512.219512195123,9432922.292687155,31871056.953964677,19512.219512195123,9433168.112357896,31870967.482921526,20487.78048780488,9432822.34481716,31870017.49441097,20487.78048780488
9433218.086292895,31871487.212698378,20000.0,7.238161913898539,9432922.292687155,31871056.953964677,19512.219512195123,9433268.060227893,31872006.94247523,19512.219512195123,9433513.879898634,31871917.471432082,20487.78048780488,9433168.112357896,31870967.482921526,20487.78048780488
9433563.85383363,31872437.201208938,20000.0,6.762870298186569,9433268.060227893,31872006.94247523,19512.219512195123,9433613.82776863,31872956.930985786,19512.219512195123,9433859.64743937,31872867.45994264,20487.78048780488,9433513.879898634,31871917.471432082,20487.78048780488
9433909.621374369,31873387.189719487,20000.0,6.221683987160864,9433613.82776863,31872956.930985786,19512.219512195123,9433959.595309367,31873906.919496343,19512.219512195123,9434205.414980108,31873817.448453195,20487.78048780488,9433859.64743937,31872867.45994264,20487.78048780488
9434255.388915107,31874337.17823005,20000.0,6.533213488738743,9433959.595309367,31873906.919496343,19512.219512195123,9434305.362850104,31874856.9080069,19512.219512195123,9434551.182520848,31874767.436963752,20487.78048780488,9434205.414980108,31873817.448453195,20487.78048780488
9434601.156455843,31875287.166740607,20000.0,6.633948290835542,9434305.362850104,31874856.9080069,19512.219512195123,9434651.130390842,31875806.896517456,19512.219512195123,9434896.950061584,31875717.42547431,20487.78048780488,9434551.182520848,31874767.436963752,20487.78048780488
9434946.923996583,31876237.155251157,20000.0,6.926462369449277,9434651.130390842,31875806.896517456,19512.219512195123,9434996.89793158,31876756.885028012,19512.219512195123,9435242.717602322,31876667.413984865,20487.78048780488,9434896.950061584,31875717.42547431,20487.78048780488
9435292.691537319,31877187.14376172,20000.0,6.55506300543679,9434996.89793158,31876756.885028012,19512.219512195123,9435342.665472317,31877706.87353857,19512.219512195123,9435588.485143058,31877617.40249542,20487.78048780488,9435242.717602322,31876667.413984865,20487.78048780488
9435638.459078057,31878137.132272277,20000.0,5.753512395355244,9435342.665472317,31877706.87353857,19512.219512195123,9435688.433013054,31878656.862049125,19512.219512195123,9435934.252683796,31878567.391005978,20487.78048780488,9435588.485143058,31877617.40249542,20487.78048780488
9435984.226618793,31879087.120782826,20000.0,5.750560273180438,9435688.433013054,31878656.862049125,19512.219512195123,9436034.200553792,31879606.85055968,19512.219512195123,9436280.020224532,31879517.379516535,20487.78048780488,9435934.252683796,31878567.391005978,20487.78048780488
9436329.99415953,31880037.109293386,20000.0,5.134191700694273,9436034.200553792,31879606.85055968,19512.219512195123,9436379.968094528,31880556.839070234,19512.219512195123,9436625.78776527,31880467.36802709,20487.78048780488,9436280.020224532,31879517.379516535,20487.78048780488
9436675.761700267,31880987.09780394,20000.0,4.009959399191431,9436379.968094528,31880556.839070234,19512.219512195123,9436725.735635266,31881506.827580795,19512.219512195123,9436971.555306008,31881417.356537648,20487.78048780488,9436625.78776527,31880467.36802709,20487.78048780488
9437021.529241007,31881937.0863145,20000.0,4.20425265532188,9436725.735635266,31881506.827580795,19512.219512195123,9437071.503176004,31882456.81609135,19512.219512195123,9437317.322846746,31882367.3450482,20487.78048780488,9436971.555306008,31881417.356537648,20487.78048780488
9437367.296781743,31882887.074825056,20000.0,4.087417897244478,9437071.503176004,31882456.81609135,19512.219512195123,9437417.270716742,31883406.804601908,19512.219512195123,9437663.090387482,31883317.33355876,20487.78048780488,9437317.322846746,31882367.3450482,20487.78048780488
9437713.064322481,31883837.063335616,20000.0,4.527476418716207,9437417.270716742,31883406.804601908,19512.219512195123,9437763.03825748,31884356.793112464,19512.219512195123,9438008.85792822,31884267.322069317,20487.78048780488,9437663.090387482,31883317.33355876,20487.78048780488
9438058.831863219,31884787.05184617,20000.0,3.853496282031956,9437763.03825748,31884356.793112464,19512.219512195123,9438108.805798216,31885306.78162302,19512.219512195123,9438354.625468958,31885217.310579874,20487.78048780488,9438008.85792822,31884267.322069317,20487.78048780488
9438404.599403955,31885737.040356725,20000.0,4.252087081464393,9438108.805798216,31885306.78162302,19512.219512195123,9438454.573338954,31886256.770133577,19512.219512195123,9438700.393009696,31886167.29909043,20487.78048780488,9438354.625468958,31885217.310579874,20487.78048780488
9438750.366944695,31886687.02886728,20000.0,6.727990650423473,9438454.573338954,31886256.770133577,19512.219512195123,9438800.34087969,31887206.758644134,19512.219512195123,9439046.160550434,31887117.287600987,20487.78048780488,9438700.393009696,31886167.29909043,20487.78048780488
9439096.134485431,31887637.01737784,20000.0,6.818020841003966,9438800.34087969,31887206.758644134,19512.219512195123,9439146.10842043,31888156.74715469,19512.219512195123,9439391.92809117,31888067.276111543,20487.78048780488,9439046.160550434,31887117.287600987,20487.78048780488
9439441.902026169,31888587.005888395,20000.0,6.6529166731462155,9439146.10842043,31888156.74715469,19512.219512195123,9439491.875961166,31889106.735665247,19512.219512195123,9439737.695631908,31889017.2646221,20487.78048780488,9439391.92809117,31888067.276111543,20487.78048780488
9439787.669566905,31889536.99439895,20000.0,5.557103660889385,9439491.875961166,31889106.735665247,19512.219512195123,9439837.643501904,31890056.724175803,19512.219512195123,9440083.463172644,31889967.253132652,20487.78048780488,9439737.695631908,31889017.2646221,20487.78048780488
9440133.437107643,31890486.982909508,20000.0,5.632599492173764,9439837.643501904,31890056.724175803,19512.219512195123,9440183.41104264,31891006.71268636,19512.219512195123,9440429.230713384,31890917.241643213,20487.78048780488,9440083.463172644,31889967.253132652,20487.78048780488
9440479.204648381,31891436.971420065,20000.0,5.787247671268585,9440183.41104264,31891006.71268636,19512.219512195123,9440529.178583378,31891956.701196916,19512.219512195123,9440774.99825412,31891867.23015377,20487.78048780488,9440429.230713384,31890917.241643213,20487.78048780488
9440824.97218912,31892386.95993062,20000.0,5.534924230476561,9440529.178583378,31891956.701196916,19512.219512195123,9440874.946124116,31892906.689707473,19512.219512195123,9441120.765794858,31892817.21866433,20487.78048780488,9440774.99825412,31891867.23015377,20487.78048780488
9441170.739729855,31893336.948441178,20000.0,5.436452348494023,9440874.946124116,31892906.689707473,19512.219512195123,9441220.713664854,31893856.67821803,19512.219512195123,9441466.533335594,31893767.207174882,20487.78048780488,9441120.765794858,31892817.21866433,20487.78048780488
9441516.507270593,31894286.936951734,20000.0,6.178848296045293,9441220.713664854,31893856.67821803,19512.219512195123,9441566.481205592,31894806.666728586,19512.219512195123,9441812.300876332,31894717.19568544,20487.78048780488,9441466.533335594,31893767.207174882,20487.78048780488
9421362.042037822,31838148.143785752,20975.56097560976,4.122683402460513,9421066.248432085,31837717.885052048,20487.78048780488,9421412.015972823,31838667.873562604,20487.78048780488,9421657.83564356,31838578.402519457,21463.341463414636,9421312.068102824,31837628.4140089,21463.341463414636
9421707.809578562,31839098.132296313,20975.56097560976,3.928541272900332,9421412.015972823,31838667.873562604,20487.78048780488,9421757.783513559,31839617.86207316,20487.78048780488,9422003.6031843,31839528.391030014,21463.341463414636,9421657.83564356,31838578.402519457,21463.341463414636
9422053.577119296,31840048.12080686,20975.56097560976,3.9880777253474786,9421757.783513559,31839617.86207316,20487.78048780488,9422103.551054297,31840567.850583717,20487.78048780488,9422349.370725036,31840478.37954057,21463.341463414636,9422003.6031843,31839528.391030014,21463.341463414636
9422399.344660036,31840998.109317422,20975.56097560976,4.660233814799067,9422103.551054297,31840567.850583717,20487.78048780488,9422449.318595035,31841517.839094274,20487.78048780488,9422695.138265774,31841428.36805113,21463.341463414636,9422349.370725036,31840478.37954057,21463.341463414636
9422745.112200772,31841948.097827975,20975.56097560976,4.174539250488675,9422449.318595035,31841517.839094274,20487.78048780488,9422795.086135771,31842467.82760483,20487.78048780488,9423040.90580651,31842378.356561683,21463.341463414636,9422695.138265774,31841428.36805113,21463.341463414636
9423090.87974151,31842898.086338535,20975.56097560976,5.0760325993833995,9422795.086135771,31842467.82760483,20487.78048780488,9423140.853676511,31843417.816115387,20487.78048780488,9423386.673347248,31843328.34507224,21463.341463414636,9423040.90580651,31842378.356561683,21463.341463414636
9423436.647282248,31843848.07484909,20975.56097560976,4.872090780948983,9423140.853676511,31843417.816115387,20487.78048780488,9423486.621217247,31844367.80462594,20487.78048780488,9423732.440887986,31844278.333582796,21463.341463414636,9423386.673347248,31843328.34507224,21463.341463414636
9423782.414822984,31844798.063359644,20975.56097560976,3.428540984231321,9423486.621217247,31844367.80462594,20487.78048780488,9423832.388757985,31845317.7931365,20487.78048780488,9424078.208428724,31845228.322093353,21463.341463414636,9423732.440887986,31844278.333582796,21463.341463414636
9424128.182363722,31845748.051870205,20975.56097560976,3.058659651361302,9423832.388757985,31845317.7931365,20487.78048780488,9424178.156298721,31846267.781647056,20487.78048780488,9424423.975969462,31846178.310603913,21463.341463414636,9424078.208428724,31845228.322093353,21463.341463414636
9424473.949904459,31846698.04038076,20975.56097560976,2.4865884627055292,9424178.156298721,31846267.781647056,20487.78048780488,9424523.923839461,31847217.770157613,20487.78048780488,9424769.743510198,31847128.29911447,21463.341463414636,9424423.975969462,31846178.310603913,21463.341463414636
9424819.717445198,31847648.028891314,20975.56097560976,2.877599438403944,9424523.923839461,31847217.770157613,20487.78048780488,9424869.691380197,31848167.75866817,20487.78048780488,9425115.511050936,31848078.287625022,21463.341463414636,9424769.743510198,31847128.29911447,21463.341463414636
9425165.484985935,31848598.017401874,20975.56097560976,3.2332290770098275,9424869.691380197,31848167.75866817,20487.78048780488,9425215.458920935,31849117.747178726,20487.78048780488,9425461.278591674,31849028.276135582,21463.341463414636,9425115.511050936,31848078.287625022,21463.341463414636
9425511.252526674,31849548.00591243,20975.56097560976,3.229383897481786,9425215.458920935,31849117.747178726,20487.78048780488,9425561.226461671,31850067.735689282,20487.78048780488,9425807.046132412,31849978.264646135,21463.341463414636,9425461.278591674,31849028.276135582,21463.341463414636
9425857.020067409,31850497.994422987,20975.56097560976,3.6644405552899006,9425561.226461671,31850067.735689282,20487.78048780488,9425906.99400241,31851017.72419984,20487.78048780488,9426152.813673148,31850928.25315669,21463.341463414636,9425807.046132412,31849978.264646135,21463.341463414636
9426202.787608149,31851447.982933544,20975.56097560976,4.200987971548769,9425906.99400241,31851017.72419984,20487.78048780488,9426252.761543147,31851967.712710395,20487.78048780488,9426498.581213886,31851878.24166725,21463.341463414636,9426152.813673148,31850928.25315669,21463.341463414636
9426548.555148885,31852397.9714441,20975.56097560976,4.404143936967316,9426252.761543147,31851967.712710395,20487.78048780488,9426598.529083885,31852917.701220952,20487.78048780488,9426844.348754622,31852828.230177805,21463.341463414636,9426498.581213886,31851878.24166725,21463.341463414636
9426894.322689623,31853347.959954657,20975.56097560976,4.727313200783329,9426598.529083885,31852917.701220952,20487.78048780488,9426944.296624623,31853867.68973151,20487.78048780488,9427190.11629536,31853778.218688365,21463.341463414636,9426844.348754622,31852828.230177805,21463.341463414636
9427240.09023036,31854297.948465213,20975.56097560976,5.002383397619428,9426944.296624623,31853867.68973151,20487.78048780488,9427290.06416536,31854817.67824207,20487.78048780488,9427535.883836098,31854728.20719892,21463.341463414636,9427190.11629536,31853778.218688365,21463.341463414636
9427585.857771097,31855247.93697577,20975.56097560976,6.549470852643418,9427290.06416536,31854817.67824207,20487.78048780488,9427635.831706097,31855767.66675262,20487.78048780488,9427881.651376836,31855678.195709474,21463.341463414636,9427535.883836098,31854728.20719892,21463.341463414636
9427931.625311835,31856197.925486326,20975.56097560976,7.685734097346868,9427635.831706097,31855767.66675262,20487.78048780488,9427981.599246833,31856717.655263178,20487.78048780488,9428227.418917574,31856628.184220035,21463.341463414636,9427881.651376836,31855678.195709474,21463.341463414636
9428277.39285257,31857147.913996883,20975.56097560976,9.884782592883019,9427981.599246833,31856717.655263178,20487.78048780488,9428327.366787571,31857667.643773735,20487.78048780488,9428573.18645831,31857578.172730587,21463.341463414636,9428227.418917574,31856628.184220035,21463.341463414636
9428623.160393309,31858097.902507443,20975.56097560976,10.583795875541947,9428327.366787571,31857667.643773735,20487.78048780488,9428673.134328308,31858617.63228429,20487.78048780488,9428918.953999048,31858528.161241144,21463.341463414636,9428573.18645831,31857578.172730587,21463.341463414636
9428968.927934045,31859047.891017996,20975.56097560976,10.183691976349849,9428673.134328308,31858617.63228429,20487.78048780488,9429018.901869047,31859567.620794848,20487.78048780488,9429264.721539784,31859478.149751704,21463.341463414636,9428918.953999048,31858528.161241144,21463.341463414636
9429314.695474785,31859997.879528552,20975.56097560976,10.511113087481768,9429018.901869047,31859567.620794848,20487.78048780488,9429364.669409784,31860517.609305404,20487.78048780488,9429610.489080522,31860428.138262257,21463.341463414636,9429264.721539784,31859478.149751704,21463.341463414636
9429660.463015521,31860947.868039113,20975.56097560976,12.40143683588735,9429364.669409784,31860517.609305404,20487.78048780488,9429710.436950522,31861467.59781596,20487.78048780488,9429956.25662126,31861378.126772817,21463.341463414636,9429610.489080522,31860428.138262257,21463.341463414636
9430006.23055626,31861897.856549665,20975.56097560976,13.862282836142668,9429710.436950522,31861467.59781596,20487.78048780488,9430056.204491258,31862417.586326517,20487.78048780488,9430302.024161998,31862328.11528337,21463.341463414636,9429956.25662126,31861378.126772817,21463.341463414636
9430351.998096997,31862847.84506022,20975.56097560976,14.893456009726286,9430056.204491258,31862417.586326517,20487.78048780488,9430401.972031998,31863367.574837074,20487.78048780488,9430647.791702734,31863278.103793927,21463.341463414636,9430302.024161998,31862328.11528337,21463.341463414636
9430697.765637735,31863797.833570782,20975.56097560976,13.914895514669833,9430401.972031998,31863367.574837074,20487.78048780488,9430747.739572736,31864317.56334763,20487.78048780488,9430993.559243472,31864228.092304483,21463.341463414636,9430647.791702734,31863278.103793927,21463.341463414636
9431043.533178473,31864747.82208133,20975.56097560976,14.066103872778653,9430747.739572736,31864317.56334763,20487.78048780488,9431093.507113472,31865267.551858187,20487.78048780488,9431339.326784208,31865178.08081504,21463.341463414636,9430993.559243472,31864228.092304483,21463.341463414636
9431389.300719209,31865697.810591895,20975.56097560976,15.3233465186303,9431093.507113472,31865267.551858187,20487.78048780488,9431439.27465421,31866217.540368743,20487.78048780488,9431685.094324946,31866128.069325596,21463.341463414636,9431339.326784208,31865178.08081504,21463.341463414636
9431735.068259947,31866647.79910245,20975.56097560976,15.492552906406976,9431439.27465421,31866217.540368743,20487.78048780488,9431785.042194946,31867167.5288793,20487.78048780488,9432030.861865686,31867078.057836156,21463.341463414636,9431685.094324946,31866128.069325596,21463.341463414636
9432080.835800683,31867597.787613004,20975.56097560976,15.30189837024277,9431785.042194946,31867167.5288793,20487.78048780488,9432130.809735684,31868117.517389856,20487.78048780488,9432376.629406422,31868028.04634671,21463.341463414636,9432030.861865686,31867078.057836156,21463.341463414636
9432426.603341421,31868547.776123565,20975.56097560976,14.08637946203551,9432130.809735684,31868117.517389856,20487.78048780488,9432476.577276422,31869067.505900413,20487.78048780488,9432722.39694716,31868978.03485727,21463.341463414636,9432376.629406422,31868028.04634671,21463.341463414636
9432772.37088216,31869497.76463412,20975.56097560976,14.127369639492896,9432476.577276422,31869067.505900413,20487.78048780488,9432822.34481716,31870017.49441097,20487.78048780488,9433068.164487896,31869928.023367822,21463.341463414636,9432722.39694716,31868978.03485727,21463.341463414636
9433118.138422899,31870447.75314467,20975.56097560976,12.057102219652549,9432822.34481716,31870017.49441097,20487.78048780488,9433168.112357896,31870967.482921526,20487.78048780488,9433413.932028636,31870878.01187838,21463.341463414636,9433068.164487896,31869928.023367822,21463.341463414636
9433463.905963633,31871397.741655234,20975.56097560976,12.081694292018291,9433168.112357896,31870967.482921526,20487.78048780488,9433513.879898634,31871917.471432082,20487.78048780488,9433759.699569372,31871828.00038894,21463.341463414636,9433413.932028636,31870878.01187838,21463.341463414636
9433809.673504373,31872347.73016579,20975.56097560976,13.347313549785305,9433513.879898634,31871917.471432082,20487.78048780488,9433859.64743937,31872867.45994264,20487.78048780488,9434105.46711011,31872777.98889949,21463.341463414636,9433759.699569372,31871828.00038894,21463.341463414636
9434155.441045107,31873297.718676344,20975.56097560976,10.524078639965758,9433859.64743937,31872867.45994264,20487.78048780488,9434205.414980108,31873817.448453195,20487.78048780488,9434451.234650847,31873727.97741005,21463.341463414636,9434105.46711011,31872777.98889949,21463.341463414636
9434501.208585847,31874247.707186904,20975.56097560976,7.72773979290628,9434205.414980108,31873817.448453195,20487.78048780488,9434551.182520848,31874767.436963752,20487.78048780488,9434797.002191585,31874677.96592061,21463.341463414636,9434451.234650847,31873727.97741005,21463.341463414636
9434846.976126583,31875197.69569746,20975.56097560976,6.9868448311863975,9434551.182520848,31874767.436963752,20487.78048780488,9434896.950061584,31875717.42547431,20487.78048780488,9435142.76973232,31875627.95443116,21463.341463414636,9434797.002191585,31874677.96592061,21463.341463414636
9435192.743667321,31876147.684208013,20975.56097560976,8.763943315027241,9434896.950061584,31875717.42547431,20487.78048780488,9435242.717602322,31876667.413984865,20487.78048780488,9435488.53727306,31876577.94294172,21463.341463414636,9435142.76973232,31875627.95443116,21463.341463414636
9435538.51120806,31877097.67271857,20975.56097560976,7.3121940880765015,9435242.717602322,31876667.413984865,20487.78048780488,9435588.485143058,31877617.40249542,20487.78048780488,9435834.304813799,31877527.931452274,21463.341463414636,9435488.53727306,31876577.94294172,21463.341463414636
9435884.278748795,31878047.661229122,20975.56097560976,5.015672062882846,9435588.485143058,31877617.40249542,20487.78048780488,9435934.252683796,31878567.391005978,20487.78048780488,9436180.072354535,31878477.91996283,21463.341463414636,9435834.304813799,31877527.931452274,21463.341463414636
9436230.046289533,31878997.649739683,20975.56097560976,4.512617061850438,9435934.252683796,31878567.391005978,20487.78048780488,9436280.020224532,31879517.379516535,20487.78048780488,9436525.839895273,31879427.90847339,21463.341463414636,9436180.072354535,31878477.91996283,21463.341463414636
9436575.81383027,31879947.63825024,20975.56097560976,4.271063517050097,9436280.020224532,31879517.379516535,20487.78048780488,9436625.78776527,31880467.36802709,20487.78048780488,9436871.607436009,31880377.896983944,21463.341463414636,9436525.839895273,31879427.90847339,21463.341463414636
9436921.581371007,31880897.626760796,20975.56097560976,3.6270884991510073,9436625.78776527,31880467.36802709,20487.78048780488,9436971.555306008,31881417.356537648,20487.78048780488,9437217.374976747,31881327.8854945,21463.341463414636,9436871.607436009,31880377.896983944,21463.341463414636
9437267.348911745,31881847.615271352,20975.56097560976,3.2344092719635418,9436971.555306008,31881417.356537648,20487.78048780488,9437317.322846746,31882367.3450482,20487.78048780488,9437563.142517483,31882277.874005057,21463.341463414636,9437217.374976747,31881327.8854945,21463.341463414636
9437613.116452485,31882797.60378191,20975.56097560976,3.343265981327455,9437317.322846746,31882367.3450482,20487.78048780488,9437663.090387482,31883317.33355876,20487.78048780488,9437908.910058223,31883227.862515613,21463.341463414636,9437563.142517483,31882277.874005057,21463.341463414636
9437958.88399322,31883747.592292465,20975.56097560976,4.0562852782474925,9437663.090387482,31883317.33355876,20487.78048780488,9438008.85792822,31884267.322069317,20487.78048780488,9438254.677598959,31884177.851026174,21463.341463414636,9437908.910058223,31883227.862515613,21463.341463414636
9438304.65153396,31884697.58080302,20975.56097560976,3.7192704413339155,9438008.85792822,31884267.322069317,20487.78048780488,9438354.625468958,31885217.310579874,20487.78048780488,9438600.445139697,31885127.839536726,21463.341463414636,9438254.677598959,31884177.851026174,21463.341463414636
9438650.419074696,31885647.56931358,20975.56097560976,3.3213789957968105,9438354.625468958,31885217.310579874,20487.78048780488,9438700.393009696,31886167.29909043,20487.78048780488,9438946.212680433,31886077.828047283,21463.341463414636,9438600.445139697,31885127.839536726,21463.341463414636
9438996.186615434,31886597.557824135,20975.56097560976,3.67069219431643,9438700.393009696,31886167.29909043,20487.78048780488,9439046.160550434,31887117.287600987,20487.78048780488,9439291.980221173,31887027.816557843,21463.341463414636,9438946.212680433,31886077.828047283,21463.341463414636
9439341.954156172,31887547.54633469,20975.56097560976,4.324958082637188,9439046.160550434,31887117.287600987,20487.78048780488,9439391.92809117,31888067.276111543,20487.78048780488,9439637.747761909,31887977.805068396,21463.341463414636,9439291.980221173,31887027.816557843,21463.341463414636
9439687.721696908,31888497.53484525,20975.56097560976,6.239755192851195,9439391.92809117,31888067.276111543,20487.78048780488,9439737.695631908,31889017.2646221,20487.78048780488,9439983.515302647,31888927.793578953,21463.341463414636,9439637.747761909,31887977.805068396,21463.341463414636
9440033.489237646,31889447.523355804,20975.56097560976,5.920545958018822,9439737.695631908,31889017.2646221,20487.78048780488,9440083.463172644,31889967.253132652,20487.78048780488,9440329.282843385,31889877.78208951,21463.341463414636,9439983.515302647,31888927.793578953,21463.341463414636
9440379.256778382,31890397.511866357,20975.56097560976,5.488332072533243,9440083.463172644,31889967.253132652,20487.78048780488,9440429.230713384,31890917.241643213,20487.78048780488,9440675.050384121,31890827.770600066,21463.341463414636,9440329.282843385,31889877.78208951,21463.341463414636
9440725.024319122,31891347.50037692,20975.56097560976,4.519542614247484,9440429.230713384,31890917.241643213,20487.78048780488,9440774.99825412,31891867.23015377,20487.78048780488,9441020.817924859,31891777.759110626,21463.341463414636,9440675.050384121,31890827.770600066,21463.341463414636
9441070.791859858,31892297.488887474,20975.56097560976,3.824490998582535,9440774.99825412,31891867.23015377,20487.78048780488,9441120.765794858,31892817.21866433,20487.78048780488,9441366.585465597,31892727.747621182,21463.341463414636,9441020.817924859,31891777.759110626,21463.341463414636
9441416.559400598,31893247.47739803,20975.56097560976,3.437860644782624,9441120.765794858,31892817.21866433,20487.78048780488,9441466.533335594,31893767.207174882,20487.78048780488,9441712.353006335,31893677.736131735,21463.341463414636,9441366.585465597,31892727.747621182,21463.341463414636
9441762.326941332,31894197.46590859,20975.56097560976,4.560909102378478,9441466.533335594,31893767.207174882,20487.78048780488,9441812.300876332,31894717.19568544,20487.78048780488,9442058.120547071,31894627.724642295,21463.341463414636,9441712.353006335,31893677.736131735,21463.341463414636
9421607.861708561,31838058.672742605,21951.121951219513,5.006851112484661,9421312.068102824,31837628.4140089,21463.341463414636,9421657.83564356,31838578.402519457,21463.341463414636,9421903.6553143,31838488.931476314,22438.902439024394,9421557.887773562,31837538.942965757,22438.902439024394
9421953.629249299,31839008.661253158,21951.121951219513,4.685001940734965,9421657.83564356,31838578.402519457,21463.341463414636,9422003.6031843,31839528.391030014,21463.341463414636,9422249.422855036,31839438.919986866,22438.902439024394,9421903.6553143,31838488.931476314,22438.902439024394
9422299.396790037,31839958.64976372,21951.121951219513,4.480863065252343,9422003.6031843,31839528.391030014,21463.341463414636,9422349.370725036,31840478.37954057,21463.341463414636,9422595.190395774,31840388.908497427,22438.902439024394,9422249.422855036,31839438.919986866,22438.902439024394
9422645.164330773,31840908.638274275,21951.121951219513,4.265847888762468,9422349.370725036,31840478.37954057,21463.341463414636,9422695.138265774,31841428.36805113,21463.341463414636,9422940.957936512,31841338.897007983,22438.902439024394,9422595.190395774,31840388.908497427,22438.902439024394
9422990.931871511,31841858.62678483,21951.121951219513,3.127530241789573,9422695.138265774,31841428.36805113,21463.341463414636,9423040.90580651,31842378.356561683,21463.341463414636,9423286.72547725,31842288.885518536,22438.902439024394,9422940.957936512,31841338.897007983,22438.902439024394
9423336.699412247,31842808.615295388,21951.121951219513,2.461885735360342,9423040.90580651,31842378.356561683,21463.341463414636,9423386.673347248,31843328.34507224,21463.341463414636,9423632.493017986,31843238.874029096,22438.902439024394,9423286.72547725,31842288.885518536,22438.902439024394
9423682.466952985,31843758.603805944,21951.121951219513,2.398863712127728,9423386.673347248,31843328.34507224,21463.341463414636,9423732.440887986,31844278.333582796,21463.341463414636,9423978.260558724,31844188.86253965,22438.902439024394,9423632.493017986,31843238.874029096,22438.902439024394
9424028.234493723,31844708.5923165,21951.121951219513,2.550274574771283,9423732.440887986,31844278.333582796,21463.341463414636,9424078.208428724,31845228.322093353,21463.341463414636,9424324.02809946,31845138.85105021,22438.902439024394,9423978.260558724,31844188.86253965,22438.902439024394
9424374.002034461,31845658.580827057,21951.121951219513,2.1030648880613234,9424078.208428724,31845228.322093353,21463.341463414636,9424423.975969462,31846178.310603913,21463.341463414636,9424669.795640199,31846088.839560766,22438.902439024394,9424324.02809946,31845138.85105021,22438.902439024394
9424719.7695752,31846608.569337614,21951.121951219513,1.4029463670848974,9424423.975969462,31846178.310603913,21463.341463414636,9424769.743510198,31847128.29911447,21463.341463414636,9425015.563180938,31847038.82807132,22438.902439024394,9424669.795640199,31846088.839560766,22438.902439024394
9425065.537115937,31847558.55784817,21951.121951219513,1.1314539070951728,9424769.743510198,31847128.29911447,21463.341463414636,9425115.511050936,31848078.287625022,21463.341463414636,9425361.330721674,31847988.81658188,22438.902439024394,9425015.563180938,31847038.82807132,22438.902439024394
9425411.304656675,31848508.546358727,21951.121951219513,0.9854853939536113,9425115.511050936,31848078.287625022,21463.341463414636,9425461.278591674,31849028.276135582,21463.341463414636,9425707.098262412,31848938.805092435,22438.902439024394,9425361.330721674,31847988.81658188,22438.902439024394
9425757.072197411,31849458.534869287,21951.121951219513,1.1943234007590502,9425461.278591674,31849028.276135582,21463.341463414636,9425807.046132412,31849978.264646135,21463.341463414636,9426052.865803149,31849888.793602988,22438.902439024394,9425707.098262412,31848938.805092435,22438.902439024394
9426102.83973815,31850408.52337984,21951.121951219513,2.3998419740984795,9425807.046132412,31849978.264646135,21463.341463414636,9426152.813673148,31850928.25315669,21463.341463414636,9426398.633343887,31850838.78211355,22438.902439024394,9426052.865803149,31849888.793602988,22438.902439024394
9426448.607278885,31851358.511890396,21951.121951219513,2.8991087481067273,9426152.813673148,31850928.25315669,21463.341463414636,9426498.581213886,31851878.24166725,21463.341463414636,9426744.400884623,31851788.7706241,22438.902439024394,9426398.633343887,31850838.78211355,22438.902439024394
9426794.374819623,31852308.500400957,21951.121951219513,2.91642556321141,9426498.581213886,31851878.24166725,21463.341463414636,9426844.348754622,31852828.230177805,21463.341463414636,9427090.168425363,31852738.75913466,22438.902439024394,9426744.400884623,31851788.7706241,22438.902439024394
9427140.14236036,31853258.48891151,21951.121951219513,3.854072379908489,9426844.348754622,31852828.230177805,21463.341463414636,9427190.11629536,31853778.218688365,21463.341463414636,9427435.935966099,31853688.747645218,22438.902439024394,9427090.168425363,31852738.75913466,22438.902439024394
9427485.909901097,31854208.477422066,21951.121951219513,5.92525331669657,9427190.11629536,31853778.218688365,21463.341463414636,9427535.883836098,31854728.20719892,21463.341463414636,9427781.703506837,31854638.736155774,22438.902439024394,9427435.935966099,31853688.747645218,22438.902439024394
9427831.677441835,31855158.465932626,21951.121951219513,7.923000696813566,9427535.883836098,31854728.20719892,21463.341463414636,9427881.651376836,31855678.195709474,21463.341463414636,9428127.471047573,31855588.72466633,22438.902439024394,9427781.703506837,31854638.736155774,22438.902439024394
9428177.444982575,31856108.45444318,21951.121951219513,8.305588944602007,9427881.651376836,31855678.195709474,21463.341463414636,9428227.418917574,31856628.184220035,21463.341463414636,9428473.238588313,31856538.713176887,22438.902439024394,9428127.471047573,31855588.72466633,22438.902439024394
9428523.212523311,31857058.44295374,21951.121951219513,11.345902474959084,9428227.418917574,31856628.184220035,21463.341463414636,9428573.18645831,31857578.172730587,21463.341463414636,9428819.00612905,31857488.70168744,22438.902439024394,9428473.238588313,31856538.713176887,22438.902439024394
9428868.98006405,31858008.431464296,21951.121951219513,10.52616452924629,9428573.18645831,31857578.172730587,21463.341463414636,9428918.953999048,31858528.161241144,21463.341463414636,9429164.773669787,31858438.690198,22438.902439024394,9428819.00612905,31857488.70168744,22438.902439024394
9429214.747604785,31858958.41997485,21951.121951219513,10.89961265906709,9428918.953999048,31858528.161241144,21463.341463414636,9429264.721539784,31859478.149751704,21463.341463414636,9429510.541210525,31859388.678708553,22438.902439024394,9429164.773669787,31858438.690198,22438.902439024394
9429560.515145523,31859908.40848541,21951.121951219513,12.954101609743347,9429264.721539784,31859478.149751704,21463.341463414636,9429610.489080522,31860428.138262257,21463.341463414636,9429856.30875126,31860338.667219114,22438.902439024394,9429510.541210525,31859388.678708553,22438.902439024394
9429906.282686261,31860858.396995965,21951.121951219513,14.997535217886492,9429610.489080522,31860428.138262257,21463.341463414636,9429956.25662126,31861378.126772817,21463.341463414636,9430202.076291999,31861288.65572967,22438.902439024394,9429856.30875126,31860338.667219114,22438.902439024394
9430252.050226998,31861808.38550652,21951.121951219513,14.829759752288204,9429956.25662126,31861378.126772817,21463.341463414636,9430302.024161998,31862328.11528337,21463.341463414636,9430547.843832735,31862238.644240223,22438.902439024394,9430202.076291999,31861288.65572967,22438.902439024394
9430597.817767736,31862758.37401708,21951.121951219513,12.613124019072753,9430302.024161998,31862328.11528337,21463.341463414636,9430647.791702734,31863278.103793927,21463.341463414636,9430893.611373475,31863188.632750783,22438.902439024394,9430547.843832735,31862238.644240223,22438.902439024394
9430943.585308472,31863708.362527635,21951.121951219513,14.125235174208955,9430647.791702734,31863278.103793927,21463.341463414636,9430993.559243472,31864228.092304483,21463.341463414636,9431239.378914211,31864138.621261336,22438.902439024394,9430893.611373475,31863188.632750783,22438.902439024394
9431289.35284921,31864658.351038188,21951.121951219513,13.435491287091386,9430993.559243472,31864228.092304483,21463.341463414636,9431339.326784208,31865178.08081504,21463.341463414636,9431585.146454949,31865088.609771892,22438.902439024394,9431239.378914211,31864138.621261336,22438.902439024394
9431635.120389946,31865608.339548748,21951.121951219513,14.153606970203306,9431339.326784208,31865178.08081504,21463.341463414636,9431685.094324946,31866128.069325596,21463.341463414636,9431930.913995685,31866038.598282453,22438.902439024394,9431585.146454949,31865088.609771892,22438.902439024394
9431980.887930684,31866558.328059305,21951.121951219513,12.447647435195275,9431685.094324946,31866128.069325596,21463.341463414636,9432030.861865686,31867078.057836156,21463.341463414636,9432276.681536423,31866988.58679301,22438.902439024394,9431930.913995685,31866038.598282453,22438.902439024394
9432326.655471424,31867508.31656986,21951.121951219513,14.237358177473073,9432030.861865686,31867078.057836156,21463.341463414636,9432376.629406422,31868028.04634671,21463.341463414636,9432622.449077161,31867938.575303566,22438.902439024394,9432276.681536423,31866988.58679301,22438.902439024394
9432672.423012162,31868458.305080418,21951.121951219513,14.8038731709055,9432376.629406422,31868028.04634671,21463.341463414636,9432722.39694716,31868978.03485727,21463.341463414636,9432968.216617899,31868888.563814122,22438.902439024394,9432622.449077161,31867938.575303566,22438.902439024394
9433018.190552898,31869408.293590974,21951.121951219513,13.93113133938043,9432722.39694716,31868978.03485727,21463.341463414636,9433068.164487896,31869928.023367822,21463.341463414636,9433313.984158637,31869838.552324675,22438.902439024394,9432968.216617899,31868888.563814122,22438.902439024394
9433363.958093636,31870358.282101527,21951.121951219513,14.452937308541777,9433068.164487896,31869928.023367822,21463.341463414636,9433413.932028636,31870878.01187838,21463.341463414636,9433659.751699373,31870788.540835235,22438.902439024394,9433313.984158637,31869838.552324675,22438.902439024394
9433709.725634374,31871308.270612087,21951.121951219513,13.646546567239037,9433413.932028636,31870878.01187838,21463.341463414636,9433759.699569372,31871828.00038894,21463.341463414636,9434005.519240111,31871738.529345788,22438.902439024394,9433659.751699373,31870788.540835235,22438.902439024394
9434055.49317511,31872258.259122647,21951.121951219513,11.574168205581708,9433759.699569372,31871828.00038894,21463.341463414636,9434105.46711011,31872777.98889949,21463.341463414636,9434351.28678085,31872688.517856345,22438.902439024394,9434005.519240111,31871738.529345788,22438.902439024394
9434401.260715848,31873208.247633196,21951.121951219513,10.27250383115083,9434105.46711011,31872777.98889949,21463.341463414636,9434451.234650847,31873727.97741005,21463.341463414636,9434697.054321587,31873638.506366905,22438.902439024394,9434351.28678085,31872688.517856345,22438.902439024394
9434747.028256584,31874158.236143757,21951.121951219513,7.36084184326377,9434451.234650847,31873727.97741005,21463.341463414636,9434797.002191585,31874677.96592061,21463.341463414636,9435042.821862323,31874588.49487746,22438.902439024394,9434697.054321587,31873638.506366905,22438.902439024394
9435092.795797322,31875108.224654317,21951.121951219513,8.84684725559287,9434797.002191585,31874677.96592061,21463.341463414636,9435142.76973232,31875627.95443116,21463.341463414636,9435388.589403061,31875538.483388018,22438.902439024394,9435042.821862323,31874588.49487746,22438.902439024394
9435438.563338058,31876058.213164866,21951.121951219513,10.24966965050755,9435142.76973232,31875627.95443116,21463.341463414636,9435488.53727306,31876577.94294172,21463.341463414636,9435734.356943797,31876488.471898574,22438.902439024394,9435388.589403061,31875538.483388018,22438.902439024394
9435784.330878798,31877008.201675422,21951.121951219513,9.960966032063142,9435488.53727306,31876577.94294172,21463.341463414636,9435834.304813799,31877527.931452274,21463.341463414636,9436080.124484535,31877438.460409127,22438.902439024394,9435734.356943797,31876488.471898574,22438.902439024394
9436130.098419536,31877958.19018598,21951.121951219513,6.927264836047925,9435834.304813799,31877527.931452274,21463.341463414636,9436180.072354535,31878477.91996283,21463.341463414636,9436425.892025271,31878388.448919687,22438.902439024394,9436080.124484535,31877438.460409127,22438.902439024394
9436475.865960274,31878908.178696536,21951.121951219513,5.4408724849100185,9436180.072354535,31878477.91996283,21463.341463414636,9436525.839895273,31879427.90847339,21463.341463414636,9436771.659566011,31879338.437430244,22438.902439024394,9436425.892025271,31878388.448919687,22438.902439024394
9436821.63350101,31879858.167207096,21951.121951219513,6.145797900043137,9436525.839895273,31879427.90847339,21463.341463414636,9436871.607436009,31880377.896983944,21463.341463414636,9437117.42710675,31880288.425940797,22438.902439024394,9436771.659566011,31879338.437430244,22438.902439024394
9437167.401041748,31880808.15571765,21951.121951219513,5.083289934930292,9436871.607436009,31880377.896983944,21463.341463414636,9437217.374976747,31881327.8854945,21463.341463414636,9437463.194647485,31881238.414451357,22438.902439024394,9437117.42710675,31880288.425940797,22438.902439024394
9437513.168582484,31881758.144228205,21951.121951219513,4.777825265170387,9437217.374976747,31881327.8854945,21463.341463414636,9437563.142517483,31882277.874005057,21463.341463414636,9437808.962188223,31882188.40296191,22438.902439024394,9437463.194647485,31881238.414451357,22438.902439024394
9437858.936123222,31882708.132738765,21951.121951219513,4.701473278041864,9437563.142517483,31882277.874005057,21463.341463414636,9437908.910058223,31883227.862515613,21463.341463414636,9438154.72972896,31883138.39147247,22438.902439024394,9437808.962188223,31882188.40296191,22438.902439024394
9438204.70366396,31883658.121249318,21951.121951219513,4.795548939476712,9437908.910058223,31883227.862515613,21463.341463414636,9438254.677598959,31884177.851026174,21463.341463414636,9438500.497269697,31884088.379983027,22438.902439024394,9438154.72972896,31883138.39147247,22438.902439024394
9438550.471204696,31884608.109759875,21951.121951219513,4.843108754895302,9438254.677598959,31884177.851026174,21463.341463414636,9438600.445139697,31885127.839536726,21463.341463414636,9438846.264810435,31885038.36849358,22438.902439024394,9438500.497269697,31884088.379983027,22438.902439024394
9438896.238745434,31885558.098270435,21951.121951219513,4.144951784239346,9438600.445139697,31885127.839536726,21463.341463414636,9438946.212680433,31886077.828047283,21463.341463414636,9439192.032351173,31885988.35700414,22438.902439024394,9438846.264810435,31885038.36849358,22438.902439024394
9439242.00628617,31886508.086780988,21951.121951219513,3.7573934335524464,9438946.212680433,31886077.828047283,21463.341463414636,9439291.980221173,31887027.816557843,21463.341463414636,9439537.79989191,31886938.345514696,22438.902439024394,9439192.032351173,31885988.35700414,22438.902439024394
9439587.77382691,31887458.075291548,21951.121951219513,4.2479653645854745,9439291.980221173,31887027.816557843,21463.341463414636,9439637.747761909,31887977.805068396,21463.341463414636,9439883.567432648,31887888.33402525,22438.902439024394,9439537.79989191,31886938.345514696,22438.902439024394
9439933.541367646,31888408.063802104,21951.121951219513,6.155525529931266,9439637.747761909,31887977.805068396,21463.341463414636,9439983.515302647,31888927.793578953,21463.341463414636,9440229.334973384,31888838.32253581,22438.902439024394,9439883.567432648,31887888.33402525,22438.902439024394
9440279.308908384,31889358.052312657,21951.121951219513,6.007844941199629,9439983.515302647,31888927.793578953,21463.341463414636,9440329.282843385,31889877.78208951,21463.341463414636,9440575.102514122,31889788.311046362,22438.902439024394,9440229.334973384,31888838.32253581,22438.902439024394
9440625.076449122,31890308.040823214,21951.121951219513,5.631427229199904,9440329.282843385,31889877.78208951,21463.341463414636,9440675.050384121,31890827.770600066,21463.341463414636,9440920.870054862,31890738.299556922,22438.902439024394,9440575.102514122,31889788.311046362,22438.902439024394
9440970.84398986,31891258.029333774,21951.121951219513,3.9042014042175355,9440675.050384121,31890827.770600066,21463.341463414636,9441020.817924859,31891777.759110626,21463.341463414636,9441266.637595598,31891688.28806748,22438.902439024394,9440920.870054862,31890738.299556922,22438.902439024394
9441316.611530598,31892208.017844327,21951.121951219513,2.5330069276313067,9441020.817924859,31891777.759110626,21463.341463414636,9441366.585465597,31892727.747621182,21463.341463414636,9441612.405136336,31892638.27657803,22438.902439024394,9441266.637595598,31891688.28806748,22438.902439024394
9441662.379071334,31893158.006354887,21951.121951219513,2.3509550116446074,9441366.585465597,31892727.747621182,21463.341463414636,9441712.353006335,31893677.736131735,21463.341463414636,9441958.172677072,31893588.26508859,22438.902439024394,9441612.405136336,31892638.27657803,22438.902439024394
9442008.146612072,31894107.994865444,21951.121951219513,3.3271677848840215,9441712.353006335,31893677.736131735,21463.341463414636,9442058.120547071,31894627.724642295,21463.341463414636,9442303.940217812,31894538.25359915,22438.902439024394,9441958.172677072,31893588.26508859,22438.902439024394
9421853.6813793,31837969.201699458,22926.68292682927,3.71886322488544,9421557.887773562,31837538.942965757,22438.902439024394,9421903.6553143,31838488.931476314,22438.902439024394,9422149.474985037,31838399.460433163,23414.46341463415,9421803.7074443,31837449.47192261,23414.46341463415
9422199.448920038,31838919.190210015,22926.68292682927,3.352891255277721,9421903.6553143,31838488.931476314,22438.902439024394,9422249.422855036,31839438.919986866,22438.902439024394,9422495.242525777,31839349.448943723,23414.46341463415,9422149.474985037,31838399.460433163,23414.46341463415
9422545.216460774,31839869.17872057,22926.68292682927,3.185698937393802,9422249.422855036,31839438.919986866,22438.902439024394,9422595.190395774,31840388.908497427,22438.902439024394,9422841.010066513,31840299.43745428,23414.46341463415,9422495.242525777,31839349.448943723,23414.46341463415
9422890.984001512,31840819.16723113,22926.68292682927,2.8388147338674004,9422595.190395774,31840388.908497427,22438.902439024394,9422940.957936512,31841338.897007983,22438.902439024394,9423186.777607251,31841249.425964836,23414.46341463415,9422841.010066513,31840299.43745428,23414.46341463415
9423236.75154225,31841769.155741684,22926.68292682927,1.9076134543112087,9422940.957936512,31841338.897007983,22438.902439024394,9423286.72547725,31842288.885518536,22438.902439024394,9423532.545147987,31842199.414475393,23414.46341463415,9423186.777607251,31841249.425964836,23414.46341463415
9423582.519082988,31842719.14425224,22926.68292682927,1.0917310354999263,9423286.72547725,31842288.885518536,22438.902439024394,9423632.493017986,31843238.874029096,22438.902439024394,9423878.312688727,31843149.40298595,23414.46341463415,9423532.545147987,31842199.414475393,23414.46341463415
9423928.286623726,31843669.1327628,22926.68292682927,1.4400355779234029,9423632.493017986,31843238.874029096,22438.902439024394,9423978.260558724,31844188.86253965,22438.902439024394,9424224.080229463,31844099.391496506,23414.46341463415,9423878.312688727,31843149.40298595,23414.46341463415
9424274.054164462,31844619.121273354,22926.68292682927,1.261557374048802,9423978.260558724,31844188.86253965,22438.902439024394,9424324.02809946,31845138.85105021,22438.902439024394,9424569.847770201,31845049.380007062,23414.46341463415,9424224.080229463,31844099.391496506,23414.46341463415
9424619.8217052,31845569.10978391,22926.68292682927,1.8707262465732877,9424324.02809946,31845138.85105021,22438.902439024394,9424669.795640199,31846088.839560766,22438.902439024394,9424915.615310937,31845999.36851762,23414.46341463415,9424569.847770201,31845049.380007062,23414.46341463415
9424965.589245938,31846519.09829447,22926.68292682927,1.2196802421244939,9424669.795640199,31846088.839560766,22438.902439024394,9425015.563180938,31847038.82807132,22438.902439024394,9425261.382851675,31846949.357028175,23414.46341463415,9424915.615310937,31845999.36851762,23414.46341463415
9425311.356786676,31847469.086805023,22926.68292682927,0.9582722805390272,9425015.563180938,31847038.82807132,22438.902439024394,9425361.330721674,31847988.81658188,22438.902439024394,9425607.150392413,31847899.34553873,23414.46341463415,9425261.382851675,31846949.357028175,23414.46341463415
9425657.124327412,31848419.075315583,22926.68292682927,0.6617531877838264,9425361.330721674,31847988.81658188,22438.902439024394,9425707.098262412,31848938.805092435,22438.902439024394,9425952.917933151,31848849.33404929,23414.46341463415,9425607.150392413,31847899.34553873,23414.46341463415
9426002.89186815,31849369.06382614,22926.68292682927,0.5445882111076994,9425707.098262412,31848938.805092435,22438.902439024394,9426052.865803149,31849888.793602988,22438.902439024394,9426298.68547389,31849799.322559845,23414.46341463415,9425952.917933151,31848849.33404929,23414.46341463415
9426348.659408886,31850319.052336693,22926.68292682927,1.002064839151001,9426052.865803149,31849888.793602988,22438.902439024394,9426398.633343887,31850838.78211355,22438.902439024394,9426644.453014625,31850749.3110704,23414.46341463415,9426298.68547389,31849799.322559845,23414.46341463415
9426694.426949624,31851269.040847253,22926.68292682927,1.5358012678945523,9426398.633343887,31850838.78211355,22438.902439024394,9426744.400884623,31851788.7706241,22438.902439024394,9426990.220555363,31851699.299580958,23414.46341463415,9426644.453014625,31850749.3110704,23414.46341463415
9427040.19449036,31852219.02935781,22926.68292682927,1.969032908091031,9426744.400884623,31851788.7706241,22438.902439024394,9427090.168425363,31852738.75913466,22438.902439024394,9427335.9880961,31852649.288091514,23414.46341463415,9426990.220555363,31851699.299580958,23414.46341463415
9427385.9620311,31853169.017868362,22926.68292682927,3.6859134768962174,9427090.168425363,31852738.75913466,22438.902439024394,9427435.935966099,31853688.747645218,22438.902439024394,9427681.755636837,31853599.27660207,23414.46341463415,9427335.9880961,31852649.288091514,23414.46341463415
9427731.729571838,31854119.006378923,22926.68292682927,4.687653437100707,9427435.935966099,31853688.747645218,22438.902439024394,9427781.703506837,31854638.736155774,22438.902439024394,9428027.523177575,31854549.265112627,23414.46341463415,9427681.755636837,31853599.27660207,23414.46341463415
9428077.497112574,31855068.99488948,22926.68292682927,5.010655362858862,9427781.703506837,31854638.736155774,22438.902439024394,9428127.471047573,31855588.72466633,22438.902439024394,9428373.290718313,31855499.253623184,23414.46341463415,9428027.523177575,31854549.265112627,23414.46341463415
9428423.264653312,31856018.983400036,22926.68292682927,7.6621115854142205,9428127.471047573,31855588.72466633,22438.902439024394,9428473.238588313,31856538.713176887,22438.902439024394,9428719.05825905,31856449.24213374,23414.46341463415,9428373.290718313,31855499.253623184,23414.46341463415
9428769.03219405,31856968.971910592,22926.68292682927,10.174594571733381,9428473.238588313,31856538.713176887,22438.902439024394,9428819.00612905,31857488.70168744,22438.902439024394,9429064.825799787,31857399.230644297,23414.46341463415,9428719.05825905,31856449.24213374,23414.46341463415
9429114.799734786,31857918.96042115,22926.68292682927,12.134834681855795,9428819.00612905,31857488.70168744,22438.902439024394,9429164.773669787,31858438.690198,22438.902439024394,9429410.593340524,31858349.219154853,23414.46341463415,9429064.825799787,31857399.230644297,23414.46341463415
9429460.567275524,31858868.948931705,22926.68292682927,12.233757824754091,9429164.773669787,31858438.690198,22438.902439024394,9429510.541210525,31859388.678708553,22438.902439024394,9429756.360881263,31859299.20766541,23414.46341463415,9429410.593340524,31858349.219154853,23414.46341463415
9429806.334816262,31859818.93744226,22926.68292682927,13.84029351791925,9429510.541210525,31859388.678708553,22438.902439024394,9429856.30875126,31860338.667219114,22438.902439024394,9430102.128422001,31860249.196175966,23414.46341463415,9429756.360881263,31859299.20766541,23414.46341463415
9430152.102356998,31860768.92595282,22926.68292682927,14.439627724170043,9429856.30875126,31860338.667219114,22438.902439024394,9430202.076291999,31861288.65572967,22438.902439024394,9430447.895962738,31861199.184686523,23414.46341463415,9430102.128422001,31860249.196175966,23414.46341463415
9430497.869897736,31861718.914463375,22926.68292682927,13.134381184108477,9430202.076291999,31861288.65572967,22438.902439024394,9430547.843832735,31862238.644240223,22438.902439024394,9430793.663503475,31862149.17319708,23414.46341463415,9430447.895962738,31861199.184686523,23414.46341463415
9430843.637438472,31862668.90297393,22926.68292682927,14.803125894349739,9430547.843832735,31862238.644240223,22438.902439024394,9430893.611373475,31863188.632750783,22438.902439024394,9431139.431044212,31863099.161707636,23414.46341463415,9430793.663503475,31862149.17319708,23414.46341463415
9431189.404979212,31863618.89148449,22926.68292682927,14.066234411869788,9430893.611373475,31863188.632750783,22438.902439024394,9431239.378914211,31864138.621261336,22438.902439024394,9431485.19858495,31864049.15021819,23414.46341463415,9431139.431044212,31863099.161707636,23414.46341463415
9431535.17251995,31864568.87999504,22926.68292682927,11.55827940134866,9431239.378914211,31864138.621261336,22438.902439024394,9431585.146454949,31865088.609771892,22438.902439024394,9431830.966125688,31864999.13872875,23414.46341463415,9431485.19858495,31864049.15021819,23414.46341463415
9431880.940060686,31865518.8685056,22926.68292682927,10.987499025389985,9431585.146454949,31865088.609771892,22438.902439024394,9431930.913995685,31866038.598282453,22438.902439024394,9432176.733666426,31865949.127239306,23414.46341463415,9431830.966125688,31864999.13872875,23414.46341463415
9432226.707601424,31866468.85701616,22926.68292682927,9.845183937131756,9431930.913995685,31866038.598282453,22438.902439024394,9432276.681536423,31866988.58679301,22438.902439024394,9432522.501207162,31866899.115749862,23414.46341463415,9432176.733666426,31865949.127239306,23414.46341463415
9432572.47514216,31867418.84552671,22926.68292682927,9.650747888923044,9432276.681536423,31866988.58679301,22438.902439024394,9432622.449077161,31867938.575303566,22438.902439024394,9432868.2687479,31867849.10426042,23414.46341463415,9432522.501207162,31866899.115749862,23414.46341463415
9432918.242682898,31868368.83403727,22926.68292682927,10.248515089855122,9432622.449077161,31867938.575303566,22438.902439024394,9432968.216617899,31868888.563814122,22438.902439024394,9433214.036288636,31868799.092770975,23414.46341463415,9432868.2687479,31867849.10426042,23414.46341463415
9433264.010223636,31869318.82254783,22926.68292682927,13.004212010906416,9432968.216617899,31868888.563814122,22438.902439024394,9433313.984158637,31869838.552324675,22438.902439024394,9433559.803829374,31869749.08128153,23414.46341463415,9433214.036288636,31868799.092770975,23414.46341463415
9433609.777764374,31870268.81105838,22926.68292682927,14.67834182920709,9433313.984158637,31869838.552324675,22438.902439024394,9433659.751699373,31870788.540835235,22438.902439024394,9433905.571370114,31870699.069792088,23414.46341463415,9433559.803829374,31869749.08128153,23414.46341463415
9433955.54530511,31871218.79956894,22926.68292682927,11.512227340097544,9433659.751699373,31870788.540835235,22438.902439024394,9434005.519240111,31871738.529345788,22438.902439024394,9434251.33891085,31871649.05830264,23414.46341463415,9433905.571370114,31870699.069792088,23414.46341463415
9434301.312845849,31872168.788079493,22926.68292682927,10.14687613053755,9434005.519240111,31871738.529345788,22438.902439024394,9434351.28678085,31872688.517856345,22438.902439024394,9434597.106451588,31872599.0468132,23414.46341463415,9434251.33891085,31871649.05830264,23414.46341463415
9434647.080386586,31873118.77659005,22926.68292682927,9.136693425626273,9434351.28678085,31872688.517856345,22438.902439024394,9434697.054321587,31873638.506366905,22438.902439024394,9434942.873992324,31873549.035323758,23414.46341463415,9434597.106451588,31872599.0468132,23414.46341463415
9434992.847927324,31874068.765100613,22926.68292682927,9.834389126063048,9434697.054321587,31873638.506366905,22438.902439024394,9435042.821862323,31874588.49487746,22438.902439024394,9435288.641533062,31874499.023834318,23414.46341463415,9434942.873992324,31873549.035323758,23414.46341463415
9435338.61546806,31875018.75361117,22926.68292682927,11.385968532696976,9435042.821862323,31874588.49487746,22438.902439024394,9435388.589403061,31875538.483388018,22438.902439024394,9435634.409073798,31875449.01234487,23414.46341463415,9435288.641533062,31874499.023834318,23414.46341463415
9435684.383008799,31875968.74212172,22926.68292682927,11.872463238496108,9435388.589403061,31875538.483388018,22438.902439024394,9435734.356943797,31876488.471898574,22438.902439024394,9435980.176614538,31876399.000855427,23414.46341463415,9435634.409073798,31875449.01234487,23414.46341463415
9436030.150549537,31876918.73063228,22926.68292682927,9.977410079563409,9435734.356943797,31876488.471898574,22438.902439024394,9436080.124484535,31877438.460409127,22438.902439024394,9436325.944155274,31877348.989365984,23414.46341463415,9435980.176614538,31876399.000855427,23414.46341463415
9436375.918090273,31877868.71914283,22926.68292682927,8.304170509355172,9436080.124484535,31877438.460409127,22438.902439024394,9436425.892025271,31878388.448919687,22438.902439024394,9436671.711696012,31878298.97787654,23414.46341463415,9436325.944155274,31877348.989365984,23414.46341463415
9436721.68563101,31878818.707653392,22926.68292682927,8.561403034072228,9436425.892025271,31878388.448919687,22438.902439024394,9436771.659566011,31879338.437430244,22438.902439024394,9437017.479236748,31879248.966387097,23414.46341463415,9436671.711696012,31878298.97787654,23414.46341463415
9437067.453171749,31879768.69616395,22926.68292682927,8.799326733758981,9436771.659566011,31879338.437430244,22438.902439024394,9437117.42710675,31880288.425940797,22438.902439024394,9437363.246777486,31880198.954897653,23414.46341463415,9437017.479236748,31879248.966387097,23414.46341463415
9437413.220712487,31880718.6846745,22926.68292682927,8.680191322940294,9437117.42710675,31880288.425940797,22438.902439024394,9437463.194647485,31881238.414451357,22438.902439024394,9437709.014318224,31881148.94340821,23414.46341463415,9437363.246777486,31880198.954897653,23414.46341463415
9437758.988253223,31881668.67318506,22926.68292682927,6.95570507561223,9437463.194647485,31881238.414451357,22438.902439024394,9437808.962188223,31882188.40296191,22438.902439024394,9438054.781858962,31882098.931918766,23414.46341463415,9437709.014318224,31881148.94340821,23414.46341463415
9438104.75579396,31882618.66169562,22926.68292682927,5.502127889109977,9437808.962188223,31882188.40296191,22438.902439024394,9438154.72972896,31883138.39147247,22438.902439024394,9438400.5493997,31883048.920429323,23414.46341463415,9438054.781858962,31882098.931918766,23414.46341463415
9438450.523334697,31883568.65020617,22926.68292682927,4.3498714520200945,9438154.72972896,31883138.39147247,22438.902439024394,9438500.497269697,31884088.379983027,22438.902439024394,9438746.316940436,31883998.908939876,23414.46341463415,9438400.5493997,31883048.920429323,23414.46341463415
9438796.290875435,31884518.63871673,22926.68292682927,4.485478627296947,9438500.497269697,31884088.379983027,22438.902439024394,9438846.264810435,31885038.36849358,22438.902439024394,9439092.084481174,31884948.897450436,23414.46341463415,9438746.316940436,31883998.908939876,23414.46341463415
9439142.058416173,31885468.627227288,22926.68292682927,4.644844037894803,9438846.264810435,31885038.36849358,22438.902439024394,9439192.032351173,31885988.35700414,22438.902439024394,9439437.85202191,31885898.885960992,23414.46341463415,9439092.084481174,31884948.897450436,23414.46341463415
9439487.82595691,31886418.615737844,22926.68292682927,4.426965454655172,9439192.032351173,31885988.35700414,22438.902439024394,9439537.79989191,31886938.345514696,22438.902439024394,9439783.61956265,31886848.87447155,23414.46341463415,9439437.85202191,31885898.885960992,23414.46341463415
9439833.593497649,31887368.6042484,22926.68292682927,4.989552096631093,9439537.79989191,31886938.345514696,22438.902439024394,9439883.567432648,31887888.33402525,22438.902439024394,9440129.387103386,31887798.862982105,23414.46341463415,9439783.61956265,31886848.87447155,23414.46341463415
9440179.361038385,31888318.592758957,22926.68292682927,5.657992311112774,9439883.567432648,31887888.33402525,22438.902439024394,9440229.334973384,31888838.32253581,22438.902439024394,9440475.154644124,31888748.851492662,23414.46341463415,9440129.387103386,31887798.862982105,23414.46341463415
9440525.128579123,31889268.581269514,22926.68292682927,5.5098337211995245,9440229.334973384,31888838.32253581,22438.902439024394,9440575.102514122,31889788.311046362,22438.902439024394,9440820.92218486,31889698.84000322,23414.46341463415,9440475.154644124,31888748.851492662,23414.46341463415
9440870.896119861,31890218.569780067,22926.68292682927,4.034695087581674,9440575.102514122,31889788.311046362,22438.902439024394,9440920.870054862,31890738.299556922,22438.902439024394,9441166.689725598,31890648.828513775,23414.46341463415,9440820.92218486,31889698.84000322,23414.46341463415
9441216.663660597,31891168.558290627,22926.68292682927,2.9355757020635997,9440920.870054862,31890738.299556922,22438.902439024394,9441266.637595598,31891688.28806748,22438.902439024394,9441512.457266334,31891598.81702433,23414.46341463415,9441166.689725598,31890648.828513775,23414.46341463415
9441562.431201335,31892118.546801183,22926.68292682927,2.196379076810878,9441266.637595598,31891688.28806748,22438.902439024394,9441612.405136336,31892638.27657803,22438.902439024394,9441858.224807074,31892548.805534888,23414.46341463415,9441512.457266334,31891598.81702433,23414.46341463415
9441908.198742073,31893068.535311736,22926.68292682927,2.0438247150094493,9441612.405136336,31892638.27657803,22438.902439024394,9441958.172677072,31893588.26508859,22438.902439024394,9442203.992347812,31893498.794045445,23414.46341463415,9441858.224807074,31892548.805534888,23414.46341463415
9442253.96628281,31894018.5238223,22926.68292682927,2.804908848582835,9441958.172677072,31893588.26508859,22438.902439024394,9442303.940217812,31894538.25359915,22438.902439024394,9442549.759888548,31894448.782556,23414.46341463415,9442203.992347812,31893498.794045445,23414.46341463415
9422099.501050038,31837879.730656315,23902.24390243903,3.334664922821363,9421803.7074443,31837449.47192261,23414.46341463415,9422149.474985037,31838399.460433163,23414.46341463415,9422395.294655776,31838309.98939002,24390.024390243903,9422049.52711504,31837360.000879463,24390.024390243903
9422445.268590774,31838829.719166867,23902.24390243903,3.292504979868934,9422149.474985037,31838399.460433163,23414.46341463415,9422495.242525777,31839349.448943723,23414.46341463415,9422741.062196514,31839259.977900576,24390.024390243903,9422395.294655776,31838309.98939002,24390.024390243903
9422791.036131514,31839779.707677428,23902.24390243903,2.7125674305544094,9422495.242525777,31839349.448943723,23414.46341463415,9422841.010066513,31840299.43745428,23414.46341463415,9423086.829737252,31840209.966411132,24390.024390243903,9422741.062196514,31839259.977900576,24390.024390243903
9423136.80367225,31840729.696187984,23902.24390243903,2.407548030791113,9422841.010066513,31840299.43745428,23414.46341463415,9423186.777607251,31841249.425964836,23414.46341463415,9423432.59727799,31841159.954921693,24390.024390243903,9423086.829737252,31840209.966411132,24390.024390243903
9423482.57121299,31841679.684698537,23902.24390243903,1.6425690545461165,9423186.777607251,31841249.425964836,23414.46341463415,9423532.545147987,31842199.414475393,23414.46341463415,9423778.364818728,31842109.943432245,24390.024390243903,9423432.59727799,31841159.954921693,24390.024390243903
9423828.338753726,31842629.673209097,23902.24390243903,1.1608075404305953,9423532.545147987,31842199.414475393,23414.46341463415,9423878.312688727,31843149.40298595,23414.46341463415,9424124.132359464,31843059.931942806,24390.024390243903,9423778.364818728,31842109.943432245,24390.024390243903
9424174.106294464,31843579.661719654,23902.24390243903,1.6501487893174793,9423878.312688727,31843149.40298595,23414.46341463415,9424224.080229463,31844099.391496506,23414.46341463415,9424469.899900202,31844009.92045336,24390.024390243903,9424124.132359464,31843059.931942806,24390.024390243903
9424519.8738352,31844529.650230207,23902.24390243903,1.164452743489396,9424224.080229463,31844099.391496506,23414.46341463415,9424569.847770201,31845049.380007062,23414.46341463415,9424815.66744094,31844959.908963915,24390.024390243903,9424469.899900202,31844009.92045336,24390.024390243903
9424865.641375938,31845479.638740767,23902.24390243903,1.2642664712215153,9424569.847770201,31845049.380007062,23414.46341463415,9424915.615310937,31845999.36851762,23414.46341463415,9425161.434981678,31845909.89747447,24390.024390243903,9424815.66744094,31844959.908963915,24390.024390243903
9425211.408916675,31846429.627251323,23902.24390243903,1.2334103963725747,9424915.615310937,31845999.36851762,23414.46341463415,9425261.382851675,31846949.357028175,23414.46341463415,9425507.202522414,31846859.885985028,24390.024390243903,9425161.434981678,31845909.89747447,24390.024390243903
9425557.176457413,31847379.61576188,23902.24390243903,1.1769162307047787,9425261.382851675,31846949.357028175,23414.46341463415,9425607.150392413,31847899.34553873,23414.46341463415,9425852.970063152,31847809.874495585,24390.024390243903,9425507.202522414,31846859.885985028,24390.024390243903
9425902.943998149,31848329.604272436,23902.24390243903,0.9239850008644294,9425607.150392413,31847899.34553873,23414.46341463415,9425952.917933151,31848849.33404929,23414.46341463415,9426198.737603888,31848759.863006145,24390.024390243903,9425852.970063152,31847809.874495585,24390.024390243903
9426248.711538889,31849279.592782993,23902.24390243903,0.9703284075747003,9425952.917933151,31848849.33404929,23414.46341463415,9426298.68547389,31849799.322559845,23414.46341463415,9426544.505144626,31849709.851516698,24390.024390243903,9426198.737603888,31848759.863006145,24390.024390243903
9426594.479079628,31850229.58129355,23902.24390243903,1.443622194990709,9426298.68547389,31849799.322559845,23414.46341463415,9426644.453014625,31850749.3110704,23414.46341463415,9426890.272685366,31850659.840027258,24390.024390243903,9426544.505144626,31849709.851516698,24390.024390243903
9426940.246620363,31851179.569804106,23902.24390243903,1.3219738051187948,9426644.453014625,31850749.3110704,23414.46341463415,9426990.220555363,31851699.299580958,23414.46341463415,9427236.040226102,31851609.82853781,24390.024390243903,9426890.272685366,31850659.840027258,24390.024390243903
9427286.014161102,31852129.558314662,23902.24390243903,1.6669570749095863,9426990.220555363,31851699.299580958,23414.46341463415,9427335.9880961,31852649.288091514,23414.46341463415,9427581.80776684,31852559.817048367,24390.024390243903,9427236.040226102,31851609.82853781,24390.024390243903
9427631.781701837,31853079.54682522,23902.24390243903,2.9780227090780005,9427335.9880961,31852649.288091514,23414.46341463415,9427681.755636837,31853599.27660207,23414.46341463415,9427927.575307576,31853509.805558927,24390.024390243903,9427581.80776684,31852559.817048367,24390.024390243903
9427977.549242577,31854029.535335775,23902.24390243903,4.220133242460919,9427681.755636837,31853599.27660207,23414.46341463415,9428027.523177575,31854549.265112627,23414.46341463415,9428273.342848314,31854459.79406948,24390.024390243903,9427927.575307576,31853509.805558927,24390.024390243903
9428323.316783313,31854979.523846336,23902.24390243903,4.504643658888233,9428027.523177575,31854549.265112627,23414.46341463415,9428373.290718313,31855499.253623184,23414.46341463415,9428619.11038905,31855409.782580037,24390.024390243903,9428273.342848314,31854459.79406948,24390.024390243903
9428669.08432405,31855929.51235689,23902.24390243903,6.636071101833433,9428373.290718313,31855499.253623184,23414.46341463415,9428719.05825905,31856449.24213374,23414.46341463415,9428964.87792979,31856359.771090597,24390.024390243903,9428619.11038905,31855409.782580037,24390.024390243903
9429014.851864787,31856879.500867445,23902.24390243903,9.668847229529097,9428719.05825905,31856449.24213374,23414.46341463415,9429064.825799787,31857399.230644297,23414.46341463415,9429310.645470526,31857309.75960115,24390.024390243903,9428964.87792979,31856359.771090597,24390.024390243903
9429360.619405525,31857829.489378005,23902.24390243903,10.633731830759846,9429064.825799787,31857399.230644297,23414.46341463415,9429410.593340524,31858349.219154853,23414.46341463415,9429656.413011264,31858259.748111706,24390.024390243903,9429310.645470526,31857309.75960115,24390.024390243903
9429706.38694626,31858779.477888554,23902.24390243903,11.431987690020213,9429410.593340524,31858349.219154853,23414.46341463415,9429756.360881263,31859299.20766541,23414.46341463415,9430002.180552,31859209.736622263,24390.024390243903,9429656.413011264,31858259.748111706,24390.024390243903
9430052.154487,31859729.466399115,23902.24390243903,10.833764082403457,9429756.360881263,31859299.20766541,23414.46341463415,9430102.128422001,31860249.196175966,23414.46341463415,9430347.948092738,31860159.72513282,24390.024390243903,9430002.180552,31859209.736622263,24390.024390243903
9430397.922027739,31860679.454909675,23902.24390243903,12.230864025420521,9430102.128422001,31860249.196175966,23414.46341463415,9430447.895962738,31861199.184686523,23414.46341463415,9430693.715633474,31861109.71364338,24390.024390243903,9430347.948092738,31860159.72513282,24390.024390243903
9430743.689568475,31861629.443420228,23902.24390243903,13.500741662495104,9430447.895962738,31861199.184686523,23414.46341463415,9430793.663503475,31862149.17319708,23414.46341463415,9431039.483174212,31862059.702153932,24390.024390243903,9430693.715633474,31861109.71364338,24390.024390243903
9431089.457109215,31862579.431930788,23902.24390243903,14.91114554317908,9430793.663503475,31862149.17319708,23414.46341463415,9431139.431044212,31863099.161707636,23414.46341463415,9431385.250714952,31863009.69066449,24390.024390243903,9431039.483174212,31862059.702153932,24390.024390243903
9431435.224649949,31863529.420441344,23902.24390243903,12.856032510088127,9431139.431044212,31863099.161707636,23414.46341463415,9431485.19858495,31864049.15021819,23414.46341463415,9431731.018255688,31863959.679175045,24390.024390243903,9431385.250714952,31863009.69066449,24390.024390243903
9431780.992190689,31864479.408951893,23902.24390243903,14.656502858952171,9431485.19858495,31864049.15021819,23414.46341463415,9431830.966125688,31864999.13872875,23414.46341463415,9432076.785796426,31864909.6676856,24390.024390243903,9431731.018255688,31863959.679175045,24390.024390243903
9432126.759731425,31865429.397462457,23902.24390243903,14.400236692575755,9431830.966125688,31864999.13872875,23414.46341463415,9432176.733666426,31865949.127239306,23414.46341463415,9432422.553337162,31865859.656196162,24390.024390243903,9432076.785796426,31864909.6676856,24390.024390243903
9432472.527272163,31866379.385973014,23902.24390243903,13.747225898210026,9432176.733666426,31865949.127239306,23414.46341463415,9432522.501207162,31866899.115749862,23414.46341463415,9432768.320877902,31866809.644706715,24390.024390243903,9432422.553337162,31865859.656196162,24390.024390243903
9432818.2948129,31867329.374483563,23902.24390243903,11.047119768806233,9432522.501207162,31866899.115749862,23414.46341463415,9432868.2687479,31867849.10426042,23414.46341463415,9433114.088418638,31867759.63321727,24390.024390243903,9432768.320877902,31866809.644706715,24390.024390243903
9433164.062353637,31868279.362994127,23902.24390243903,9.309017942846245,9432868.2687479,31867849.10426042,23414.46341463415,9433214.036288636,31868799.092770975,23414.46341463415,9433459.855959376,31868709.62172783,24390.024390243903,9433114.088418638,31867759.63321727,24390.024390243903
9433509.829894373,31869229.351504683,23902.24390243903,10.093440199486668,9433214.036288636,31868799.092770975,23414.46341463415,9433559.803829374,31869749.08128153,23414.46341463415,9433805.623500112,31869659.610238384,24390.024390243903,9433459.855959376,31868709.62172783,24390.024390243903
9433855.597435111,31870179.340015236,23902.24390243903,11.342665289955425,9433559.803829374,31869749.08128153,23414.46341463415,9433905.571370114,31870699.069792088,23414.46341463415,9434151.39104085,31870609.59874894,24390.024390243903,9433805.623500112,31869659.610238384,24390.024390243903
9434201.36497585,31871129.328525793,23902.24390243903,10.032638193889497,9433905.571370114,31870699.069792088,23414.46341463415,9434251.33891085,31871649.05830264,23414.46341463415,9434497.158581587,31871559.587259497,24390.024390243903,9434151.39104085,31870609.59874894,24390.024390243903
9434547.132516587,31872079.317036346,23902.24390243903,12.072927176247294,9434251.33891085,31871649.05830264,23414.46341463415,9434597.106451588,31872599.0468132,23414.46341463415,9434842.926122326,31872509.575770054,24390.024390243903,9434497.158581587,31871559.587259497,24390.024390243903
9434892.900057327,31873029.305546906,23902.24390243903,11.46044512183611,9434597.106451588,31872599.0468132,23414.46341463415,9434942.873992324,31873549.035323758,23414.46341463415,9435188.693663064,31873459.564280614,24390.024390243903,9434842.926122326,31872509.575770054,24390.024390243903
9435238.667598061,31873979.294057466,23902.24390243903,11.925226218739171,9434942.873992324,31873549.035323758,23414.46341463415,9435288.641533062,31874499.023834318,23414.46341463415,9435534.4612038,31874409.55279117,24390.024390243903,9435188.693663064,31873459.564280614,24390.024390243903
9435584.435138801,31874929.282568023,23902.24390243903,12.087152895557917,9435288.641533062,31874499.023834318,23414.46341463415,9435634.409073798,31875449.01234487,23414.46341463415,9435880.228744539,31875359.541301724,24390.024390243903,9435534.4612038,31874409.55279117,24390.024390243903
9435930.202679537,31875879.271078575,23902.24390243903,12.494306740596118,9435634.409073798,31875449.01234487,23414.46341463415,9435980.176614538,31876399.000855427,23414.46341463415,9436225.996285275,31876309.529812284,24390.024390243903,9435880.228744539,31875359.541301724,24390.024390243903
9436275.970220275,31876829.259589132,23902.24390243903,11.445229707524701,9435980.176614538,31876399.000855427,23414.46341463415,9436325.944155274,31877348.989365984,23414.46341463415,9436571.763826013,31877259.518322837,24390.024390243903,9436225.996285275,31876309.529812284,24390.024390243903
9436621.737761011,31877779.24809969,23902.24390243903,9.296308950503015,9436325.944155274,31877348.989365984,23414.46341463415,9436671.711696012,31878298.97787654,23414.46341463415,9436917.531366749,31878209.506833393,24390.024390243903,9436571.763826013,31877259.518322837,24390.024390243903
9436967.50530175,31878729.236610245,23902.24390243903,9.101317144376265,9436671.711696012,31878298.97787654,23414.46341463415,9437017.479236748,31879248.966387097,23414.46341463415,9437263.298907489,31879159.49534395,24390.024390243903,9436917.531366749,31878209.506833393,24390.024390243903
9437313.272842485,31879679.2251208,23902.24390243903,7.794904771508663,9437017.479236748,31879248.966387097,23414.46341463415,9437363.246777486,31880198.954897653,23414.46341463415,9437609.066448225,31880109.483854506,24390.024390243903,9437263.298907489,31879159.49534395,24390.024390243903
9437659.040383223,31880629.213631358,23902.24390243903,8.187345117537948,9437363.246777486,31880198.954897653,23414.46341463415,9437709.014318224,31881148.94340821,23414.46341463415,9437954.833988963,31881059.472365066,24390.024390243903,9437609.066448225,31880109.483854506,24390.024390243903
9438004.807923961,31881579.202141915,23902.24390243903,7.3505180060363084,9437709.014318224,31881148.94340821,23414.46341463415,9438054.781858962,31882098.931918766,23414.46341463415,9438300.601529699,31882009.46087562,24390.024390243903,9437954.833988963,31881059.472365066,24390.024390243903
9438350.5754647,31882529.19065247,23902.24390243903,6.867720934715645,9438054.781858962,31882098.931918766,23414.46341463415,9438400.5493997,31883048.920429323,23414.46341463415,9438646.369070439,31882959.449386176,24390.024390243903,9438300.601529699,31882009.46087562,24390.024390243903
9438696.34300544,31883479.179163028,23902.24390243903,5.090220733066653,9438400.5493997,31883048.920429323,23414.46341463415,9438746.316940436,31883998.908939876,23414.46341463415,9438992.136611177,31883909.437896732,24390.024390243903,9438646.369070439,31882959.449386176,24390.024390243903
9439042.110546174,31884429.16767358,23902.24390243903,4.08034323423229,9438746.316940436,31883998.908939876,23414.46341463415,9439092.084481174,31884948.897450436,23414.46341463415,9439337.904151913,31884859.42640729,24390.024390243903,9438992.136611177,31883909.437896732,24390.024390243903
9439387.878086913,31885379.156184144,23902.24390243903,4.698801922287365,9439092.084481174,31884948.897450436,23414.46341463415,9439437.85202191,31885898.885960992,23414.46341463415,9439683.67169265,31885809.414917845,24390.024390243903,9439337.904151913,31884859.42640729,24390.024390243903
9439733.64562765,31886329.144694697,23902.24390243903,4.617238485206478,9439437.85202191,31885898.885960992,23414.46341463415,9439783.61956265,31886848.87447155,23414.46341463415,9440029.439233387,31886759.403428406,24390.024390243903,9439683.67169265,31885809.414917845,24390.024390243903
9440079.413168387,31887279.133205254,23902.24390243903,4.658525091701845,9439783.61956265,31886848.87447155,23414.46341463415,9440129.387103386,31887798.862982105,23414.46341463415,9440375.206774125,31887709.39193896,24390.024390243903,9440029.439233387,31886759.403428406,24390.024390243903
9440425.180709124,31888229.121715814,23902.24390243903,3.964613592568285,9440129.387103386,31887798.862982105,23414.46341463415,9440475.154644124,31888748.851492662,23414.46341463415,9440720.974314863,31888659.38044952,24390.024390243903,9440375.206774125,31887709.39193896,24390.024390243903
9440770.948249862,31889179.110226367,23902.24390243903,3.4338547682599603,9440475.154644124,31888748.851492662,23414.46341463415,9440820.92218486,31889698.84000322,23414.46341463415,9441066.7418556,31889609.36896007,24390.024390243903,9440720.974314863,31888659.38044952,24390.024390243903
9441116.715790598,31890129.09873692,23902.24390243903,2.872327033008143,9440820.92218486,31889698.84000322,23414.46341463415,9441166.689725598,31890648.828513775,23414.46341463415,9441412.509396337,31890559.357470628,24390.024390243903,9441066.7418556,31889609.36896007,24390.024390243903
9441462.483331336,31891079.087247483,23902.24390243903,2.872611705423373,9441166.689725598,31890648.828513775,23414.46341463415,9441512.457266334,31891598.81702433,23414.46341463415,9441758.276937075,31891509.345981184,24390.024390243903,9441412.509396337,31890559.357470628,24390.024390243903
9441808.250872072,31892029.075758033,23902.24390243903,2.9377547839208065,9441512.457266334,31891598.81702433,23414.46341463415,9441858.224807074,31892548.805534888,23414.46341463415,9442104.044477811,31892459.33449174,24390.024390243903,9441758.276937075,31891509.345981184,24390.024390243903
9442154.018412812,31892979.064268593,23902.24390243903,3.4473230813276166,9441858.224807074,31892548.805534888,23414.46341463415,9442203.992347812,31893498.794045445,23414.46341463415,9442449.81201855,31893409.323002297,24390.024390243903,9442104.044477811,31892459.33449174,24390.024390243903
9442499.785953552,31893929.052779153,23902.24390243903,3.3895635598330855,9442203.992347812,31893498.794045445,23414.46341463415,9442549.759888548,31894448.782556,23414.46341463415,9442795.579559287,31894359.311512858,24390.024390243903,9442449.81201855,31893409.323002297,24390.024390243903
9422345.320720779,31837790.259613167,24877.804878048784,3.9118666944982783,9422049.52711504,31837360.000879463,24390.024390243903,9422395.294655776,31838309.98939002,24390.024390243903,9422641.114326516,31838220.518346872,25365.58536585366,9422295.346785778,31837270.52983632,25365.58536585366
9422691.088261513,31838740.248123724,24877.804878048784,2.5943398073045145,9422395.294655776,31838309.98939002,24390.024390243903,9422741.062196514,31839259.977900576,24390.024390243903,9422986.881867252,31839170.50685743,25365.58536585366,9422641.114326516,31838220.518346872,25365.58536585366
9423036.855802253,31839690.23663428,24877.804878048784,2.0066984272566355,9422741.062196514,31839259.977900576,24390.024390243903,9423086.829737252,31840209.966411132,24390.024390243903,9423332.64940799,31840120.49536799,25365.58536585366,9422986.881867252,31839170.50685743,25365.58536585366
9423382.62334299,31840640.225144837,24877.804878048784,1.209612844330099,9423086.829737252,31840209.966411132,24390.024390243903,9423432.59727799,31841159.954921693,24390.024390243903,9423678.416948726,31841070.48387854,25365.58536585366,9423332.64940799,31840120.49536799,25365.58536585366
9423728.390883727,31841590.213655394,24877.804878048784,1.2403726987461179,9423432.59727799,31841159.954921693,24390.024390243903,9423778.364818728,31842109.943432245,24390.024390243903,9424024.184489464,31842020.472389102,25365.58536585366,9423678.416948726,31841070.48387854,25365.58536585366
9424074.158424465,31842540.20216595,24877.804878048784,1.3854456291801043,9423778.364818728,31842109.943432245,24390.024390243903,9424124.132359464,31843059.931942806,24390.024390243903,9424369.952030204,31842970.46089966,25365.58536585366,9424024.184489464,31842020.472389102,25365.58536585366
9424419.925965201,31843490.190676507,24877.804878048784,0.9623402659497652,9424124.132359464,31843059.931942806,24390.024390243903,9424469.899900202,31844009.92045336,24390.024390243903,9424715.71957094,31843920.44941021,25365.58536585366,9424369.952030204,31842970.46089966,25365.58536585366
9424765.69350594,31844440.179187063,24877.804878048784,0.9603645581135746,9424469.899900202,31844009.92045336,24390.024390243903,9424815.66744094,31844959.908963915,24390.024390243903,9425061.487111678,31844870.43792077,25365.58536585366,9424715.71957094,31843920.44941021,25365.58536585366
9425111.461046677,31845390.16769762,24877.804878048784,1.310778148730069,9424815.66744094,31844959.908963915,24390.024390243903,9425161.434981678,31845909.89747447,24390.024390243903,9425407.254652414,31845820.426431324,25365.58536585366,9425061.487111678,31844870.43792077,25365.58536585366
9425457.228587415,31846340.15620818,24877.804878048784,1.1724300961769822,9425161.434981678,31845909.89747447,24390.024390243903,9425507.202522414,31846859.885985028,24390.024390243903,9425753.022193152,31846770.41494188,25365.58536585366,9425407.254652414,31845820.426431324,25365.58536585366
9425802.996128151,31847290.144718733,24877.804878048784,0.8488785334458306,9425507.202522414,31846859.885985028,24390.024390243903,9425852.970063152,31847809.874495585,24390.024390243903,9426098.789733889,31847720.40345244,25365.58536585366,9425753.022193152,31846770.41494188,25365.58536585366
9426148.763668891,31848240.13322929,24877.804878048784,0.9199250769172755,9425852.970063152,31847809.874495585,24390.024390243903,9426198.737603888,31848759.863006145,24390.024390243903,9426444.557274628,31848670.391962998,25365.58536585366,9426098.789733889,31847720.40345244,25365.58536585366
9426494.531209625,31849190.12173985,24877.804878048784,1.5633266551039544,9426198.737603888,31848759.863006145,24390.024390243903,9426544.505144626,31849709.851516698,24390.024390243903,9426790.324815365,31849620.380473554,25365.58536585366,9426444.557274628,31848670.391962998,25365.58536585366
9426840.298750365,31850140.110250402,24877.804878048784,1.9190947089816426,9426544.505144626,31849709.851516698,24390.024390243903,9426890.272685366,31850659.840027258,24390.024390243903,9427136.092356103,31850570.36898411,25365.58536585366,9426790.324815365,31849620.380473554,25365.58536585366
9427186.066291101,31851090.09876096,24877.804878048784,2.3275642103784744,9426890.272685366,31850659.840027258,24390.024390243903,9427236.040226102,31851609.82853781,24390.024390243903,9427481.859896839,31851520.357494663,25365.58536585366,9427136.092356103,31850570.36898411,25365.58536585366
9427531.83383184,31852040.08727152,24877.804878048784,3.106904407995376,9427236.040226102,31851609.82853781,24390.024390243903,9427581.80776684,31852559.817048367,24390.024390243903,9427827.627437579,31852470.346005224,25365.58536585366,9427481.859896839,31851520.357494663,25365.58536585366
9427877.601372577,31852990.07578207,24877.804878048784,3.460853175549482,9427581.80776684,31852559.817048367,24390.024390243903,9427927.575307576,31853509.805558927,24390.024390243903,9428173.394978317,31853420.334515776,25365.58536585366,9427827.627437579,31852470.346005224,25365.58536585366
9428223.368913313,31853940.064292632,24877.804878048784,4.370741001390729,9427927.575307576,31853509.805558927,24390.024390243903,9428273.342848314,31854459.79406948,24390.024390243903,9428519.162519053,31854370.323026333,25365.58536585366,9428173.394978317,31853420.334515776,25365.58536585366
9428569.136454051,31854890.05280319,24877.804878048784,6.48075332893985,9428273.342848314,31854459.79406948,24390.024390243903,9428619.11038905,31855409.782580037,24390.024390243903,9428864.93005979,31855320.311536893,25365.58536585366,9428519.162519053,31854370.323026333,25365.58536585366
9428914.903994787,31855840.04131374,24877.804878048784,7.0670810074586905,9428619.11038905,31855409.782580037,24390.024390243903,9428964.87792979,31856359.771090597,24390.024390243903,9429210.697600527,31856270.30004745,25365.58536585366,9428864.93005979,31855320.311536893,25365.58536585366
9429260.671535527,31856790.0298243,24877.804878048784,7.6251006616962735,9428964.87792979,31856359.771090597,24390.024390243903,9429310.645470526,31857309.75960115,24390.024390243903,9429556.465141265,31857220.288558006,25365.58536585366,9429210.697600527,31856270.30004745,25365.58536585366
9429606.439076263,31857740.018334858,24877.804878048784,7.3862315013888,9429310.645470526,31857309.75960115,24390.024390243903,9429656.413011264,31858259.748111706,24390.024390243903,9429902.232682,31858170.27706856,25365.58536585366,9429556.465141265,31857220.288558006,25365.58536585366
9429952.206617003,31858690.006845407,24877.804878048784,8.556352910155326,9429656.413011264,31858259.748111706,24390.024390243903,9430002.180552,31859209.736622263,24390.024390243903,9430248.00022274,31859120.265579116,25365.58536585366,9429902.232682,31858170.27706856,25365.58536585366
9430297.974157738,31859639.99535597,24877.804878048784,9.258970427305739,9430002.180552,31859209.736622263,24390.024390243903,9430347.948092738,31860159.72513282,24390.024390243903,9430593.767763477,31860070.254089676,25365.58536585366,9430248.00022274,31859120.265579116,25365.58536585366
9430643.741698477,31860589.983866528,24877.804878048784,9.976102247590633,9430347.948092738,31860159.72513282,24390.024390243903,9430693.715633474,31861109.71364338,24390.024390243903,9430939.535304215,31861020.242600232,25365.58536585366,9430593.767763477,31860070.254089676,25365.58536585366
9430989.509239212,31861539.972377084,24877.804878048784,13.229865074602817,9430693.715633474,31861109.71364338,24390.024390243903,9431039.483174212,31862059.702153932,24390.024390243903,9431285.30284495,31861970.231110785,25365.58536585366,9430939.535304215,31861020.242600232,25365.58536585366
9431335.276779952,31862489.96088764,24877.804878048784,14.502665916332921,9431039.483174212,31862059.702153932,24390.024390243903,9431385.250714952,31863009.69066449,24390.024390243903,9431631.070385689,31862920.219621345,25365.58536585366,9431285.30284495,31861970.231110785,25365.58536585366
9431681.04432069,31863439.949398197,24877.804878048784,14.548958775797974,9431385.250714952,31863009.69066449,24390.024390243903,9431731.018255688,31863959.679175045,24390.024390243903,9431976.837926427,31863870.2081319,25365.58536585366,9431631.070385689,31862920.219621345,25365.58536585366
9432026.811861426,31864389.93790875,24877.804878048784,12.151031964972356,9431731.018255688,31863959.679175045,24390.024390243903,9432076.785796426,31864909.6676856,24390.024390243903,9432322.605467165,31864820.19664246,25365.58536585366,9431976.837926427,31863870.2081319,25365.58536585366
9432372.579402164,31865339.92641931,24877.804878048784,11.822401228981748,9432076.785796426,31864909.6676856,24390.024390243903,9432422.553337162,31865859.656196162,24390.024390243903,9432668.373007903,31865770.185153015,25365.58536585366,9432322.605467165,31864820.19664246,25365.58536585366
9432718.3469429,31866289.914929867,24877.804878048784,11.881683383392081,9432422.553337162,31865859.656196162,24390.024390243903,9432768.320877902,31866809.644706715,24390.024390243903,9433014.140548639,31866720.173663568,25365.58536585366,9432668.373007903,31865770.185153015,25365.58536585366
9433064.11448364,31867239.90344042,24877.804878048784,12.885579375911163,9432768.320877902,31866809.644706715,24390.024390243903,9433114.088418638,31867759.63321727,24390.024390243903,9433359.908089377,31867670.162174128,25365.58536585366,9433014.140548639,31866720.173663568,25365.58536585366
9433409.882024376,31868189.89195098,24877.804878048784,11.7663502353932,9433114.088418638,31867759.63321727,24390.024390243903,9433459.855959376,31868709.62172783,24390.024390243903,9433705.675630115,31868620.150684685,25365.58536585366,9433359.908089377,31867670.162174128,25365.58536585366
9433755.649565116,31869139.88046154,24877.804878048784,8.84558549155164,9433459.855959376,31868709.62172783,24390.024390243903,9433805.623500112,31869659.610238384,24390.024390243903,9434051.443170853,31869570.139195237,25365.58536585366,9433705.675630115,31868620.150684685,25365.58536585366
9434101.41710585,31870089.86897209,24877.804878048784,7.628045545035089,9433805.623500112,31869659.610238384,24390.024390243903,9434151.39104085,31870609.59874894,24390.024390243903,9434397.21071159,31870520.127705798,25365.58536585366,9434051.443170853,31869570.139195237,25365.58536585366
9434447.18464659,31871039.857482646,24877.804878048784,8.191909730315752,9434151.39104085,31870609.59874894,24390.024390243903,9434497.158581587,31871559.587259497,24390.024390243903,9434742.978252327,31871470.11621635,25365.58536585366,9434397.21071159,31870520.127705798,25365.58536585366
9434792.952187326,31871989.845993202,24877.804878048784,9.387141247157574,9434497.158581587,31871559.587259497,24390.024390243903,9434842.926122326,31872509.575770054,24390.024390243903,9435088.745793063,31872420.10472691,25365.58536585366,9434742.978252327,31871470.11621635,25365.58536585366
9435138.719728064,31872939.83450376,24877.804878048784,10.739881846732663,9434842.926122326,31872509.575770054,24390.024390243903,9435188.693663064,31873459.564280614,24390.024390243903,9435434.513333801,31873370.093237467,25365.58536585366,9435088.745793063,31872420.10472691,25365.58536585366
9435484.487268802,31873889.82301432,24877.804878048784,9.74514168073675,9435188.693663064,31873459.564280614,24390.024390243903,9435534.4612038,31874409.55279117,24390.024390243903,9435780.28087454,31874320.08174802,25365.58536585366,9435434.513333801,31873370.093237467,25365.58536585366
9435830.254809538,31874839.81152488,24877.804878048784,8.527190727201265,9435534.4612038,31874409.55279117,24390.024390243903,9435880.228744539,31875359.541301724,24390.024390243903,9436126.048415277,31875270.07025858,25365.58536585366,9435780.28087454,31874320.08174802,25365.58536585366
9436176.022350276,31875789.80003543,24877.804878048784,8.297075429990347,9435880.228744539,31875359.541301724,24390.024390243903,9436225.996285275,31876309.529812284,24390.024390243903,9436471.815956015,31876220.058769137,25365.58536585366,9436126.048415277,31875270.07025858,25365.58536585366
9436521.789891012,31876739.78854599,24877.804878048784,8.269706846092161,9436225.996285275,31876309.529812284,24390.024390243903,9436571.763826013,31877259.518322837,24390.024390243903,9436817.583496751,31877170.04727969,25365.58536585366,9436471.815956015,31876220.058769137,25365.58536585366
9436867.55743175,31877689.77705654,24877.804878048784,8.568520504795877,9436571.763826013,31877259.518322837,24390.024390243903,9436917.531366749,31878209.506833393,24390.024390243903,9437163.35103749,31878120.03579025,25365.58536585366,9436817.583496751,31877170.04727969,25365.58536585366
9437213.324972486,31878639.765567098,24877.804878048784,7.786669874518438,9436917.531366749,31878209.506833393,24390.024390243903,9437263.298907489,31879159.49534395,24390.024390243903,9437509.118578225,31879070.024300802,25365.58536585366,9437163.35103749,31878120.03579025,25365.58536585366
9437559.092513226,31879589.754077658,24877.804878048784,6.615705051833941,9437263.298907489,31879159.49534395,24390.024390243903,9437609.066448225,31880109.483854506,24390.024390243903,9437854.886118963,31880020.012811363,25365.58536585366,9437509.118578225,31879070.024300802,25365.58536585366
9437904.860053962,31880539.74258821,24877.804878048784,7.318178682294533,9437609.066448225,31880109.483854506,24390.024390243903,9437954.833988963,31881059.472365066,24390.024390243903,9438200.653659701,31880970.00132192,25365.58536585366,9437854.886118963,31880020.012811363,25365.58536585366
9438250.627594702,31881489.731098767,24877.804878048784,7.173089727419589,9437954.833988963,31881059.472365066,24390.024390243903,9438300.601529699,31882009.46087562,24390.024390243903,9438546.42120044,31881919.989832472,25365.58536585366,9438200.653659701,31880970.00132192,25365.58536585366
9438596.395135438,31882439.719609328,24877.804878048784,5.855192548300225,9438300.601529699,31882009.46087562,24390.024390243903,9438646.369070439,31882959.449386176,24390.024390243903,9438892.188741175,31882869.978343032,25365.58536585366,9438546.42120044,31881919.989832472,25365.58536585366
9438942.162676176,31883389.70811988,24877.804878048784,5.867580161260361,9438646.369070439,31882959.449386176,24390.024390243903,9438992.136611177,31883909.437896732,24390.024390243903,9439237.956281913,31883819.966853585,25365.58536585366,9438892.188741175,31882869.978343032,25365.58536585366
9439287.930216912,31884339.696630437,24877.804878048784,4.616608094571335,9438992.136611177,31883909.437896732,24390.024390243903,9439337.904151913,31884859.42640729,24390.024390243903,9439583.72382265,31884769.95536414,25365.58536585366,9439237.956281913,31883819.966853585,25365.58536585366
9439633.69775765,31885289.685140997,24877.804878048784,4.561504745082273,9439337.904151913,31884859.42640729,24390.024390243903,9439683.67169265,31885809.414917845,24390.024390243903,9439929.49136339,31885719.9438747,25365.58536585366,9439583.72382265,31884769.95536414,25365.58536585366
9439979.465298388,31886239.67365155,24877.804878048784,4.468050870968584,9439683.67169265,31885809.414917845,24390.024390243903,9440029.439233387,31886759.403428406,24390.024390243903,9440275.258904127,31886669.932385255,25365.58536585366,9439929.49136339,31885719.9438747,25365.58536585366
9440325.232839124,31887189.66216211,24877.804878048784,3.8644138746793306,9440029.439233387,31886759.403428406,24390.024390243903,9440375.206774125,31887709.39193896,24390.024390243903,9440621.026444864,31887619.920895815,25365.58536585366,9440275.258904127,31886669.932385255,25365.58536585366
9440671.000379862,31888139.650672667,24877.804878048784,4.127406395077482,9440375.206774125,31887709.39193896,24390.024390243903,9440720.974314863,31888659.38044952,24390.024390243903,9440966.793985602,31888569.90940637,25365.58536585366,9440621.026444864,31887619.920895815,25365.58536585366
9441016.7679206,31889089.63918322,24877.804878048784,5.399108932142456,9440720.974314863,31888659.38044952,24390.024390243903,9441066.7418556,31889609.36896007,24390.024390243903,9441312.561526338,31889519.897916924,25365.58536585366,9440966.793985602,31888569.90940637,25365.58536585366
9441362.53546134,31890039.627693776,24877.804878048784,4.628359429184239,9441066.7418556,31889609.36896007,24390.024390243903,9441412.509396337,31890559.357470628,24390.024390243903,9441658.329067077,31890469.886427484,25365.58536585366,9441312.561526338,31889519.897916924,25365.58536585366
9441708.303002074,31890989.61620433,24877.804878048784,3.3440897860026357,9441412.509396337,31890559.357470628,24390.024390243903,9441758.276937075,31891509.345981184,24390.024390243903,9442004.096607814,31891419.874938037,25365.58536585366,9441658.329067077,31890469.886427484,25365.58536585366
9442054.070542814,31891939.60471489,24877.804878048784,3.373160334452253,9441758.276937075,31891509.345981184,24390.024390243903,9442104.044477811,31892459.33449174,24390.024390243903,9442349.864148552,31892369.863448594,25365.58536585366,9442004.096607814,31891419.874938037,25365.58536585366
9442399.838083548,31892889.593225446,24877.804878048784,3.278152876369025,9442104.044477811,31892459.33449174,24390.024390243903,9442449.81201855,31893409.323002297,24390.024390243903,9442695.631689288,31893319.851959154,25365.58536585366,9442349.864148552,31892369.863448594,25365.58536585366
9442745.605624288,31893839.581736006,24877.804878048784,3.4929538436128174,9442449.81201855,31893409.323002297,24390.024390243903,9442795.579559287,31894359.311512858,24390.024390243903,9443041.399230026,31894269.84046971,25365.58536585366,9442695.631689288,31893319.851959154,25365.58536585366
9422591.140391517,31837700.788570024,25853.36585365854,2.5823172137783708,9422295.346785778,31837270.52983632,25365.58536585366,9422641.114326516,31838220.518346872,25365.58536585366,9422886.933997257,31838131.047303725,26341.146341463416,9422541.16645652,31837181.058793172,26341.146341463416
9422936.907932255,31838650.777080577,25853.36585365854,2.1037688579938787,9422641.114326516,31838220.518346872,25365.58536585366,9422986.881867252,31839170.50685743,25365.58536585366,9423232.701537995,31839081.035814285,26341.146341463416,9422886.933997257,31838131.047303725,26341.146341463416
9423282.675472992,31839600.765591133,25853.36585365854,1.2911112594951242,9422986.881867252,31839170.50685743,25365.58536585366,9423332.64940799,31840120.49536799,25365.58536585366,9423578.46907873,31840031.024324838,26341.146341463416,9423232.701537995,31839081.035814285,26341.146341463416
9423628.44301373,31840550.754101694,25853.36585365854,0.785469434301463,9423332.64940799,31840120.49536799,25365.58536585366,9423678.416948726,31841070.48387854,25365.58536585366,9423924.23661947,31840981.0128354,26341.146341463416,9423578.46907873,31840031.024324838,26341.146341463416
9423974.210554468,31841500.742612246,25853.36585365854,0.9631769069840969,9423678.416948726,31841070.48387854,25365.58536585366,9424024.184489464,31842020.472389102,25365.58536585366,9424270.004160207,31841931.00134595,26341.146341463416,9423924.23661947,31840981.0128354,26341.146341463416
9424319.978095206,31842450.731122803,25853.36585365854,0.8696857412852749,9424024.184489464,31842020.472389102,25365.58536585366,9424369.952030204,31842970.46089966,25365.58536585366,9424615.771700945,31842880.989856508,26341.146341463416,9424270.004160207,31841931.00134595,26341.146341463416
9424665.745635943,31843400.719633363,25853.36585365854,0.8340981432911396,9424369.952030204,31842970.46089966,25365.58536585366,9424715.71957094,31843920.44941021,25365.58536585366,9424961.53924168,31843830.978367068,26341.146341463416,9424615.771700945,31842880.989856508,26341.146341463416
9425011.51317668,31844350.708143916,25853.36585365854,0.7377201330143178,9424715.71957094,31843920.44941021,25365.58536585366,9425061.487111678,31844870.43792077,25365.58536585366,9425307.30678242,31844780.966877624,26341.146341463416,9424961.53924168,31843830.978367068,26341.146341463416
9425357.28071742,31845300.696654476,25853.36585365854,0.6870052264403597,9425061.487111678,31844870.43792077,25365.58536585366,9425407.254652414,31845820.426431324,25365.58536585366,9425653.074323159,31845730.955388177,26341.146341463416,9425307.30678242,31844780.966877624,26341.146341463416
9425703.048258154,31846250.685165033,25853.36585365854,0.8727654471227663,9425407.254652414,31845820.426431324,25365.58536585366,9425753.022193152,31846770.41494188,25365.58536585366,9425998.841863895,31846680.943898737,26341.146341463416,9425653.074323159,31845730.955388177,26341.146341463416
9426048.815798894,31847200.673675586,25853.36585365854,1.0585065902376516,9425753.022193152,31846770.41494188,25365.58536585366,9426098.789733889,31847720.40345244,25365.58536585366,9426344.609404633,31847630.93240929,26341.146341463416,9425998.841863895,31846680.943898737,26341.146341463416
9426394.58333963,31848150.662186146,25853.36585365854,1.5742147926475956,9426098.789733889,31847720.40345244,25365.58536585366,9426444.557274628,31848670.391962998,25365.58536585366,9426690.376945369,31848580.92091985,26341.146341463416,9426344.609404633,31847630.93240929,26341.146341463416
9426740.350880368,31849100.650696702,25853.36585365854,1.7164894500591048,9426444.557274628,31848670.391962998,25365.58536585366,9426790.324815365,31849620.380473554,25365.58536585366,9427036.144486107,31849530.909430407,26341.146341463416,9426690.376945369,31848580.92091985,26341.146341463416
9427086.118421104,31850050.639207255,25853.36585365854,2.761685600379901,9426790.324815365,31849620.380473554,25365.58536585366,9427136.092356103,31850570.36898411,25365.58536585366,9427381.912026845,31850480.89794096,26341.146341463416,9427036.144486107,31849530.909430407,26341.146341463416
9427431.885961844,31851000.627717815,25853.36585365854,2.2323533667463513,9427136.092356103,31850570.36898411,25365.58536585366,9427481.859896839,31851520.357494663,25365.58536585366,9427727.679567583,31851430.88645152,26341.146341463416,9427381.912026845,31850480.89794096,26341.146341463416
9427777.65350258,31851950.61622837,25853.36585365854,2.1482830841757665,9427481.859896839,31851520.357494663,25365.58536585366,9427827.627437579,31852470.346005224,25365.58536585366,9428073.447108319,31852380.874962077,26341.146341463416,9427727.679567583,31851430.88645152,26341.146341463416
9428123.421043318,31852900.60473893,25853.36585365854,2.948455445624419,9427827.627437579,31852470.346005224,25365.58536585366,9428173.394978317,31853420.334515776,25365.58536585366,9428419.214649057,31853330.86347263,26341.146341463416,9428073.447108319,31852380.874962077,26341.146341463416
9428469.188584054,31853850.593249485,25853.36585365854,4.060443984614444,9428173.394978317,31853420.334515776,25365.58536585366,9428519.162519053,31854370.323026333,25365.58536585366,9428764.982189793,31854280.85198319,26341.146341463416,9428419.214649057,31853330.86347263,26341.146341463416
9428814.956124792,31854800.58176004,25853.36585365854,4.3724771901186035,9428519.162519053,31854370.323026333,25365.58536585366,9428864.93005979,31855320.311536893,25365.58536585366,9429110.749730531,31855230.840493742,26341.146341463416,9428764.982189793,31854280.85198319,26341.146341463416
9429160.72366553,31855750.570270598,25853.36585365854,4.7640982533092,9428864.93005979,31855320.311536893,25365.58536585366,9429210.697600527,31856270.30004745,25365.58536585366,9429456.517271271,31856180.829004303,26341.146341463416,9429110.749730531,31855230.840493742,26341.146341463416
9429506.491206266,31856700.558781154,25853.36585365854,4.311905856912473,9429210.697600527,31856270.30004745,25365.58536585366,9429556.465141265,31857220.288558006,25365.58536585366,9429802.284812007,31857130.81751486,26341.146341463416,9429456.517271271,31856180.829004303,26341.146341463416
9429852.258747006,31857650.54729171,25853.36585365854,4.3695345737261855,9429556.465141265,31857220.288558006,25365.58536585366,9429902.232682,31858170.27706856,25365.58536585366,9430148.052352745,31858080.806025412,26341.146341463416,9429802.284812007,31857130.81751486,26341.146341463416
9430198.026287742,31858600.535802264,25853.36585365854,4.5621055036431715,9429902.232682,31858170.27706856,25365.58536585366,9430248.00022274,31859120.265579116,25365.58536585366,9430493.819893481,31859030.794535972,26341.146341463416,9430148.052352745,31858080.806025412,26341.146341463416
9430543.79382848,31859550.524312824,25853.36585365854,5.6196976434948525,9430248.00022274,31859120.265579116,25365.58536585366,9430593.767763477,31860070.254089676,25365.58536585366,9430839.58743422,31859980.783046525,26341.146341463416,9430493.819893481,31859030.794535972,26341.146341463416
9430889.561369216,31860500.512823384,25853.36585365854,8.214235318125697,9430593.767763477,31860070.254089676,25365.58536585366,9430939.535304215,31861020.242600232,25365.58536585366,9431185.354974957,31860930.77155708,26341.146341463416,9430839.58743422,31859980.783046525,26341.146341463416
9431235.328909956,31861450.501333933,25853.36585365854,9.329716092550639,9430939.535304215,31861020.242600232,25365.58536585366,9431285.30284495,31861970.231110785,25365.58536585366,9431531.122515695,31861880.76006764,26341.146341463416,9431185.354974957,31860930.77155708,26341.146341463416
9431581.096450692,31862400.489844494,25853.36585365854,10.778085659708367,9431285.30284495,31861970.231110785,25365.58536585366,9431631.070385689,31862920.219621345,25365.58536585366,9431876.890056431,31862830.748578195,26341.146341463416,9431531.122515695,31861880.76006764,26341.146341463416
9431926.86399143,31863350.478355054,25853.36585365854,10.441194438181249,9431631.070385689,31862920.219621345,25365.58536585366,9431976.837926427,31863870.2081319,25365.58536585366,9432222.65759717,31863780.737088755,26341.146341463416,9431876.890056431,31862830.748578195,26341.146341463416
9432272.631532166,31864300.466865603,25853.36585365854,9.652651337101817,9431976.837926427,31863870.2081319,25365.58536585366,9432322.605467165,31864820.19664246,25365.58536585366,9432568.425137905,31864730.72559931,26341.146341463416,9432222.65759717,31863780.737088755,26341.146341463416
9432618.399072904,31865250.455376163,25853.36585365854,8.184990651328382,9432322.605467165,31864820.19664246,25365.58536585366,9432668.373007903,31865770.185153015,25365.58536585366,9432914.192678643,31865680.714109864,26341.146341463416,9432568.425137905,31864730.72559931,26341.146341463416
9432964.166613642,31866200.443886723,25853.36585365854,7.459414906534808,9432668.373007903,31865770.185153015,25365.58536585366,9433014.140548639,31866720.173663568,25365.58536585366,9433259.960219381,31866630.702620424,26341.146341463416,9432914.192678643,31865680.714109864,26341.146341463416
9433309.934154378,31867150.432397272,25853.36585365854,8.621924841030129,9433014.140548639,31866720.173663568,25365.58536585366,9433359.908089377,31867670.162174128,25365.58536585366,9433605.72776012,31867580.691130977,26341.146341463416,9433259.960219381,31866630.702620424,26341.146341463416
9433655.701695118,31868100.420907833,25853.36585365854,8.466893512781146,9433359.908089377,31867670.162174128,25365.58536585366,9433705.675630115,31868620.150684685,25365.58536585366,9433951.495300857,31868530.679641534,26341.146341463416,9433605.72776012,31867580.691130977,26341.146341463416
9434001.469235854,31869050.409418393,25853.36585365854,7.64001748851046,9433705.675630115,31868620.150684685,25365.58536585366,9434051.443170853,31869570.139195237,25365.58536585366,9434297.262841593,31869480.668152094,26341.146341463416,9433951.495300857,31868530.679641534,26341.146341463416
9434347.236776592,31870000.397928942,25853.36585365854,6.660385510419588,9434051.443170853,31869570.139195237,25365.58536585366,9434397.21071159,31870520.127705798,25365.58536585366,9434643.030382331,31870430.65666265,26341.146341463416,9434297.262841593,31869480.668152094,26341.146341463416
9434693.004317328,31870950.386439502,25853.36585365854,7.0058015198997,9434397.21071159,31870520.127705798,25365.58536585366,9434742.978252327,31871470.11621635,25365.58536585366,9434988.797923068,31871380.645173207,26341.146341463416,9434643.030382331,31870430.65666265,26341.146341463416
9435038.771858066,31871900.374950055,25853.36585365854,7.072286793504013,9434742.978252327,31871470.11621635,25365.58536585366,9435088.745793063,31872420.10472691,25365.58536585366,9435334.565463807,31872330.633683763,26341.146341463416,9434988.797923068,31871380.645173207,26341.146341463416
9435384.539398804,31872850.36346061,25853.36585365854,7.344622993683347,9435088.745793063,31872420.10472691,25365.58536585366,9435434.513333801,31873370.093237467,25365.58536585366,9435680.333004544,31873280.622194316,26341.146341463416,9435334.565463807,31872330.633683763,26341.146341463416
9435730.306939542,31873800.35197117,25853.36585365854,8.035801486500457,9435434.513333801,31873370.093237467,25365.58536585366,9435780.28087454,31874320.08174802,25365.58536585366,9436026.100545282,31874230.610704876,26341.146341463416,9435680.333004544,31873280.622194316,26341.146341463416
9436076.074480278,31874750.340481725,25853.36585365854,7.022507679516378,9435780.28087454,31874320.08174802,25365.58536585366,9436126.048415277,31875270.07025858,25365.58536585366,9436371.868086018,31875180.59921543,26341.146341463416,9436026.100545282,31874230.610704876,26341.146341463416
9436421.842021016,31875700.328992285,25853.36585365854,5.789777455605223,9436126.048415277,31875270.07025858,25365.58536585366,9436471.815956015,31876220.058769137,25365.58536585366,9436717.635626756,31876130.587725986,26341.146341463416,9436371.868086018,31875180.59921543,26341.146341463416
9436767.609561754,31876650.31750284,25853.36585365854,5.335655668510504,9436471.815956015,31876220.058769137,25365.58536585366,9436817.583496751,31877170.04727969,25365.58536585366,9437063.403167492,31877080.576236546,26341.146341463416,9436717.635626756,31876130.587725986,26341.146341463416
9437113.37710249,31877600.306013394,25853.36585365854,5.786700205608957,9436817.583496751,31877170.04727969,25365.58536585366,9437163.35103749,31878120.03579025,25365.58536585366,9437409.17070823,31878030.5647471,26341.146341463416,9437063.403167492,31877080.576236546,26341.146341463416
9437459.144643229,31878550.294523954,25853.36585365854,4.511762427327433,9437163.35103749,31878120.03579025,25365.58536585366,9437509.118578225,31879070.024300802,25365.58536585366,9437754.93824897,31878980.55325766,26341.146341463416,9437409.17070823,31878030.5647471,26341.146341463416
9437804.912183965,31879500.28303451,25853.36585365854,4.1060694183735835,9437509.118578225,31879070.024300802,25365.58536585366,9437854.886118963,31880020.012811363,25365.58536585366,9438100.705789706,31879930.541768212,26341.146341463416,9437754.93824897,31878980.55325766,26341.146341463416
9438150.679724704,31880450.27154506,25853.36585365854,5.776415572142444,9437854.886118963,31880020.012811363,25365.58536585366,9438200.653659701,31880970.00132192,25365.58536585366,9438446.473330444,31880880.53027877,26341.146341463416,9438100.705789706,31879930.541768212,26341.146341463416
9438496.44726544,31881400.260055624,25853.36585365854,4.951466135462425,9438200.653659701,31880970.00132192,25365.58536585366,9438546.42120044,31881919.989832472,25365.58536585366,9438792.24087118,31881830.51878933,26341.146341463416,9438446.473330444,31880880.53027877,26341.146341463416
9438842.214806179,31882350.24856618,25853.36585365854,4.51106873810783,9438546.42120044,31881919.989832472,25365.58536585366,9438892.188741175,31882869.978343032,25365.58536585366,9439138.00841192,31882780.507299885,26341.146341463416,9438792.24087118,31881830.51878933,26341.146341463416
9439187.982346917,31883300.237076737,25853.36585365854,4.283958586747874,9438892.188741175,31882869.978343032,25365.58536585366,9439237.956281913,31883819.966853585,25365.58536585366,9439483.775952656,31883730.495810438,26341.146341463416,9439138.00841192,31882780.507299885,26341.146341463416
9439533.749887655,31884250.22558729,25853.36585365854,4.172514858793014,9439237.956281913,31883819.966853585,25365.58536585366,9439583.72382265,31884769.95536414,25365.58536585366,9439829.543493394,31884680.484321,26341.146341463416,9439483.775952656,31883730.495810438,26341.146341463416
9439879.51742839,31885200.21409785,25853.36585365854,3.8120523114887575,9439583.72382265,31884769.95536414,25365.58536585366,9439929.49136339,31885719.9438747,25365.58536585366,9440175.31103413,31885630.47283155,26341.146341463416,9439829.543493394,31884680.484321,26341.146341463416
9440225.284969129,31886150.202608403,25853.36585365854,4.198540072945414,9439929.49136339,31885719.9438747,25365.58536585366,9440275.258904127,31886669.932385255,25365.58536585366,9440521.078574868,31886580.46134211,26341.146341463416,9440175.31103413,31885630.47283155,26341.146341463416
9440571.052509865,31887100.19111896,25853.36585365854,5.161311369289039,9440275.258904127,31886669.932385255,25365.58536585366,9440621.026444864,31887619.920895815,25365.58536585366,9440866.846115604,31887530.449852664,26341.146341463416,9440521.078574868,31886580.46134211,26341.146341463416
9440916.820050603,31888050.17962952,25853.36585365854,4.956581569561008,9440621.026444864,31887619.920895815,25365.58536585366,9440966.793985602,31888569.90940637,25365.58536585366,9441212.613656344,31888480.43836322,26341.146341463416,9440866.846115604,31887530.449852664,26341.146341463416
9441262.587591343,31889000.168140072,25853.36585365854,4.1233877406368515,9440966.793985602,31888569.90940637,25365.58536585366,9441312.561526338,31889519.897916924,25365.58536585366,9441558.381197082,31889430.42687378,26341.146341463416,9441212.613656344,31888480.43836322,26341.146341463416
9441608.355132079,31889950.15665063,25853.36585365854,3.687088094319942,9441312.561526338,31889519.897916924,25365.58536585366,9441658.329067077,31890469.886427484,25365.58536585366,9441904.148737818,31890380.415384337,26341.146341463416,9441558.381197082,31889430.42687378,26341.146341463416
9441954.122672817,31890900.145161185,25853.36585365854,3.770446896111986,9441658.329067077,31890469.886427484,25365.58536585366,9442004.096607814,31891419.874938037,25365.58536585366,9442249.916278556,31891330.40389489,26341.146341463416,9441904.148737818,31890380.415384337,26341.146341463416
9442299.890213553,31891850.133671742,25853.36585365854,3.405405352139187,9442004.096607814,31891419.874938037,25365.58536585366,9442349.864148552,31892369.863448594,25365.58536585366,9442595.683819292,31892280.39240545,26341.146341463416,9442249.916278556,31891330.40389489,26341.146341463416
9442645.65775429,31892800.1221823,25853.36585365854,3.019233540804083,9442349.864148552,31892369.863448594,25365.58536585366,9442695.631689288,31893319.851959154,25365.58536585366,9442941.45136003,31893230.380916003,26341.146341463416,9442595.683819292,31892280.39240545,26341.146341463416
9442991.425295027,31893750.110692862,25853.36585365854,2.9848014864124273,9442695.631689288,31893319.851959154,25365.58536585366,9443041.399230026,31894269.84046971,25365.58536585366,9443287.218900768,31894180.369426563,26341.146341463416,9442941.45136003,31893230.380916003,26341.146341463416
9422836.960062258,31837611.317526877,26828.926829268297,1.4654540918300432,9422541.16645652,31837181.058793172,26341.146341463416,9422886.933997257,31838131.047303725,26341.146341463416,9423132.753667997,31838041.57626058,27316.707317073175,9422786.98612726,31837091.58775002,27316.707317073175
9423182.727602994,31838561.30603743,26828.926829268297,1.1515506536602345,9422886.933997257,31838131.047303725,26341.146341463416,9423232.701537995,31839081.035814285,26341.146341463416,9423478.521208733,31838991.564771138,27316.707317073175,9423132.753667997,31838041.57626058,27316.707317073175
9423528.495143732,31839511.29454799,26828.926829268297,1.1083185269492803,9423232.701537995,31839081.035814285,26341.146341463416,9423578.46907873,31840031.024324838,26341.146341463416,9423824.288749471,31839941.553281695,27316.707317073175,9423478.521208733,31838991.564771138,27316.707317073175
9423874.262684468,31840461.283058546,26828.926829268297,1.0368130216172295,9423578.46907873,31840031.024324838,26341.146341463416,9423924.23661947,31840981.0128354,26341.146341463416,9424170.056290207,31840891.54179225,27316.707317073175,9423824.288749471,31839941.553281695,27316.707317073175
9424220.030225208,31841411.2715691,26828.926829268297,1.3041422371961882,9423924.23661947,31840981.0128354,26341.146341463416,9424270.004160207,31841931.00134595,26341.146341463416,9424515.823830945,31841841.530302804,27316.707317073175,9424170.056290207,31840891.54179225,27316.707317073175
9424565.797765944,31842361.26007966,26828.926829268297,1.8469705132415566,9424270.004160207,31841931.00134595,26341.146341463416,9424615.771700945,31842880.989856508,26341.146341463416,9424861.591371683,31842791.518813364,27316.707317073175,9424515.823830945,31841841.530302804,27316.707317073175
9424911.565306684,31843311.248590216,26828.926829268297,1.7290337288574666,9424615.771700945,31842880.989856508,26341.146341463416,9424961.53924168,31843830.978367068,26341.146341463416,9425207.358912421,31843741.50732392,27316.707317073175,9424861.591371683,31842791.518813364,27316.707317073175
9425257.33284742,31844261.237100773,26828.926829268297,1.187819350468377,9424961.53924168,31843830.978367068,26341.146341463416,9425307.30678242,31844780.966877624,26341.146341463416,9425553.126453158,31844691.495834477,27316.707317073175,9425207.358912421,31843741.50732392,27316.707317073175
9425603.100388158,31845211.22561133,26828.926829268297,1.0011467627163624,9425307.30678242,31844780.966877624,26341.146341463416,9425653.074323159,31845730.955388177,26341.146341463416,9425898.893993896,31845641.484345034,27316.707317073175,9425553.126453158,31844691.495834477,27316.707317073175
9425948.867928896,31846161.214121886,26828.926829268297,1.3001848211333626,9425653.074323159,31845730.955388177,26341.146341463416,9425998.841863895,31846680.943898737,26341.146341463416,9426244.661534633,31846591.47285559,27316.707317073175,9425898.893993896,31845641.484345034,27316.707317073175
9426294.635469632,31847111.202632442,26828.926829268297,1.0042397035058002,9425998.841863895,31846680.943898737,26341.146341463416,9426344.609404633,31847630.93240929,26341.146341463416,9426590.429075371,31847541.461366147,27316.707317073175,9426244.661534633,31846591.47285559,27316.707317073175
9426640.40301037,31848061.191143,26828.926829268297,1.1369856606711242,9426344.609404633,31847630.93240929,26341.146341463416,9426690.376945369,31848580.92091985,26341.146341463416,9426936.19661611,31848491.449876703,27316.707317073175,9426590.429075371,31847541.461366147,27316.707317073175
9426986.170551106,31849011.179653555,26828.926829268297,1.8220950138269936,9426690.376945369,31848580.92091985,26341.146341463416,9427036.144486107,31849530.909430407,26341.146341463416,9427281.964156846,31849441.438387256,27316.707317073175,9426936.19661611,31848491.449876703,27316.707317073175
9427331.938091844,31849961.168164108,26828.926829268297,2.058444252274697,9427036.144486107,31849530.909430407,26341.146341463416,9427381.912026845,31850480.89794096,26341.146341463416,9427627.731697584,31850391.426897816,27316.707317073175,9427281.964156846,31849441.438387256,27316.707317073175
9427677.705632582,31850911.15667467,26828.926829268297,2.14648063757001,9427381.912026845,31850480.89794096,26341.146341463416,9427727.679567583,31851430.88645152,26341.146341463416,9427973.49923832,31851341.415408373,27316.707317073175,9427627.731697584,31850391.426897816,27316.707317073175
9428023.473173322,31851861.14518523,26828.926829268297,2.0316943406890995,9427727.679567583,31851430.88645152,26341.146341463416,9428073.447108319,31852380.874962077,26341.146341463416,9428319.26677906,31852291.40391893,27316.707317073175,9427973.49923832,31851341.415408373,27316.707317073175
9428369.240714056,31852811.13369578,26828.926829268297,2.2995054801789214,9428073.447108319,31852380.874962077,26341.146341463416,9428419.214649057,31853330.86347263,26341.146341463416,9428665.034319796,31853241.392429486,27316.707317073175,9428319.26677906,31852291.40391893,27316.707317073175
9428715.008254796,31853761.122206338,26828.926829268297,2.708038838997009,9428419.214649057,31853330.86347263,26341.146341463416,9428764.982189793,31854280.85198319,26341.146341463416,9429010.801860534,31854191.380940042,27316.707317073175,9428665.034319796,31853241.392429486,27316.707317073175
9429060.77579553,31854711.110716898,26828.926829268297,2.9952666472469587,9428764.982189793,31854280.85198319,26341.146341463416,9429110.749730531,31855230.840493742,26341.146341463416,9429356.56940127,31855141.3694506,27316.707317073175,9429010.801860534,31854191.380940042,27316.707317073175
9429406.54333627,31855661.099227447,26828.926829268297,3.2796793045705392,9429110.749730531,31855230.840493742,26341.146341463416,9429456.517271271,31856180.829004303,26341.146341463416,9429702.336942008,31856091.357961155,27316.707317073175,9429356.56940127,31855141.3694506,27316.707317073175
9429752.310877007,31856611.087738007,26828.926829268297,3.443352895497845,9429456.517271271,31856180.829004303,26341.146341463416,9429802.284812007,31857130.81751486,26341.146341463416,9430048.104482744,31857041.346471712,27316.707317073175,9429702.336942008,31856091.357961155,27316.707317073175
9430098.078417744,31857561.076248568,26828.926829268297,3.8866390834275597,9429802.284812007,31857130.81751486,26341.146341463416,9430148.052352745,31858080.806025412,26341.146341463416,9430393.872023482,31857991.33498227,27316.707317073175,9430048.104482744,31857041.346471712,27316.707317073175
9430443.845958482,31858511.064759117,26828.926829268297,4.004631577335915,9430148.052352745,31858080.806025412,26341.146341463416,9430493.819893481,31859030.794535972,26341.146341463416,9430739.639564222,31858941.323492825,27316.707317073175,9430393.872023482,31857991.33498227,27316.707317073175
9430789.613499219,31859461.053269677,26828.926829268297,5.2251036938940585,9430493.819893481,31859030.794535972,26341.146341463416,9430839.58743422,31859980.783046525,26341.146341463416,9431085.407104958,31859891.312003378,27316.707317073175,9430739.639564222,31858941.323492825,27316.707317073175
9431135.381039957,31860411.04178023,26828.926829268297,6.179076864037078,9430839.58743422,31859980.783046525,26341.146341463416,9431185.354974957,31860930.77155708,26341.146341463416,9431431.174645696,31860841.300513938,27316.707317073175,9431085.407104958,31859891.312003378,27316.707317073175
9431481.148580695,31861361.030290786,26828.926829268297,6.98378967449681,9431185.354974957,31860930.77155708,26341.146341463416,9431531.122515695,31861880.76006764,26341.146341463416,9431776.942186432,31861791.289024495,27316.707317073175,9431431.174645696,31860841.300513938,27316.707317073175
9431826.916121433,31862311.018801346,26828.926829268297,5.929322940874367,9431531.122515695,31861880.76006764,26341.146341463416,9431876.890056431,31862830.748578195,26341.146341463416,9432122.70972717,31862741.27753505,27316.707317073175,9431776.942186432,31861791.289024495,27316.707317073175
9432172.683662169,31863261.0073119,26828.926829268297,6.980676516642496,9431876.890056431,31862830.748578195,26341.146341463416,9432222.65759717,31863780.737088755,26341.146341463416,9432468.477267906,31863691.266045608,27316.707317073175,9432122.70972717,31862741.27753505,27316.707317073175
9432518.451202909,31864210.995822456,26828.926829268297,6.472791790048321,9432222.65759717,31863780.737088755,26341.146341463416,9432568.425137905,31864730.72559931,26341.146341463416,9432814.244808646,31864641.254556164,27316.707317073175,9432468.477267906,31863691.266045608,27316.707317073175
9432864.218743643,31865160.984333016,26828.926829268297,4.924057344132153,9432568.425137905,31864730.72559931,26341.146341463416,9432914.192678643,31865680.714109864,26341.146341463416,9433160.012349382,31865591.24306672,27316.707317073175,9432814.244808646,31864641.254556164,27316.707317073175
9433209.986284383,31866110.97284357,26828.926829268297,5.3546274653816015,9432914.192678643,31865680.714109864,26341.146341463416,9433259.960219381,31866630.702620424,26341.146341463416,9433505.77989012,31866541.231577277,27316.707317073175,9433160.012349382,31865591.24306672,27316.707317073175
9433555.753825119,31867060.96135413,26828.926829268297,5.604398316335077,9433259.960219381,31866630.702620424,26341.146341463416,9433605.72776012,31867580.691130977,26341.146341463416,9433851.547430856,31867491.22008783,27316.707317073175,9433505.77989012,31866541.231577277,27316.707317073175
9433901.521365857,31868010.949864686,26828.926829268297,6.856415318579335,9433605.72776012,31867580.691130977,26341.146341463416,9433951.495300857,31868530.679641534,26341.146341463416,9434197.314971596,31868441.20859839,27316.707317073175,9433851.547430856,31867491.22008783,27316.707317073175
9434247.288906595,31868960.93837524,26828.926829268297,8.42247883832737,9433951.495300857,31868530.679641534,26341.146341463416,9434297.262841593,31869480.668152094,26341.146341463416,9434543.082512334,31869391.197108947,27316.707317073175,9434197.314971596,31868441.20859839,27316.707317073175
9434593.05644733,31869910.9268858,26828.926829268297,7.8762641807532345,9434297.262841593,31869480.668152094,26341.146341463416,9434643.030382331,31870430.65666265,26341.146341463416,9434888.85005307,31870341.185619503,27316.707317073175,9434543.082512334,31869391.197108947,27316.707317073175
9434938.823988069,31870860.915396355,26828.926829268297,5.711752398127479,9434643.030382331,31870430.65666265,26341.146341463416,9434988.797923068,31871380.645173207,26341.146341463416,9435234.617593808,31871291.17413006,27316.707317073175,9434888.85005307,31870341.185619503,27316.707317073175
9435284.591528805,31871810.903906908,26828.926829268297,6.206048934062293,9434988.797923068,31871380.645173207,26341.146341463416,9435334.565463807,31872330.633683763,26341.146341463416,9435580.385134544,31872241.162640616,27316.707317073175,9435234.617593808,31871291.17413006,27316.707317073175
9435630.359069545,31872760.892417468,26828.926829268297,4.5317906054141215,9435334.565463807,31872330.633683763,26341.146341463416,9435680.333004544,31873280.622194316,26341.146341463416,9435926.152675282,31873191.151151173,27316.707317073175,9435580.385134544,31872241.162640616,27316.707317073175
9435976.126610281,31873710.880928025,26828.926829268297,4.831418221392392,9435680.333004544,31873280.622194316,26341.146341463416,9436026.100545282,31874230.610704876,26341.146341463416,9436271.92021602,31874141.13966173,27316.707317073175,9435926.152675282,31873191.151151173,27316.707317073175
9436321.89415102,31874660.86943858,26828.926829268297,5.699884219175832,9436026.100545282,31874230.610704876,26341.146341463416,9436371.868086018,31875180.59921543,26341.146341463416,9436617.687756758,31875091.128172282,27316.707317073175,9436271.92021602,31874141.13966173,27316.707317073175
9436667.661691755,31875610.857949134,26828.926829268297,6.025301369747175,9436371.868086018,31875180.59921543,26341.146341463416,9436717.635626756,31876130.587725986,26341.146341463416,9436963.455297494,31876041.116682842,27316.707317073175,9436617.687756758,31875091.128172282,27316.707317073175
9437013.429232495,31876560.846459694,26828.926829268297,6.08366519769686,9436717.635626756,31876130.587725986,26341.146341463416,9437063.403167492,31877080.576236546,26341.146341463416,9437309.222838232,31876991.1051934,27316.707317073175,9436963.455297494,31876041.116682842,27316.707317073175
9437359.19677323,31877510.83497025,26828.926829268297,4.844366060423653,9437063.403167492,31877080.576236546,26341.146341463416,9437409.17070823,31878030.5647471,26341.146341463416,9437654.990378968,31877941.093703955,27316.707317073175,9437309.222838232,31876991.1051934,27316.707317073175
9437704.964313969,31878460.823480804,26828.926829268297,3.5205572011417106,9437409.17070823,31878030.5647471,26341.146341463416,9437754.93824897,31878980.55325766,26341.146341463416,9438000.757919706,31878891.082214512,27316.707317073175,9437654.990378968,31877941.093703955,27316.707317073175
9438050.731854707,31879410.811991356,26828.926829268297,3.1385405561006787,9437754.93824897,31878980.55325766,26341.146341463416,9438100.705789706,31879930.541768212,26341.146341463416,9438346.525460443,31879841.070725065,27316.707317073175,9438000.757919706,31878891.082214512,27316.707317073175
9438396.499395443,31880360.800501917,26828.926829268297,2.7311384955170044,9438100.705789706,31879930.541768212,26341.146341463416,9438446.473330444,31880880.53027877,26341.146341463416,9438692.293001182,31880791.059235625,27316.707317073175,9438346.525460443,31879841.070725065,27316.707317073175
9438742.266936181,31881310.789012473,26828.926829268297,2.233473191415706,9438446.473330444,31880880.53027877,26341.146341463416,9438792.24087118,31881830.51878933,26341.146341463416,9439038.06054192,31881741.04774618,27316.707317073175,9438692.293001182,31880791.059235625,27316.707317073175
9439088.034476917,31882260.777523037,26828.926829268297,2.482254585762395,9438792.24087118,31881830.51878933,26341.146341463416,9439138.00841192,31882780.507299885,26341.146341463416,9439383.828082656,31882691.036256734,27316.707317073175,9439038.06054192,31881741.04774618,27316.707317073175
9439433.802017657,31883210.766033586,26828.926829268297,2.6225226042147196,9439138.00841192,31882780.507299885,26341.146341463416,9439483.775952656,31883730.495810438,26341.146341463416,9439729.595623394,31883641.024767295,27316.707317073175,9439383.828082656,31882691.036256734,27316.707317073175
9439779.569558393,31884160.754544143,26828.926829268297,2.7784461372888436,9439483.775952656,31883730.495810438,26341.146341463416,9439829.543493394,31884680.484321,26341.146341463416,9440075.363164132,31884591.01327785,27316.707317073175,9439729.595623394,31883641.024767295,27316.707317073175
9440125.337099133,31885110.7430547,26828.926829268297,3.1598802314108365,9439829.543493394,31884680.484321,26341.146341463416,9440175.31103413,31885630.47283155,26341.146341463416,9440421.13070487,31885541.001788408,27316.707317073175,9440075.363164132,31884591.01327785,27316.707317073175
9440471.104639867,31886060.731565256,26828.926829268297,3.8409490391509338,9440175.31103413,31885630.47283155,26341.146341463416,9440521.078574868,31886580.46134211,26341.146341463416,9440766.898245607,31886490.990298964,27316.707317073175,9440421.13070487,31885541.001788408,27316.707317073175
9440816.872180607,31887010.720075812,26828.926829268297,5.468043828072921,9440521.078574868,31886580.46134211,26341.146341463416,9440866.846115604,31887530.449852664,26341.146341463416,9441112.665786345,31887440.978809517,27316.707317073175,9440766.898245607,31886490.990298964,27316.707317073175
9441162.639721343,31887960.70858637,26828.926829268297,6.123864135057449,9440866.846115604,31887530.449852664,26341.146341463416,9441212.613656344,31888480.43836322,26341.146341463416,9441458.43332708,31888390.967320077,27316.707317073175,9441112.665786345,31887440.978809517,27316.707317073175
9441508.407262081,31888910.697096925,26828.926829268297,4.600066347607238,9441212.613656344,31888480.43836322,26341.146341463416,9441558.381197082,31889430.42687378,26341.146341463416,9441804.200867819,31889340.955830634,27316.707317073175,9441458.43332708,31888390.967320077,27316.707317073175
9441854.174802817,31889860.685607485,26828.926829268297,4.158784851156114,9441558.381197082,31889430.42687378,26341.146341463416,9441904.148737818,31890380.415384337,26341.146341463416,9442149.968408557,31890290.94434119,27316.707317073175,9441804.200867819,31889340.955830634,27316.707317073175
9442199.942343555,31890810.67411804,26828.926829268297,3.9129825260386806,9441904.148737818,31890380.415384337,26341.146341463416,9442249.916278556,31891330.40389489,26341.146341463416,9442495.735949295,31891240.932851747,27316.707317073175,9442149.968408557,31890290.94434119,27316.707317073175
9442545.709884293,31891760.662628595,26828.926829268297,3.698503622642391,9442249.916278556,31891330.40389489,26341.146341463416,9442595.683819292,31892280.39240545,26341.146341463416,9442841.503490033,31892190.921362303,27316.707317073175,9442495.735949295,31891240.932851747,27316.707317073175
9442891.47742503,31892710.651139155,26828.926829268297,3.4835588625307605,9442595.683819292,31892280.39240545,26341.146341463416,9442941.45136003,31893230.380916003,26341.146341463416,9443187.271030769,31893140.90987286,27316.707317073175,9442841.503490033,31892190.921362303,27316.707317073175
9443237.244965767,31893660.639649708,26828.926829268297,3.6130827718232705,9442941.45136003,31893230.380916003,26341.146341463416,9443287.218900768,31894180.369426563,26341.146341463416,9443533.038571507,31894090.898383416,27316.707317073175,9443187.271030769,31893140.90987286,27316.707317073175
9423082.779732997,31837521.84648373,27804.487804878052,1.7021750936921551,9422786.98612726,31837091.58775002,27316.707317073175,9423132.753667997,31838041.57626058,27316.707317073175,9423378.573338734,31837952.105217434,28292.26829268293,9423032.805797996,31837002.116706878,28292.26829268293
9423428.547273735,31838471.834994286,27804.487804878052,1.0430854457685141,9423132.753667997,31838041.57626058,27316.707317073175,9423478.521208733,31838991.564771138,27316.707317073175,9423724.340879474,31838902.093727995,28292.26829268293,9423378.573338734,31837952.105217434,28292.26829268293
9423774.314814473,31839421.823504843,27804.487804878052,0.8187287607256337,9423478.521208733,31838991.564771138,27316.707317073175,9423824.288749471,31839941.553281695,27316.707317073175,9424070.10842021,31839852.082238548,28292.26829268293,9423724.340879474,31838902.093727995,28292.26829268293
9424120.082355209,31840371.8120154,27804.487804878052,1.0511039121191754,9423824.288749471,31839941.553281695,27316.707317073175,9424170.056290207,31840891.54179225,27316.707317073175,9424415.875960948,31840802.070749104,28292.26829268293,9424070.10842021,31839852.082238548,28292.26829268293
9424465.849895947,31841321.800525956,27804.487804878052,1.313703092249723,9424170.056290207,31840891.54179225,27316.707317073175,9424515.823830945,31841841.530302804,27316.707317073175,9424761.643501684,31841752.05925966,28292.26829268293,9424415.875960948,31840802.070749104,28292.26829268293
9424811.617436685,31842271.789036512,27804.487804878052,2.3019742602225075,9424515.823830945,31841841.530302804,27316.707317073175,9424861.591371683,31842791.518813364,27316.707317073175,9425107.411042422,31842702.047770217,28292.26829268293,9424761.643501684,31841752.05925966,28292.26829268293
9425157.38497742,31843221.777547073,27804.487804878052,2.0393213352201216,9424861.591371683,31842791.518813364,27316.707317073175,9425207.358912421,31843741.50732392,27316.707317073175,9425453.178583158,31843652.036280774,28292.26829268293,9425107.411042422,31842702.047770217,28292.26829268293
9425503.152518159,31844171.766057625,27804.487804878052,2.1551921604217457,9425207.358912421,31843741.50732392,27316.707317073175,9425553.126453158,31844691.495834477,27316.707317073175,9425798.946123898,31844602.02479133,28292.26829268293,9425453.178583158,31843652.036280774,28292.26829268293
9425848.920058895,31845121.754568182,27804.487804878052,1.7429427658368897,9425553.126453158,31844691.495834477,27316.707317073175,9425898.893993896,31845641.484345034,27316.707317073175,9426144.713664634,31845552.013301887,28292.26829268293,9425798.946123898,31844602.02479133,28292.26829268293
9426194.687599633,31846071.743078742,27804.487804878052,1.433540577314216,9425898.893993896,31845641.484345034,27316.707317073175,9426244.661534633,31846591.47285559,27316.707317073175,9426490.481205372,31846502.001812447,28292.26829268293,9426144.713664634,31845552.013301887,28292.26829268293
9426540.45514037,31847021.731589295,27804.487804878052,1.372895903082805,9426244.661534633,31846591.47285559,27316.707317073175,9426590.429075371,31847541.461366147,27316.707317073175,9426836.248746108,31847451.990323,28292.26829268293,9426490.481205372,31846502.001812447,28292.26829268293
9426886.222681109,31847971.72009985,27804.487804878052,1.2877015139344137,9426590.429075371,31847541.461366147,27316.707317073175,9426936.19661611,31848491.449876703,27316.707317073175,9427182.016286846,31848401.978833556,28292.26829268293,9426836.248746108,31847451.990323,28292.26829268293
9427231.990221847,31848921.70861041,27804.487804878052,1.3623083706675647,9426936.19661611,31848491.449876703,27316.707317073175,9427281.964156846,31849441.438387256,27316.707317073175,9427527.783827584,31849351.967344113,28292.26829268293,9427182.016286846,31848401.978833556,28292.26829268293
9427577.757762585,31849871.69712096,27804.487804878052,1.4516876878172162,9427281.964156846,31849441.438387256,27316.707317073175,9427627.731697584,31850391.426897816,27316.707317073175,9427873.551368322,31850301.95585467,28292.26829268293,9427527.783827584,31849351.967344113,28292.26829268293
9427923.525303321,31850821.685631525,27804.487804878052,1.792168461374933,9427627.731697584,31850391.426897816,27316.707317073175,9427973.49923832,31851341.415408373,27316.707317073175,9428219.31890906,31851251.944365226,28292.26829268293,9427873.551368322,31850301.95585467,28292.26829268293
9428269.292844059,31851771.67414208,27804.487804878052,2.4664450492537107,9427973.49923832,31851341.415408373,27316.707317073175,9428319.26677906,31852291.40391893,27316.707317073175,9428565.086449796,31852201.932875786,28292.26829268293,9428219.31890906,31851251.944365226,28292.26829268293
9428615.060384797,31852721.662652634,27804.487804878052,2.8412845899667265,9428319.26677906,31852291.40391893,27316.707317073175,9428665.034319796,31853241.392429486,27316.707317073175,9428910.853990534,31853151.92138634,28292.26829268293,9428565.086449796,31852201.932875786,28292.26829268293
9428960.827925533,31853671.651163194,27804.487804878052,3.088050583529645,9428665.034319796,31853241.392429486,27316.707317073175,9429010.801860534,31854191.380940042,27316.707317073175,9429256.621531272,31854101.9098969,28292.26829268293,9428910.853990534,31853151.92138634,28292.26829268293
9429306.595466271,31854621.63967375,27804.487804878052,2.8228288372530175,9429010.801860534,31854191.380940042,27316.707317073175,9429356.56940127,31855141.3694506,27316.707317073175,9429602.38907201,31855051.89840745,28292.26829268293,9429256.621531272,31854101.9098969,28292.26829268293
9429652.363007007,31855571.6281843,27804.487804878052,2.6196061567586812,9429356.56940127,31855141.3694506,27316.707317073175,9429702.336942008,31856091.357961155,27316.707317073175,9429948.156612746,31856001.88691801,28292.26829268293,9429602.38907201,31855051.89840745,28292.26829268293
9429998.130547745,31856521.616694864,27804.487804878052,3.251861487108817,9429702.336942008,31856091.357961155,27316.707317073175,9430048.104482744,31857041.346471712,27316.707317073175,9430293.924153484,31856951.87542857,28292.26829268293,9429948.156612746,31856001.88691801,28292.26829268293
9430343.898088481,31857471.60520542,27804.487804878052,2.806066463530537,9430048.104482744,31857041.346471712,27316.707317073175,9430393.872023482,31857991.33498227,27316.707317073175,9430639.69169422,31857901.86393912,28292.26829268293,9430293.924153484,31856951.87542857,28292.26829268293
9430689.66562922,31858421.593715973,27804.487804878052,3.2270514085180535,9430393.872023482,31857991.33498227,27316.707317073175,9430739.639564222,31858941.323492825,27316.707317073175,9430985.459234959,31858851.852449678,28292.26829268293,9430639.69169422,31857901.86393912,28292.26829268293
9431035.43316996,31859371.58222653,27804.487804878052,3.70326226975647,9430739.639564222,31858941.323492825,27316.707317073175,9431085.407104958,31859891.312003378,27316.707317073175,9431331.226775695,31859801.840960234,28292.26829268293,9430985.459234959,31858851.852449678,28292.26829268293
9431381.200710697,31860321.570737083,27804.487804878052,4.029873706029726,9431085.407104958,31859891.312003378,27316.707317073175,9431431.174645696,31860841.300513938,27316.707317073175,9431676.994316434,31860751.82947079,28292.26829268293,9431331.226775695,31859801.840960234,28292.26829268293
9431726.968251433,31861271.559247643,27804.487804878052,3.7200203092336235,9431431.174645696,31860841.300513938,27316.707317073175,9431776.942186432,31861791.289024495,27316.707317073175,9432022.761857172,31861701.817981347,28292.26829268293,9431676.994316434,31860751.82947079,28292.26829268293
9432072.735792171,31862221.5477582,27804.487804878052,3.044684024521531,9431776.942186432,31861791.289024495,27316.707317073175,9432122.70972717,31862741.27753505,27316.707317073175,9432368.529397909,31862651.806491904,28292.26829268293,9432022.761857172,31861701.817981347,28292.26829268293
9432418.503332907,31863171.536268752,27804.487804878052,3.293647599189279,9432122.70972717,31862741.27753505,27316.707317073175,9432468.477267906,31863691.266045608,27316.707317073175,9432714.296938647,31863601.79500246,28292.26829268293,9432368.529397909,31862651.806491904,28292.26829268293
9432764.270873645,31864121.524779312,27804.487804878052,3.1819644721084734,9432468.477267906,31863691.266045608,27316.707317073175,9432814.244808646,31864641.254556164,27316.707317073175,9433060.064479383,31864551.78351302,28292.26829268293,9432714.296938647,31863601.79500246,28292.26829268293
9433110.038414383,31865071.51328987,27804.487804878052,3.3529766016455564,9432814.244808646,31864641.254556164,27316.707317073175,9433160.012349382,31865591.24306672,27316.707317073175,9433405.83202012,31865501.772023574,28292.26829268293,9433060.064479383,31864551.78351302,28292.26829268293
9433455.80595512,31866021.501800425,27804.487804878052,3.365930030046964,9433160.012349382,31865591.24306672,27316.707317073175,9433505.77989012,31866541.231577277,27316.707317073175,9433751.599560859,31866451.76053413,28292.26829268293,9433405.83202012,31865501.772023574,28292.26829268293
9433801.573495857,31866971.490310982,27804.487804878052,4.153244563422503,9433505.77989012,31866541.231577277,27316.707317073175,9433851.547430856,31867491.22008783,27316.707317073175,9434097.367101597,31867401.749044687,28292.26829268293,9433751.599560859,31866451.76053413,28292.26829268293
9434147.341036594,31867921.47882154,27804.487804878052,5.791542302658803,9433851.547430856,31867491.22008783,27316.707317073175,9434197.314971596,31868441.20859839,27316.707317073175,9434443.134642333,31868351.737555243,28292.26829268293,9434097.367101597,31867401.749044687,28292.26829268293
9434493.108577333,31868871.467332095,27804.487804878052,6.060151329316236,9434197.314971596,31868441.20859839,27316.707317073175,9434543.082512334,31869391.197108947,27316.707317073175,9434788.90218307,31869301.726065803,28292.26829268293,9434443.134642333,31868351.737555243,28292.26829268293
9434838.87611807,31869821.45584265,27804.487804878052,6.591376447287652,9434543.082512334,31869391.197108947,27316.707317073175,9434888.85005307,31870341.185619503,27316.707317073175,9435134.669723809,31870251.714576356,28292.26829268293,9434788.90218307,31869301.726065803,28292.26829268293
9435184.64365881,31870771.444353208,27804.487804878052,5.2713673844515485,9434888.85005307,31870341.185619503,27316.707317073175,9435234.617593808,31871291.17413006,27316.707317073175,9435480.437264547,31871201.703086913,28292.26829268293,9435134.669723809,31870251.714576356,28292.26829268293
9435530.411199545,31871721.432863764,27804.487804878052,4.524563066851799,9435234.617593808,31871291.17413006,27316.707317073175,9435580.385134544,31872241.162640616,27316.707317073175,9435826.204805285,31872151.691597473,28292.26829268293,9435480.437264547,31871201.703086913,28292.26829268293
9435876.178740283,31872671.42137432,27804.487804878052,3.8538329227302937,9435580.385134544,31872241.162640616,27316.707317073175,9435926.152675282,31873191.151151173,27316.707317073175,9436171.97234602,31873101.680108026,28292.26829268293,9435826.204805285,31872151.691597473,28292.26829268293
9436221.946281021,31873621.40988488,27804.487804878052,3.0596688370357237,9435926.152675282,31873191.151151173,27316.707317073175,9436271.92021602,31874141.13966173,27316.707317073175,9436517.739886759,31874051.668618582,28292.26829268293,9436171.97234602,31873101.680108026,28292.26829268293
9436567.713821758,31874571.398395434,27804.487804878052,3.6098641639001663,9436271.92021602,31874141.13966173,27316.707317073175,9436617.687756758,31875091.128172282,27316.707317073175,9436863.507427495,31875001.65712914,28292.26829268293,9436517.739886759,31874051.668618582,28292.26829268293
9436913.481362496,31875521.386905987,27804.487804878052,3.3175318866405936,9436617.687756758,31875091.128172282,27316.707317073175,9436963.455297494,31876041.116682842,27316.707317073175,9437209.274968235,31875951.645639695,28292.26829268293,9436863.507427495,31875001.65712914,28292.26829268293
9437259.248903232,31876471.37541655,27804.487804878052,3.589144337857306,9436963.455297494,31876041.116682842,27316.707317073175,9437309.222838232,31876991.1051934,27316.707317073175,9437555.042508971,31876901.634150255,28292.26829268293,9437209.274968235,31875951.645639695,28292.26829268293
9437605.01644397,31877421.363927104,27804.487804878052,3.073517761839219,9437309.222838232,31876991.1051934,27316.707317073175,9437654.990378968,31877941.093703955,27316.707317073175,9437900.810049709,31877851.62266081,28292.26829268293,9437555.042508971,31876901.634150255,28292.26829268293
9437950.783984706,31878371.352437656,27804.487804878052,2.572867899592654,9437654.990378968,31877941.093703955,27316.707317073175,9438000.757919706,31878891.082214512,27316.707317073175,9438246.577590445,31878801.611171365,28292.26829268293,9437900.810049709,31877851.62266081,28292.26829268293
9438296.551525444,31879321.340948213,27804.487804878052,1.8496181699256862,9438000.757919706,31878891.082214512,27316.707317073175,9438346.525460443,31879841.070725065,27316.707317073175,9438592.345131183,31879751.59968192,28292.26829268293,9438246.577590445,31878801.611171365,28292.26829268293
9438642.31906618,31880271.32945877,27804.487804878052,1.2693125460642642,9438346.525460443,31879841.070725065,27316.707317073175,9438692.293001182,31880791.059235625,27316.707317073175,9438938.11267192,31880701.588192478,28292.26829268293,9438592.345131183,31879751.59968192,28292.26829268293
9438988.08660692,31881221.31796933,27804.487804878052,0.8112022617004953,9438692.293001182,31880791.059235625,27316.707317073175,9439038.06054192,31881741.04774618,27316.707317073175,9439283.880212657,31881651.576703034,28292.26829268293,9438938.11267192,31880701.588192478,28292.26829268293
9439333.854147658,31882171.306479882,27804.487804878052,0.6207753979339243,9439038.06054192,31881741.04774618,27316.707317073175,9439383.828082656,31882691.036256734,27316.707317073175,9439629.647753395,31882601.56521359,28292.26829268293,9439283.880212657,31881651.576703034,28292.26829268293
9439679.621688396,31883121.29499044,27804.487804878052,1.3674953143764066,9439383.828082656,31882691.036256734,27316.707317073175,9439729.595623394,31883641.024767295,27316.707317073175,9439975.415294133,31883551.553724147,28292.26829268293,9439629.647753395,31882601.56521359,28292.26829268293
9440025.389229134,31884071.283501,27804.487804878052,1.8551527632244116,9439729.595623394,31883641.024767295,27316.707317073175,9440075.363164132,31884591.01327785,27316.707317073175,9440321.182834871,31884501.542234708,28292.26829268293,9439975.415294133,31883551.553724147,28292.26829268293
9440371.15676987,31885021.272011552,27804.487804878052,2.7151046997025547,9440075.363164132,31884591.01327785,27316.707317073175,9440421.13070487,31885541.001788408,27316.707317073175,9440666.950375607,31885451.53074526,28292.26829268293,9440321.182834871,31884501.542234708,28292.26829268293
9440716.924310608,31885971.26052211,27804.487804878052,2.483128314224125,9440421.13070487,31885541.001788408,27316.707317073175,9440766.898245607,31886490.990298964,27316.707317073175,9441012.717916345,31886401.519255817,28292.26829268293,9440666.950375607,31885451.53074526,28292.26829268293
9441062.691851344,31886921.24903267,27804.487804878052,3.053183349308464,9440766.898245607,31886490.990298964,27316.707317073175,9441112.665786345,31887440.978809517,27316.707317073175,9441358.485457083,31887351.507766373,28292.26829268293,9441012.717916345,31886401.519255817,28292.26829268293
9441408.459392082,31887871.23754322,27804.487804878052,3.206946926207169,9441112.665786345,31887440.978809517,27316.707317073175,9441458.43332708,31888390.967320077,27316.707317073175,9441704.252997821,31888301.49627693,28292.26829268293,9441358.485457083,31887351.507766373,28292.26829268293
9441754.226932818,31888821.22605378,27804.487804878052,2.911219717456977,9441458.43332708,31888390.967320077,27316.707317073175,9441804.200867819,31889340.955830634,27316.707317073175,9442050.020538557,31889251.484787486,28292.26829268293,9441704.252997821,31888301.49627693,28292.26829268293
9442099.994473556,31889771.21456434,27804.487804878052,2.9747541674777866,9441804.200867819,31889340.955830634,27316.707317073175,9442149.968408557,31890290.94434119,27316.707317073175,9442395.788079295,31890201.473298043,28292.26829268293,9442050.020538557,31889251.484787486,28292.26829268293
9442445.762014294,31890721.20307489,27804.487804878052,3.2727625776742877,9442149.968408557,31890290.94434119,27316.707317073175,9442495.735949295,31891240.932851747,27316.707317073175,9442741.555620031,31891151.4618086,28292.26829268293,9442395.788079295,31890201.473298043,28292.26829268293
9442791.529555034,31891671.19158545,27804.487804878052,4.221556334409016,9442495.735949295,31891240.932851747,27316.707317073175,9442841.503490033,31892190.921362303,27316.707317073175,9443087.323160771,31892101.45031916,28292.26829268293,9442741.555620031,31891151.4618086,28292.26829268293
9443137.29709577,31892621.180096008,27804.487804878052,4.247282823288012,9442841.503490033,31892190.921362303,27316.707317073175,9443187.271030769,31893140.90987286,27316.707317073175,9443433.090701507,31893051.438829713,28292.26829268293,9443087.323160771,31892101.45031916,28292.26829268293
9443483.064636508,31893571.16860656,27804.487804878052,3.3617187654622502,9443187.271030769,31893140.90987286,27316.707317073175,9443533.038571507,31894090.898383416,27316.707317073175,9443778.858242245,31894001.42734027,28292.26829268293,9443433.090701507,31893051.438829713,28292.26829268293
9423328.599403735,31837432.375440586,28780.04878048781,0.9951750394069284,9423032.805797996,31837002.116706878,28292.26829268293,9423378.573338734,31837952.105217434,28292.26829268293,9423624.393009473,31837862.63417429,29267.829268292688,9423278.625468737,31836912.64566373,29267.829268292688
9423674.366944473,31838382.36395114,28780.04878048781,0.8130343765381248,9423378.573338734,31837952.105217434,28292.26829268293,9423724.340879474,31838902.093727995,28292.26829268293,9423970.16055021,31838812.622684848,29267.829268292688,9423624.393009473,31837862.63417429,29267.829268292688
9424020.134485211,31839332.352461696,28780.04878048781,0.6367027117397501,9423724.340879474,31838902.093727995,28292.26829268293,9424070.10842021,31839852.082238548,28292.26829268293,9424315.928090947,31839762.6111954,29267.829268292688,9423970.16055021,31838812.622684848,29267.829268292688
9424365.902025947,31840282.340972256,28780.04878048781,0.5999275096609386,9424070.10842021,31839852.082238548,28292.26829268293,9424415.875960948,31840802.070749104,28292.26829268293,9424661.695631687,31840712.59970596,29267.829268292688,9424315.928090947,31839762.6111954,29267.829268292688
9424711.669566685,31841232.32948281,28780.04878048781,0.8042897049494577,9424415.875960948,31840802.070749104,28292.26829268293,9424761.643501684,31841752.05925966,28292.26829268293,9425007.463172425,31841662.588216513,29267.829268292688,9424661.695631687,31840712.59970596,29267.829268292688
9425057.437107421,31842182.31799337,28780.04878048781,1.30918716727936,9424761.643501684,31841752.05925966,28292.26829268293,9425107.411042422,31842702.047770217,28292.26829268293,9425353.23071316,31842612.57672707,29267.829268292688,9425007.463172425,31841662.588216513,29267.829268292688
9425403.20464816,31843132.306503925,28780.04878048781,1.822478592389007,9425107.411042422,31842702.047770217,28292.26829268293,9425453.178583158,31843652.036280774,28292.26829268293,9425698.998253899,31843562.56523763,29267.829268292688,9425353.23071316,31842612.57672707,29267.829268292688
9425748.972188896,31844082.29501448,28780.04878048781,1.6622864387695975,9425453.178583158,31843652.036280774,28292.26829268293,9425798.946123898,31844602.02479133,28292.26829268293,9426044.765794635,31844512.553748183,29267.829268292688,9425698.998253899,31843562.56523763,29267.829268292688
9426094.739729635,31845032.28352504,28780.04878048781,2.06123109318029,9425798.946123898,31844602.02479133,28292.26829268293,9426144.713664634,31845552.013301887,28292.26829268293,9426390.533335373,31845462.542258743,29267.829268292688,9426044.765794635,31844512.553748183,29267.829268292688
9426440.507270373,31845982.272035595,28780.04878048781,2.0306826607218147,9426144.713664634,31845552.013301887,28292.26829268293,9426490.481205372,31846502.001812447,28292.26829268293,9426736.30087611,31846412.5307693,29267.829268292688,9426390.533335373,31845462.542258743,29267.829268292688
9426786.27481111,31846932.260546148,28780.04878048781,1.7244252871749137,9426490.481205372,31846502.001812447,28292.26829268293,9426836.248746108,31847451.990323,28292.26829268293,9427082.068416849,31847362.519279853,29267.829268292688,9426736.30087611,31846412.5307693,29267.829268292688
9427132.042351848,31847882.249056708,28780.04878048781,1.434335408901258,9426836.248746108,31847451.990323,28292.26829268293,9427182.016286846,31848401.978833556,28292.26829268293,9427427.835957585,31848312.507790413,29267.829268292688,9427082.068416849,31847362.519279853,29267.829268292688
9427477.809892584,31848832.237567265,28780.04878048781,1.4850988449823752,9427182.016286846,31848401.978833556,28292.26829268293,9427527.783827584,31849351.967344113,28292.26829268293,9427773.603498323,31849262.496300966,29267.829268292688,9427427.835957585,31848312.507790413,29267.829268292688
9427823.577433322,31849782.226077817,28780.04878048781,2.2072520068776504,9427527.783827584,31849351.967344113,28292.26829268293,9427873.551368322,31850301.95585467,28292.26829268293,9428119.371039059,31850212.484811522,29267.829268292688,9427773.603498323,31849262.496300966,29267.829268292688
9428169.34497406,31850732.214588378,28780.04878048781,2.460380733832099,9427873.551368322,31850301.95585467,28292.26829268293,9428219.31890906,31851251.944365226,28292.26829268293,9428465.138579797,31851162.473322082,29267.829268292688,9428119.371039059,31850212.484811522,29267.829268292688
9428515.112514798,31851682.203098934,28780.04878048781,2.85088542538852,9428219.31890906,31851251.944365226,28292.26829268293,9428565.086449796,31852201.932875786,28292.26829268293,9428810.906120537,31852112.46183264,29267.829268292688,9428465.138579797,31851162.473322082,29267.829268292688
9428860.880055534,31852632.19160949,28780.04878048781,3.3220956809520956,9428565.086449796,31852201.932875786,28292.26829268293,9428910.853990534,31853151.92138634,28292.26829268293,9429156.673661273,31853062.450343195,29267.829268292688,9428810.906120537,31852112.46183264,29267.829268292688
9429206.647596272,31853582.180120047,28780.04878048781,2.861162933977719,9428910.853990534,31853151.92138634,28292.26829268293,9429256.621531272,31854101.9098969,28292.26829268293,9429502.441202011,31854012.438853752,29267.829268292688,9429156.673661273,31853062.450343195,29267.829268292688
9429552.41513701,31854532.168630604,28780.04878048781,3.334494805900998,9429256.621531272,31854101.9098969,28292.26829268293,9429602.38907201,31855051.89840745,28292.26829268293,9429848.208742747,31854962.427364305,29267.829268292688,9429502.441202011,31854012.438853752,29267.829268292688
9429898.182677748,31855482.157141156,28780.04878048781,3.2648950482971353,9429602.38907201,31855051.89840745,28292.26829268293,9429948.156612746,31856001.88691801,28292.26829268293,9430193.976283487,31855912.415874865,29267.829268292688,9429848.208742747,31854962.427364305,29267.829268292688
9430243.950218486,31856432.145651717,28780.04878048781,3.1036303733102364,9429948.156612746,31856001.88691801,28292.26829268293,9430293.924153484,31856951.87542857,28292.26829268293,9430539.743824223,31856862.404385418,29267.829268292688,9430193.976283487,31855912.415874865,29267.829268292688
9430589.717759222,31857382.134162277,28780.04878048781,2.730806913266382,9430293.924153484,31856951.87542857,28292.26829268293,9430639.69169422,31857901.86393912,28292.26829268293,9430885.511364961,31857812.392895974,29267.829268292688,9430539.743824223,31856862.404385418,29267.829268292688
9430935.48529996,31858332.122672826,28780.04878048781,2.602655264204515,9430639.69169422,31857901.86393912,28292.26829268293,9430985.459234959,31858851.852449678,28292.26829268293,9431231.278905697,31858762.381406534,29267.829268292688,9430885.511364961,31857812.392895974,29267.829268292688
9431281.252840696,31859282.111183383,28780.04878048781,2.943667254793042,9430985.459234959,31858851.852449678,28292.26829268293,9431331.226775695,31859801.840960234,28292.26829268293,9431577.046446435,31859712.369917087,29267.829268292688,9431231.278905697,31858762.381406534,29267.829268292688
9431627.020381434,31860232.09969394,28780.04878048781,2.980005132676158,9431331.226775695,31859801.840960234,28292.26829268293,9431676.994316434,31860751.82947079,28292.26829268293,9431922.813987171,31860662.358427648,29267.829268292688,9431577.046446435,31859712.369917087,29267.829268292688
9431972.787922172,31861182.088204496,28780.04878048781,2.9697961135389415,9431676.994316434,31860751.82947079,28292.26829268293,9432022.761857172,31861701.817981347,28292.26829268293,9432268.58152791,31861612.3469382,29267.829268292688,9431922.813987171,31860662.358427648,29267.829268292688
9432318.55546291,31862132.076715052,28780.04878048781,2.6283274062297166,9432022.761857172,31861701.817981347,28292.26829268293,9432368.529397909,31862651.806491904,28292.26829268293,9432614.349068647,31862562.335448757,29267.829268292688,9432268.58152791,31861612.3469382,29267.829268292688
9432664.323003646,31863082.06522561,28780.04878048781,2.532389832478422,9432368.529397909,31862651.806491904,28292.26829268293,9432714.296938647,31863601.79500246,28292.26829268293,9432960.116609385,31863512.323959317,29267.829268292688,9432614.349068647,31862562.335448757,29267.829268292688
9433010.090544384,31864032.053736165,28780.04878048781,3.8329717795539042,9432714.296938647,31863601.79500246,28292.26829268293,9433060.064479383,31864551.78351302,28292.26829268293,9433305.884150123,31864462.312469874,29267.829268292688,9432960.116609385,31863512.323959317,29267.829268292688
9433355.85808512,31864982.042246725,28780.04878048781,3.815371090996067,9433060.064479383,31864551.78351302,28292.26829268293,9433405.83202012,31865501.772023574,28292.26829268293,9433651.65169086,31865412.300980426,29267.829268292688,9433305.884150123,31864462.312469874,29267.829268292688
9433701.625625858,31865932.03075728,28780.04878048781,3.3879412189072458,9433405.83202012,31865501.772023574,28292.26829268293,9433751.599560859,31866451.76053413,28292.26829268293,9433997.419231597,31866362.289490987,29267.829268292688,9433651.65169086,31865412.300980426,29267.829268292688
9434047.393166596,31866882.019267835,28780.04878048781,3.627567441393137,9433751.599560859,31866451.76053413,28292.26829268293,9434097.367101597,31867401.749044687,28292.26829268293,9434343.186772333,31867312.27800154,29267.829268292688,9433997.419231597,31866362.289490987,29267.829268292688
9434393.160707334,31867832.007778395,28780.04878048781,3.660578721422989,9434097.367101597,31867401.749044687,28292.26829268293,9434443.134642333,31868351.737555243,28292.26829268293,9434688.954313073,31868262.2665121,29267.829268292688,9434343.186772333,31867312.27800154,29267.829268292688
9434738.928248072,31868781.996288948,28780.04878048781,4.102039866082073,9434443.134642333,31868351.737555243,28292.26829268293,9434788.90218307,31869301.726065803,28292.26829268293,9435034.72185381,31869212.255022652,29267.829268292688,9434688.954313073,31868262.2665121,29267.829268292688
9435084.69578881,31869731.984799504,28780.04878048781,4.289597492250789,9434788.90218307,31869301.726065803,28292.26829268293,9435134.669723809,31870251.714576356,28292.26829268293,9435380.489394547,31870162.24353321,29267.829268292688,9435034.72185381,31869212.255022652,29267.829268292688
9435430.463329546,31870681.973310065,28780.04878048781,3.6195780351188587,9435134.669723809,31870251.714576356,28292.26829268293,9435480.437264547,31871201.703086913,28292.26829268293,9435726.256935284,31871112.23204377,29267.829268292688,9435380.489394547,31870162.24353321,29267.829268292688
9435776.230870284,31871631.961820617,28780.04878048781,3.57856356506781,9435480.437264547,31871201.703086913,28292.26829268293,9435826.204805285,31872151.691597473,28292.26829268293,9436072.024476022,31872062.220554326,29267.829268292688,9435726.256935284,31871112.23204377,29267.829268292688
9436121.998411022,31872581.950331178,28780.04878048781,3.652027278451033,9435826.204805285,31872151.691597473,28292.26829268293,9436171.97234602,31873101.680108026,28292.26829268293,9436417.792016758,31873012.20906488,29267.829268292688,9436072.024476022,31872062.220554326,29267.829268292688
9436467.765951758,31873531.938841734,28780.04878048781,2.4978411492380044,9436171.97234602,31873101.680108026,28292.26829268293,9436517.739886759,31874051.668618582,28292.26829268293,9436763.559557498,31873962.19757544,29267.829268292688,9436417.792016758,31873012.20906488,29267.829268292688
9436813.533492496,31874481.927352287,28780.04878048781,2.135703520760412,9436517.739886759,31874051.668618582,28292.26829268293,9436863.507427495,31875001.65712914,28292.26829268293,9437109.327098235,31874912.18608599,29267.829268292688,9436763.559557498,31873962.19757544,29267.829268292688
9437159.301033232,31875431.915862843,28780.04878048781,2.3569547459210565,9436863.507427495,31875001.65712914,28292.26829268293,9437209.274968235,31875951.645639695,28292.26829268293,9437455.094638972,31875862.17459655,29267.829268292688,9437109.327098235,31874912.18608599,29267.829268292688
9437505.068573972,31876381.904373404,28780.04878048781,2.1193606859844576,9437209.274968235,31875951.645639695,28292.26829268293,9437555.042508971,31876901.634150255,28292.26829268293,9437800.86217971,31876812.16310711,29267.829268292688,9437455.094638972,31875862.17459655,29267.829268292688
9437850.836114708,31877331.892883956,28780.04878048781,1.7724539143854334,9437555.042508971,31876901.634150255,28292.26829268293,9437900.810049709,31877851.62266081,28292.26829268293,9438146.629720446,31877762.15161766,29267.829268292688,9437800.86217971,31876812.16310711,29267.829268292688
9438196.603655446,31878281.881394513,28780.04878048781,1.6309241594050659,9437900.810049709,31877851.62266081,28292.26829268293,9438246.577590445,31878801.611171365,28292.26829268293,9438492.397261186,31878712.14012822,29267.829268292688,9438146.629720446,31877762.15161766,29267.829268292688
9438542.371196184,31879231.869905066,28780.04878048781,1.2953227323304433,9438246.577590445,31878801.611171365,28292.26829268293,9438592.345131183,31879751.59968192,28292.26829268293,9438838.164801922,31879662.128638774,29267.829268292688,9438492.397261186,31878712.14012822,29267.829268292688
9438888.13873692,31880181.858415626,28780.04878048781,0.812805602234274,9438592.345131183,31879751.59968192,28292.26829268293,9438938.11267192,31880701.588192478,28292.26829268293,9439183.93234266,31880612.11714933,29267.829268292688,9438838.164801922,31879662.128638774,29267.829268292688
9439233.906277658,31881131.846926183,28780.04878048781,0.6303658845391118,9438938.11267192,31880701.588192478,28292.26829268293,9439283.880212657,31881651.576703034,28292.26829268293,9439529.699883396,31881562.105659887,29267.829268292688,9439183.93234266,31880612.11714933,29267.829268292688
9439579.673818396,31882081.835436735,28780.04878048781,0.7424350837493487,9439283.880212657,31881651.576703034,28292.26829268293,9439629.647753395,31882601.56521359,28292.26829268293,9439875.467424134,31882512.094170444,29267.829268292688,9439529.699883396,31881562.105659887,29267.829268292688
9439925.441359133,31883031.823947296,28780.04878048781,0.9275543332065779,9439629.647753395,31882601.56521359,28292.26829268293,9439975.415294133,31883551.553724147,28292.26829268293,9440221.23496487,31883462.082681004,29267.829268292688,9439875.467424134,31882512.094170444,29267.829268292688
9440271.20889987,31883981.812457852,28780.04878048781,1.245307745002182,9439975.415294133,31883551.553724147,28292.26829268293,9440321.182834871,31884501.542234708,28292.26829268293,9440567.00250561,31884412.07119156,29267.829268292688,9440221.23496487,31883462.082681004,29267.829268292688
9440616.976440609,31884931.800968405,28780.04878048781,1.8717337659976376,9440321.182834871,31884501.542234708,28292.26829268293,9440666.950375607,31885451.53074526,28292.26829268293,9440912.770046348,31885362.059702113,29267.829268292688,9440567.00250561,31884412.07119156,29267.829268292688
9440962.743981345,31885881.789478965,28780.04878048781,1.3193911453291436,9440666.950375607,31885451.53074526,28292.26829268293,9441012.717916345,31886401.519255817,28292.26829268293,9441258.537587084,31886312.048212674,29267.829268292688,9440912.770046348,31885362.059702113,29267.829268292688
9441308.511522083,31886831.77798952,28780.04878048781,1.3447424771926086,9441012.717916345,31886401.519255817,28292.26829268293,9441358.485457083,31887351.507766373,28292.26829268293,9441604.305127822,31887262.036723226,29267.829268292688,9441258.537587084,31886312.048212674,29267.829268292688
9441654.27906282,31887781.76650008,28780.04878048781,2.1130480670453564,9441358.485457083,31887351.507766373,28292.26829268293,9441704.252997821,31888301.49627693,28292.26829268293,9441950.072668558,31888212.025233783,29267.829268292688,9441604.305127822,31887262.036723226,29267.829268292688
9442000.046603559,31888731.755010635,28780.04878048781,1.856636406254678,9441704.252997821,31888301.49627693,28292.26829268293,9442050.020538557,31889251.484787486,28292.26829268293,9442295.840209296,31889162.013744343,29267.829268292688,9441950.072668558,31888212.025233783,29267.829268292688
9442345.814144297,31889681.74352119,28780.04878048781,1.9302036179158268,9442050.020538557,31889251.484787486,28292.26829268293,9442395.788079295,31890201.473298043,28292.26829268293,9442641.607750034,31890112.002254896,29267.829268292688,9442295.840209296,31889162.013744343,29267.829268292688
9442691.581685033,31890631.732031748,28780.04878048781,2.2630227758958914,9442395.788079295,31890201.473298043,28292.26829268293,9442741.555620031,31891151.4618086,28292.26829268293,9442987.375290772,31891061.990765456,29267.829268292688,9442641.607750034,31890112.002254896,29267.829268292688
9443037.34922577,31891581.720542304,28780.04878048781,2.2478243575321737,9442741.555620031,31891151.4618086,28292.26829268293,9443087.323160771,31892101.45031916,28292.26829268293,9443333.142831508,31892011.979276013,29267.829268292688,9442987.375290772,31891061.990765456,29267.829268292688
9443383.116766509,31892531.70905286,28780.04878048781,2.2842254669186612,9443087.323160771,31892101.45031916,28292.26829268293,9443433.090701507,31893051.438829713,28292.26829268293,9443678.910372246,31892961.967786565,29267.829268292688,9443333.142831508,31892011.979276013,29267.829268292688
9443728.884307245,31893481.697563417,28780.04878048781,2.06860321947302,9443433.090701507,31893051.438829713,28292.26829268293,9443778.858242245,31894001.42734027,28292.26829268293,9444024.677912984,31893911.956297126,29267.829268292688,9443678.910372246,31892961.967786565,29267.829268292688
9423574.419074474,31837342.90439744,29755.60975609756,0.6286093034981427,9423278.625468737,31836912.64566373,29267.829268292688,9423624.393009473,31837862.63417429,29267.829268292688,9423870.212680211,31837773.163131144,30243.390243902442,9423524.445139473,31836823.174620587,30243.390243902442
9423920.18661521,31838292.892907992,29755.60975609756,0.5141373567590994,9423624.393009473,31837862.63417429,29267.829268292688,9423970.16055021,31838812.622684848,29267.829268292688,9424215.98022095,31838723.1516417,30243.390243902442,9423870.212680211,31837773.163131144,30243.390243902442
9424265.954155948,31839242.881418552,29755.60975609756,0.4536291504804452,9423970.16055021,31838812.622684848,29267.829268292688,9424315.928090947,31839762.6111954,29267.829268292688,9424561.747761687,31839673.140152257,30243.390243902442,9424215.98022095,31838723.1516417,30243.390243902442
9424611.721696684,31840192.86992911,29755.60975609756,0.36303327751445447,9424315.928090947,31839762.6111954,29267.829268292688,9424661.695631687,31840712.59970596,29267.829268292688,9424907.515302423,31840623.128662813,30243.390243902442,9424561.747761687,31839673.140152257,30243.390243902442
9424957.489237424,31841142.858439665,29755.60975609756,0.38704697228904417,9424661.695631687,31840712.59970596,29267.829268292688,9425007.463172425,31841662.588216513,29267.829268292688,9425253.282843161,31841573.117173366,30243.390243902442,9424907.515302423,31840623.128662813,30243.390243902442
9425303.256778162,31842092.84695022,29755.60975609756,0.358866968779478,9425007.463172425,31841662.588216513,29267.829268292688,9425353.23071316,31842612.57672707,29267.829268292688,9425599.0503839,31842523.105683926,30243.390243902442,9425253.282843161,31841573.117173366,30243.390243902442
9425649.024318898,31843042.83546078,29755.60975609756,0.6816761864614348,9425353.23071316,31842612.57672707,29267.829268292688,9425698.998253899,31843562.56523763,29267.829268292688,9425944.817924637,31843473.094194483,30243.390243902442,9425599.0503839,31842523.105683926,30243.390243902442
9425994.791859638,31843992.823971335,29755.60975609756,1.129197777234406,9425698.998253899,31843562.56523763,29267.829268292688,9426044.765794635,31844512.553748183,29267.829268292688,9426290.585465375,31844423.08270504,30243.390243902442,9425944.817924637,31843473.094194483,30243.390243902442
9426340.559400372,31844942.81248189,29755.60975609756,1.2093954136241098,9426044.765794635,31844512.553748183,29267.829268292688,9426390.533335373,31845462.542258743,29267.829268292688,9426636.353006111,31845373.071215596,30243.390243902442,9426290.585465375,31844423.08270504,30243.390243902442
9426686.326941112,31845892.800992448,29755.60975609756,1.145523931412237,9426390.533335373,31845462.542258743,29267.829268292688,9426736.30087611,31846412.5307693,29267.829268292688,9426982.12054685,31846323.059726153,30243.390243902442,9426636.353006111,31845373.071215596,30243.390243902442
9427032.094481848,31846842.789503004,29755.60975609756,1.1856679020759238,9426736.30087611,31846412.5307693,29267.829268292688,9427082.068416849,31847362.519279853,29267.829268292688,9427327.888087586,31847273.04823671,30243.390243902442,9426982.12054685,31846323.059726153,30243.390243902442
9427377.862022586,31847792.77801356,29755.60975609756,1.6153711527247465,9427082.068416849,31847362.519279853,29267.829268292688,9427427.835957585,31848312.507790413,29267.829268292688,9427673.655628325,31848223.036747266,30243.390243902442,9427327.888087586,31847273.04823671,30243.390243902442
9427723.629563322,31848742.76652412,29755.60975609756,2.3840924994184665,9427427.835957585,31848312.507790413,29267.829268292688,9427773.603498323,31849262.496300966,29267.829268292688,9428019.423169062,31849173.02525782,30243.390243902442,9427673.655628325,31848223.036747266,30243.390243902442
9428069.39710406,31849692.75503467,29755.60975609756,2.8295214018702257,9427773.603498323,31849262.496300966,29267.829268292688,9428119.371039059,31850212.484811522,29267.829268292688,9428365.1907098,31850123.01376838,30243.390243902442,9428019.423169062,31849173.02525782,30243.390243902442
9428415.164644796,31850642.74354523,29755.60975609756,3.1390442927023567,9428119.371039059,31850212.484811522,29267.829268292688,9428465.138579797,31851162.473322082,29267.829268292688,9428710.958250536,31851073.002278935,30243.390243902442,9428365.1907098,31850123.01376838,30243.390243902442
9428760.932185534,31851592.73205579,29755.60975609756,3.2342607765222136,9428465.138579797,31851162.473322082,29267.829268292688,9428810.906120537,31852112.46183264,29267.829268292688,9429056.725791274,31852022.99078949,30243.390243902442,9428710.958250536,31851073.002278935,30243.390243902442
9429106.699726272,31852542.72056634,29755.60975609756,2.886146406579428,9428810.906120537,31852112.46183264,29267.829268292688,9429156.673661273,31853062.450343195,29267.829268292688,9429402.49333201,31852972.97930005,30243.390243902442,9429056.725791274,31852022.99078949,30243.390243902442
9429452.46726701,31853492.7090769,29755.60975609756,2.955258498411036,9429156.673661273,31853062.450343195,29267.829268292688,9429502.441202011,31854012.438853752,29267.829268292688,9429748.26087275,31853922.967810605,30243.390243902442,9429402.49333201,31852972.97930005,30243.390243902442
9429798.23480775,31854442.69758746,29755.60975609756,3.463234387003382,9429502.441202011,31854012.438853752,29267.829268292688,9429848.208742747,31854962.427364305,29267.829268292688,9430094.028413488,31854872.95632116,30243.390243902442,9429748.26087275,31853922.967810605,30243.390243902442
9430144.002348486,31855392.68609801,29755.60975609756,3.912299570515651,9429848.208742747,31854962.427364305,29267.829268292688,9430193.976283487,31855912.415874865,29267.829268292688,9430439.795954224,31855822.944831718,30243.390243902442,9430094.028413488,31854872.95632116,30243.390243902442
9430489.769889224,31856342.67460857,29755.60975609756,4.216279104029898,9430193.976283487,31855912.415874865,29267.829268292688,9430539.743824223,31856862.404385418,29267.829268292688,9430785.563494962,31856772.93334227,30243.390243902442,9430439.795954224,31855822.944831718,30243.390243902442
9430835.53742996,31857292.663119122,29755.60975609756,3.990086592518049,9430539.743824223,31856862.404385418,29267.829268292688,9430885.511364961,31857812.392895974,29267.829268292688,9431131.331035698,31857722.92185283,30243.390243902442,9430785.563494962,31856772.93334227,30243.390243902442
9431181.304970698,31858242.65162968,29755.60975609756,3.8540584265612634,9430885.511364961,31857812.392895974,29267.829268292688,9431231.278905697,31858762.381406534,29267.829268292688,9431477.098576436,31858672.910363387,30243.390243902442,9431131.331035698,31857722.92185283,30243.390243902442
9431527.072511435,31859192.64014024,29755.60975609756,4.024252052450899,9431231.278905697,31858762.381406534,29267.829268292688,9431577.046446435,31859712.369917087,29267.829268292688,9431822.866117172,31859622.898873944,30243.390243902442,9431477.098576436,31858672.910363387,30243.390243902442
9431872.840052173,31860142.628650792,29755.60975609756,3.3007356453214802,9431577.046446435,31859712.369917087,29267.829268292688,9431922.813987171,31860662.358427648,29267.829268292688,9432168.633657912,31860572.8873845,30243.390243902442,9431822.866117172,31859622.898873944,30243.390243902442
9432218.607592909,31861092.61716135,29755.60975609756,3.1438506171206733,9431922.813987171,31860662.358427648,29267.829268292688,9432268.58152791,31861612.3469382,29267.829268292688,9432514.401198648,31861522.875895053,30243.390243902442,9432168.633657912,31860572.8873845,30243.390243902442
9432564.375133647,31862042.60567191,29755.60975609756,3.3314405287044253,9432268.58152791,31861612.3469382,29267.829268292688,9432614.349068647,31862562.335448757,29267.829268292688,9432860.168739386,31862472.864405613,30243.390243902442,9432514.401198648,31861522.875895053,30243.390243902442
9432910.142674385,31862992.59418246,29755.60975609756,3.5595601173603506,9432614.349068647,31862562.335448757,29267.829268292688,9432960.116609385,31863512.323959317,29267.829268292688,9433205.936280122,31863422.85291617,30243.390243902442,9432860.168739386,31862472.864405613,30243.390243902442
9433255.910215123,31863942.58269302,29755.60975609756,3.8091982685297037,9432960.116609385,31863512.323959317,29267.829268292688,9433305.884150123,31864462.312469874,29267.829268292688,9433551.703820862,31864372.841426723,30243.390243902442,9433205.936280122,31863422.85291617,30243.390243902442
9433601.677755862,31864892.57120358,29755.60975609756,3.745939965221206,9433305.884150123,31864462.312469874,29267.829268292688,9433651.65169086,31865412.300980426,29267.829268292688,9433897.4713616,31865322.829937283,30243.390243902442,9433551.703820862,31864372.841426723,30243.390243902442
9433947.445296597,31865842.55971413,29755.60975609756,4.016519405020377,9433651.65169086,31865412.300980426,29267.829268292688,9433997.419231597,31866362.289490987,29267.829268292688,9434243.238902336,31866272.81844784,30243.390243902442,9433897.4713616,31865322.829937283,30243.390243902442
9434293.212837337,31866792.54822469,29755.60975609756,4.419333962268784,9433997.419231597,31866362.289490987,29267.829268292688,9434343.186772333,31867312.27800154,29267.829268292688,9434589.006443074,31867222.806958396,30243.390243902442,9434243.238902336,31866272.81844784,30243.390243902442
9434638.980378073,31867742.536735248,29755.60975609756,4.2673982515051305,9434343.186772333,31867312.27800154,29267.829268292688,9434688.954313073,31868262.2665121,29267.829268292688,9434934.77398381,31868172.795468953,30243.390243902442,9434589.006443074,31867222.806958396,30243.390243902442
9434984.74791881,31868692.5252458,29755.60975609756,3.6080037207476514,9434688.954313073,31868262.2665121,29267.829268292688,9435034.72185381,31869212.255022652,29267.829268292688,9435280.541524548,31869122.783979505,30243.390243902442,9434934.77398381,31868172.795468953,30243.390243902442
9435330.515459547,31869642.513756357,29755.60975609756,2.753097612990412,9435034.72185381,31869212.255022652,29267.829268292688,9435380.489394547,31870162.24353321,29267.829268292688,9435626.309065286,31870072.772490066,30243.390243902442,9435280.541524548,31869122.783979505,30243.390243902442
9435676.283000285,31870592.502266917,29755.60975609756,2.299938974456559,9435380.489394547,31870162.24353321,29267.829268292688,9435726.256935284,31871112.23204377,29267.829268292688,9435972.076606024,31871022.761000622,30243.390243902442,9435626.309065286,31870072.772490066,30243.390243902442
9436022.05054102,31871542.490777474,29755.60975609756,2.1620986864383807,9435726.256935284,31871112.23204377,29267.829268292688,9436072.024476022,31872062.220554326,29267.829268292688,9436317.84414676,31871972.74951118,30243.390243902442,9435972.076606024,31871022.761000622,30243.390243902442
9436367.818081759,31872492.47928803,29755.60975609756,1.8266571539857164,9436072.024476022,31872062.220554326,29267.829268292688,9436417.792016758,31873012.20906488,29267.829268292688,9436663.611687498,31872922.738021735,30243.390243902442,9436317.84414676,31871972.74951118,30243.390243902442
9436713.585622495,31873442.467798587,29755.60975609756,1.8447249059374626,9436417.792016758,31873012.20906488,29267.829268292688,9436763.559557498,31873962.19757544,29267.829268292688,9437009.379228234,31873872.72653229,30243.390243902442,9436663.611687498,31872922.738021735,30243.390243902442
9437059.353163235,31874392.456309143,29755.60975609756,1.6073046856523787,9436763.559557498,31873962.19757544,29267.829268292688,9437109.327098235,31874912.18608599,29267.829268292688,9437355.146768972,31874822.71504285,30243.390243902442,9437009.379228234,31873872.72653229,30243.390243902442
9437405.120703973,31875342.444819696,29755.60975609756,1.2687715377565576,9437109.327098235,31874912.18608599,29267.829268292688,9437455.094638972,31875862.17459655,29267.829268292688,9437700.91430971,31875772.703553405,30243.390243902442,9437355.146768972,31874822.71504285,30243.390243902442
9437750.888244709,31876292.433330256,29755.60975609756,0.9354558770179429,9437455.094638972,31875862.17459655,29267.829268292688,9437800.86217971,31876812.16310711,29267.829268292688,9438046.681850448,31876722.692063957,30243.390243902442,9437700.91430971,31875772.703553405,30243.390243902442
9438096.655785449,31877242.42184081,29755.60975609756,0.8564076521991089,9437800.86217971,31876812.16310711,29267.829268292688,9438146.629720446,31877762.15161766,29267.829268292688,9438392.449391186,31877672.680574518,30243.390243902442,9438046.681850448,31876722.692063957,30243.390243902442
9438442.423326185,31878192.410351366,29755.60975609756,1.132469918281435,9438146.629720446,31877762.15161766,29267.829268292688,9438492.397261186,31878712.14012822,29267.829268292688,9438738.216931922,31878622.669085074,30243.390243902442,9438392.449391186,31877672.680574518,30243.390243902442
9438788.190866923,31879142.398861922,29755.60975609756,1.0872579569051575,9438492.397261186,31878712.14012822,29267.829268292688,9438838.164801922,31879662.128638774,29267.829268292688,9439083.98447266,31879572.657595627,30243.390243902442,9438738.216931922,31878622.669085074,30243.390243902442
9439133.95840766,31880092.38737248,29755.60975609756,0.8756755666367557,9438838.164801922,31879662.128638774,29267.829268292688,9439183.93234266,31880612.11714933,29267.829268292688,9439429.752013398,31880522.646106187,30243.390243902442,9439083.98447266,31879572.657595627,30243.390243902442
9439479.725948397,31881042.375883035,29755.60975609756,0.3784489103549253,9439183.93234266,31880612.11714933,29267.829268292688,9439529.699883396,31881562.105659887,29267.829268292688,9439775.519554136,31881472.63461674,30243.390243902442,9439429.752013398,31880522.646106187,30243.390243902442
9439825.493489133,31881992.364393592,29755.60975609756,0.2691811548674228,9439529.699883396,31881562.105659887,29267.829268292688,9439875.467424134,31882512.094170444,29267.829268292688,9440121.287094872,31882422.6231273,30243.390243902442,9439775.519554136,31881472.63461674,30243.390243902442
9440171.261029871,31882942.35290415,29755.60975609756,0.4151000693227141,9439875.467424134,31882512.094170444,29267.829268292688,9440221.23496487,31883462.082681004,29267.829268292688,9440467.05463561,31883372.611637857,30243.390243902442,9440121.287094872,31882422.6231273,30243.390243902442
9440517.028570607,31883892.341414705,29755.60975609756,0.35069877633437724,9440221.23496487,31883462.082681004,29267.829268292688,9440567.00250561,31884412.07119156,29267.829268292688,9440812.822176347,31884322.600148413,30243.390243902442,9440467.05463561,31883372.611637857,30243.390243902442
9440862.796111347,31884842.32992526,29755.60975609756,0.3996747216810642,9440567.00250561,31884412.07119156,29267.829268292688,9440912.770046348,31885362.059702113,29267.829268292688,9441158.589717085,31885272.58865897,30243.390243902442,9440812.822176347,31884322.600148413,30243.390243902442
9441208.563652085,31885792.318435818,29755.60975609756,0.4262131181102957,9440912.770046348,31885362.059702113,29267.829268292688,9441258.537587084,31886312.048212674,29267.829268292688,9441504.357257823,31886222.577169526,30243.390243902442,9441158.589717085,31885272.58865897,30243.390243902442
9441554.331192821,31886742.30694638,29755.60975609756,0.5378105088561352,9441258.537587084,31886312.048212674,29267.829268292688,9441604.305127822,31887262.036723226,29267.829268292688,9441850.12479856,31887172.56568008,30243.390243902442,9441504.357257823,31886222.577169526,30243.390243902442
9441900.098733561,31887692.29545693,29755.60975609756,0.6166225448555782,9441604.305127822,31887262.036723226,29267.829268292688,9441950.072668558,31888212.025233783,29267.829268292688,9442195.892339299,31888122.55419064,30243.390243902442,9441850.12479856,31887172.56568008,30243.390243902442
9442245.866274295,31888642.283967488,29755.60975609756,0.6482809353639765,9441950.072668558,31888212.025233783,29267.829268292688,9442295.840209296,31889162.013744343,29267.829268292688,9442541.659880035,31889072.542701192,30243.390243902442,9442195.892339299,31888122.55419064,30243.390243902442
9442591.633815035,31889592.272478048,29755.60975609756,0.9811827893986287,9442295.840209296,31889162.013744343,29267.829268292688,9442641.607750034,31890112.002254896,29267.829268292688,9442887.427420773,31890022.531211752,30243.390243902442,9442541.659880035,31889072.542701192,30243.390243902442
9442937.401355771,31890542.2609886,29755.60975609756,1.3058236263503533,9442641.607750034,31890112.002254896,29267.829268292688,9442987.375290772,31891061.990765456,29267.829268292688,9443233.194961509,31890972.51972231,30243.390243902442,9442887.427420773,31890022.531211752,30243.390243902442
9443283.16889651,31891492.249499157,29755.60975609756,1.1741954722892776,9442987.375290772,31891061.990765456,29267.829268292688,9443333.142831508,31892011.979276013,29267.829268292688,9443578.962502249,31891922.508232865,30243.390243902442,9443233.194961509,31890972.51972231,30243.390243902442
9443628.936437245,31892442.238009717,29755.60975609756,1.0804473941190038,9443333.142831508,31892011.979276013,29267.829268292688,9443678.910372246,31892961.967786565,29267.829268292688,9443924.730042985,31892872.496743422,30243.390243902442,9443578.962502249,31891922.508232865,30243.390243902442
9443974.703977983,31893392.22652027,29755.60975609756,0.7507111007800273,9443678.910372246,31892961.967786565,29267.829268292688,9444024.677912984,31893911.956297126,29267.829268292688,9444270.497583723,31893822.48525398,30243.390243902442,9443924.730042985,31892872.496743422,30243.390243902442
9423820.23874521,31837253.433354292,30731.170731707323,1.0017575070916367,9423524.445139473,31836823.174620587,30243.390243902442,9423870.212680211,31837773.163131144,30243.390243902442,9424116.03235095,31837683.692087997,31218.9512195122,9423770.264810214,31836733.70357744,31218.9512195122
9424166.006285949,31838203.42186485,30731.170731707323,0.9396461746078887,9423870.212680211,31837773.163131144,30243.390243902442,9424215.98022095,31838723.1516417,30243.390243902442,9424461.799891688,31838633.680598557,31218.9512195122,9424116.03235095,31837683.692087997,31218.9512195122
9424511.773826687,31839153.410375405,30731.170731707323,0.9141233492545717,9424215.98022095,31838723.1516417,30243.390243902442,9424561.747761687,31839673.140152257,30243.390243902442,9424807.567432424,31839583.66910911,31218.9512195122,9424461.799891688,31838633.680598557,31218.9512195122
9424857.541367427,31840103.398885965,30731.170731707323,1.0233320470223952,9424561.747761687,31839673.140152257,30243.390243902442,9424907.515302423,31840623.128662813,30243.390243902442,9425153.334973164,31840533.657619666,31218.9512195122,9424807.567432424,31839583.66910911,31218.9512195122
9425203.30890816,31841053.38739652,30731.170731707323,0.8300735733358068,9424907.515302423,31840623.128662813,30243.390243902442,9425253.282843161,31841573.117173366,30243.390243902442,9425499.1025139,31841483.646130223,31218.9512195122,9425153.334973164,31840533.657619666,31218.9512195122
9425549.0764489,31842003.375907075,30731.170731707323,0.7459649592009603,9425253.282843161,31841573.117173366,30243.390243902442,9425599.0503839,31842523.105683926,30243.390243902442,9425844.870054638,31842433.63464078,31218.9512195122,9425499.1025139,31841483.646130223,31218.9512195122
9425894.843989637,31842953.364417635,30731.170731707323,0.8695214345652534,9425599.0503839,31842523.105683926,30243.390243902442,9425944.817924637,31843473.094194483,30243.390243902442,9426190.637595374,31843383.623151336,31218.9512195122,9425844.870054638,31842433.63464078,31218.9512195122
9426240.611530375,31843903.352928184,30731.170731707323,1.0634086101315814,9425944.817924637,31843473.094194483,30243.390243902442,9426290.585465375,31844423.08270504,30243.390243902442,9426536.405136112,31844333.611661892,31218.9512195122,9426190.637595374,31843383.623151336,31218.9512195122
9426586.379071113,31844853.341438744,30731.170731707323,1.204253882506981,9426290.585465375,31844423.08270504,30243.390243902442,9426636.353006111,31845373.071215596,30243.390243902442,9426882.17267685,31845283.60017245,31218.9512195122,9426536.405136112,31844333.611661892,31218.9512195122
9426932.146611849,31845803.329949304,30731.170731707323,1.4420285511824817,9426636.353006111,31845373.071215596,30243.390243902442,9426982.12054685,31846323.059726153,30243.390243902442,9427227.940217588,31846233.58868301,31218.9512195122,9426882.17267685,31845283.60017245,31218.9512195122
9427277.914152587,31846753.318459857,30731.170731707323,1.3067758515940802,9426982.12054685,31846323.059726153,30243.390243902442,9427327.888087586,31847273.04823671,30243.390243902442,9427573.707758326,31847183.577193562,31218.9512195122,9427227.940217588,31846233.58868301,31218.9512195122
9427623.681693323,31847703.306970417,30731.170731707323,1.993132176334501,9427327.888087586,31847273.04823671,30243.390243902442,9427673.655628325,31848223.036747266,30243.390243902442,9427919.475299062,31848133.56570412,31218.9512195122,9427573.707758326,31847183.577193562,31218.9512195122
9427969.449234063,31848653.295480974,30731.170731707323,2.5677830074482717,9427673.655628325,31848223.036747266,30243.390243902442,9428019.423169062,31849173.02525782,30243.390243902442,9428265.2428398,31849083.554214675,31218.9512195122,9427919.475299062,31848133.56570412,31218.9512195122
9428315.216774799,31849603.283991523,30731.170731707323,2.619003337203017,9428019.423169062,31849173.02525782,30243.390243902442,9428365.1907098,31850123.01376838,30243.390243902442,9428611.010380538,31850033.54272523,31218.9512195122,9428265.2428398,31849083.554214675,31218.9512195122
9428660.984315539,31850553.272502087,30731.170731707323,3.6881910256716397,9428365.1907098,31850123.01376838,30243.390243902442,9428710.958250536,31851073.002278935,30243.390243902442,9428956.777921276,31850983.53123579,31218.9512195122,9428611.010380538,31850033.54272523,31218.9512195122
9429006.751856273,31851503.261012644,30731.170731707323,4.511061852489302,9428710.958250536,31851073.002278935,30243.390243902442,9429056.725791274,31852022.99078949,30243.390243902442,9429302.545462012,31851933.519746345,31218.9512195122,9428956.777921276,31850983.53123579,31218.9512195122
9429352.519397013,31852453.249523193,30731.170731707323,4.202675321375329,9429056.725791274,31852022.99078949,30243.390243902442,9429402.49333201,31852972.97930005,30243.390243902442,9429648.31300275,31852883.5082569,31218.9512195122,9429302.545462012,31851933.519746345,31218.9512195122
9429698.286937749,31853403.238033757,30731.170731707323,4.701234225304722,9429402.49333201,31852972.97930005,30243.390243902442,9429748.26087275,31853922.967810605,30243.390243902442,9429994.080543486,31853833.49676746,31218.9512195122,9429648.31300275,31852883.5082569,31218.9512195122
9430044.054478487,31854353.226544313,30731.170731707323,4.569317490540236,9429748.26087275,31853922.967810605,30243.390243902442,9430094.028413488,31854872.95632116,30243.390243902442,9430339.848084224,31854783.485278014,31218.9512195122,9429994.080543486,31853833.49676746,31218.9512195122
9430389.822019225,31855303.215054866,30731.170731707323,5.493585169071554,9430094.028413488,31854872.95632116,30243.390243902442,9430439.795954224,31855822.944831718,30243.390243902442,9430685.615624962,31855733.47378857,31218.9512195122,9430339.848084224,31854783.485278014,31218.9512195122
9430735.589559961,31856253.203565422,30731.170731707323,6.8576439747809355,9430439.795954224,31855822.944831718,30243.390243902442,9430785.563494962,31856772.93334227,30243.390243902442,9431031.3831657,31856683.462299127,31218.9512195122,9430685.615624962,31855733.47378857,31218.9512195122
9431081.3571007,31857203.192075975,30731.170731707323,7.154816715779484,9430785.563494962,31856772.93334227,30243.390243902442,9431131.331035698,31857722.92185283,30243.390243902442,9431377.150706438,31857633.450809684,31218.9512195122,9431031.3831657,31856683.462299127,31218.9512195122
9431427.124641435,31858153.180586535,30731.170731707323,7.550230879265029,9431131.331035698,31857722.92185283,30243.390243902442,9431477.098576436,31858672.910363387,30243.390243902442,9431722.918247174,31858583.439320244,31218.9512195122,9431377.150706438,31857633.450809684,31218.9512195122
9431772.892182173,31859103.169097092,30731.170731707323,7.407800544707059,9431477.098576436,31858672.910363387,30243.390243902442,9431822.866117172,31859622.898873944,30243.390243902442,9432068.685787912,31859533.427830797,31218.9512195122,9431722.918247174,31858583.439320244,31218.9512195122
9432118.65972291,31860053.157607645,30731.170731707323,7.774084079042952,9431822.866117172,31859622.898873944,30243.390243902442,9432168.633657912,31860572.8873845,30243.390243902442,9432414.453328649,31860483.416341353,31218.9512195122,9432068.685787912,31859533.427830797,31218.9512195122
9432464.42726365,31861003.146118205,30731.170731707323,5.840032370388326,9432168.633657912,31860572.8873845,30243.390243902442,9432514.401198648,31861522.875895053,30243.390243902442,9432760.220869387,31861433.40485191,31218.9512195122,9432414.453328649,31860483.416341353,31218.9512195122
9432810.194804385,31861953.13462876,30731.170731707323,5.431111095765384,9432514.401198648,31861522.875895053,30243.390243902442,9432860.168739386,31862472.864405613,30243.390243902442,9433105.988410125,31862383.393362466,31218.9512195122,9432760.220869387,31861433.40485191,31218.9512195122
9433155.962345125,31862903.123139318,30731.170731707323,4.882762955994452,9432860.168739386,31862472.864405613,30243.390243902442,9433205.936280122,31863422.85291617,30243.390243902442,9433451.755950863,31863333.381873023,31218.9512195122,9433105.988410125,31862383.393362466,31218.9512195122
9433501.729885861,31863853.111649875,30731.170731707323,4.411797532563521,9433205.936280122,31863422.85291617,30243.390243902442,9433551.703820862,31864372.841426723,30243.390243902442,9433797.523491599,31864283.37038358,31218.9512195122,9433451.755950863,31863333.381873023,31218.9512195122
9433847.4974266,31864803.10016043,30731.170731707323,4.993783912538055,9433551.703820862,31864372.841426723,30243.390243902442,9433897.4713616,31865322.829937283,30243.390243902442,9434143.291032337,31865233.358894136,31218.9512195122,9433797.523491599,31864283.37038358,31218.9512195122
9434193.264967335,31865753.088670988,30731.170731707323,6.3776669125382535,9433897.4713616,31865322.829937283,30243.390243902442,9434243.238902336,31866272.81844784,30243.390243902442,9434489.058573075,31866183.347404696,31218.9512195122,9434143.291032337,31865233.358894136,31218.9512195122
9434539.032508073,31866703.077181544,30731.170731707323,6.341116714855974,9434243.238902336,31866272.81844784,30243.390243902442,9434589.006443074,31867222.806958396,30243.390243902442,9434834.826113813,31867133.33591525,31218.9512195122,9434489.058573075,31866183.347404696,31218.9512195122
9434884.800048811,31867653.0656921,30731.170731707323,4.269949644146526,9434589.006443074,31867222.806958396,30243.390243902442,9434934.77398381,31868172.795468953,30243.390243902442,9435180.59365455,31868083.324425805,31218.9512195122,9434834.826113813,31867133.33591525,31218.9512195122
9435230.567589547,31868603.054202657,30731.170731707323,2.8902650055747188,9434934.77398381,31868172.795468953,30243.390243902442,9435280.541524548,31869122.783979505,30243.390243902442,9435526.361195287,31869033.312936362,31218.9512195122,9435180.59365455,31868083.324425805,31218.9512195122
9435576.335130285,31869553.04271321,30731.170731707323,1.5563481072818386,9435280.541524548,31869122.783979505,30243.390243902442,9435626.309065286,31870072.772490066,30243.390243902442,9435872.128736025,31869983.30144692,31218.9512195122,9435526.361195287,31869033.312936362,31218.9512195122
9435922.102671023,31870503.031223774,30731.170731707323,1.35031834720541,9435626.309065286,31870072.772490066,30243.390243902442,9435972.076606024,31871022.761000622,30243.390243902442,9436217.89627676,31870933.289957475,31218.9512195122,9435872.128736025,31869983.30144692,31218.9512195122
9436267.870211763,31871453.019734327,30731.170731707323,1.464758946728774,9435972.076606024,31871022.761000622,30243.390243902442,9436317.84414676,31871972.74951118,30243.390243902442,9436563.6638175,31871883.27846803,31218.9512195122,9436217.89627676,31870933.289957475,31218.9512195122
9436613.637752498,31872403.008244883,30731.170731707323,1.311975245918802,9436317.84414676,31871972.74951118,30243.390243902442,9436663.611687498,31872922.738021735,30243.390243902442,9436909.431358237,31872833.266978588,31218.9512195122,9436563.6638175,31871883.27846803,31218.9512195122
9436959.405293237,31873352.996755444,30731.170731707323,1.2961845989034515,9436663.611687498,31872922.738021735,30243.390243902442,9437009.379228234,31873872.72653229,30243.390243902442,9437255.198898975,31873783.25548915,31218.9512195122,9436909.431358237,31872833.266978588,31218.9512195122
9437305.172833972,31874302.985265996,30731.170731707323,1.2403964905224147,9437009.379228234,31873872.72653229,30243.390243902442,9437355.146768972,31874822.71504285,30243.390243902442,9437600.96643971,31874733.2439997,31218.9512195122,9437255.198898975,31873783.25548915,31218.9512195122
9437650.940374712,31875252.97377655,30731.170731707323,0.6983875442568787,9437355.146768972,31874822.71504285,30243.390243902442,9437700.91430971,31875772.703553405,30243.390243902442,9437946.733980449,31875683.232510258,31218.9512195122,9437600.96643971,31874733.2439997,31218.9512195122
9437996.707915448,31876202.962287106,30731.170731707323,0.6533926426338531,9437700.91430971,31875772.703553405,30243.390243902442,9438046.681850448,31876722.692063957,30243.390243902442,9438292.501521185,31876633.221020814,31218.9512195122,9437946.733980449,31875683.232510258,31218.9512195122
9438342.475456186,31877152.950797662,30731.170731707323,0.5517194435808943,9438046.681850448,31876722.692063957,30243.390243902442,9438392.449391186,31877672.680574518,30243.390243902442,9438638.269061923,31877583.20953137,31218.9512195122,9438292.501521185,31876633.221020814,31218.9512195122
9438688.242996924,31878102.939308222,30731.170731707323,0.4298640360727372,9438392.449391186,31877672.680574518,30243.390243902442,9438738.216931922,31878622.669085074,30243.390243902442,9438984.036602661,31878533.198041927,31218.9512195122,9438638.269061923,31877583.20953137,31218.9512195122
9439034.01053766,31879052.927818775,30731.170731707323,0.15253848686913915,9438738.216931922,31878622.669085074,30243.390243902442,9439083.98447266,31879572.657595627,30243.390243902442,9439329.804143399,31879483.186552484,31218.9512195122,9438984.036602661,31878533.198041927,31218.9512195122
9439379.778078398,31880002.91632933,30731.170731707323,0.04529251755645534,9439083.98447266,31879572.657595627,30243.390243902442,9439429.752013398,31880522.646106187,30243.390243902442,9439675.571684137,31880433.17506304,31218.9512195122,9439329.804143399,31879483.186552484,31218.9512195122
9439725.545619136,31880952.904839892,30731.170731707323,0.06347070651178742,9439429.752013398,31880522.646106187,30243.390243902442,9439775.519554136,31881472.63461674,30243.390243902442,9440021.339224873,31881383.163573597,31218.9512195122,9439675.571684137,31880433.17506304,31218.9512195122
9440071.313159874,31881902.893350445,30731.170731707323,0.09051096654145084,9439775.519554136,31881472.63461674,30243.390243902442,9440121.287094872,31882422.6231273,30243.390243902442,9440367.106765611,31882333.152084153,31218.9512195122,9440021.339224873,31881383.163573597,31218.9512195122
9440417.08070061,31882852.881861,30731.170731707323,0.2528569891447572,9440121.287094872,31882422.6231273,30243.390243902442,9440467.05463561,31883372.611637857,30243.390243902442,9440712.87430635,31883283.14059471,31218.9512195122,9440367.106765611,31882333.152084153,31218.9512195122
9440762.84824135,31883802.87037156,30731.170731707323,0.13489509754859433,9440467.05463561,31883372.611637857,30243.390243902442,9440812.822176347,31884322.600148413,30243.390243902442,9441058.641847087,31884233.129105266,31218.9512195122,9440712.87430635,31883283.14059471,31218.9512195122
9441108.615782084,31884752.858882114,30731.170731707323,0.1737532392521573,9440812.822176347,31884322.600148413,30243.390243902442,9441158.589717085,31885272.58865897,30243.390243902442,9441404.409387823,31885183.117615823,31218.9512195122,9441058.641847087,31884233.129105266,31218.9512195122
9441454.383322824,31885702.847392675,30731.170731707323,0.32686030661155424,9441158.589717085,31885272.58865897,30243.390243902442,9441504.357257823,31886222.577169526,30243.390243902442,9441750.176928561,31886133.10612638,31218.9512195122,9441404.409387823,31885183.117615823,31218.9512195122
9441800.15086356,31886652.83590323,30731.170731707323,0.48890937329589645,9441504.357257823,31886222.577169526,30243.390243902442,9441850.12479856,31887172.56568008,30243.390243902442,9442095.944469297,31887083.094636936,31218.9512195122,9441750.176928561,31886133.10612638,31218.9512195122
9442145.918404298,31887602.824413784,30731.170731707323,0.5734667313617535,9441850.12479856,31887172.56568008,30243.390243902442,9442195.892339299,31888122.55419064,30243.390243902442,9442441.712010037,31888033.083147492,31218.9512195122,9442095.944469297,31887083.094636936,31218.9512195122
9442491.685945036,31888552.812924344,30731.170731707323,0.5827438134908827,9442195.892339299,31888122.55419064,30243.390243902442,9442541.659880035,31889072.542701192,30243.390243902442,9442787.479550773,31888983.07165805,31218.9512195122,9442441.712010037,31888033.083147492,31218.9512195122
9442837.453485772,31889502.8014349,30731.170731707323,0.3952651724502558,9442541.659880035,31889072.542701192,30243.390243902442,9442887.427420773,31890022.531211752,30243.390243902442,9443133.247091511,31889933.060168605,31218.9512195122,9442787.479550773,31888983.07165805,31218.9512195122
9443183.22102651,31890452.789945453,30731.170731707323,0.35260707708984956,9442887.427420773,31890022.531211752,30243.390243902442,9443233.194961509,31890972.51972231,30243.390243902442,9443479.01463225,31890883.04867916,31218.9512195122,9443133.247091511,31889933.060168605,31218.9512195122
9443528.988567246,31891402.778456014,30731.170731707323,0.3107105302930104,9443233.194961509,31890972.51972231,30243.390243902442,9443578.962502249,31891922.508232865,30243.390243902442,9443824.782172985,31891833.037189722,31218.9512195122,9443479.01463225,31890883.04867916,31218.9512195122
9443874.756107986,31892352.76696657,30731.170731707323,0.2649157175695472,9443578.962502249,31891922.508232865,30243.390243902442,9443924.730042985,31892872.496743422,30243.390243902442,9444170.549713723,31892783.025700275,31218.9512195122,9443824.782172985,31891833.037189722,31218.9512195122
9444220.523648722,31893302.755477127,30731.170731707323,0.4482919959662914,9443924.730042985,31892872.496743422,30243.390243902442,9444270.497583723,31893822.48525398,30243.390243902442,9444516.317254461,31893733.01421083,31218.9512195122,9444170.549713723,31892783.025700275,31218.9512195122
9424066.058415953,31837163.96231115,31706.731707317074,1.3396189348063468,9423770.264810214,31836733.70357744,31218.9512195122,9424116.03235095,31837683.692087997,31218.9512195122,9424361.852021692,31837594.22104485,32194.51219512195,9424016.084480954,31836644.232534293,32194.51219512195
9424411.82595669,31838113.9508217,31706.731707317074,1.1225497480290658,9424116.03235095,31837683.692087997,31218.9512195122,9424461.799891688,31838633.680598557,31218.9512195122,9424707.61956243,31838544.209555406,32194.51219512195,9424361.852021692,31837594.22104485,32194.51219512195
9424757.593497429,31839063.93933226,31706.731707317074,0.877008351180625,9424461.799891688,31838633.680598557,31218.9512195122,9424807.567432424,31839583.66910911,31218.9512195122,9425053.387103168,31839494.198065963,32194.51219512195,9424707.61956243,31838544.209555406,32194.51219512195
9425103.361038165,31840013.92784282,31706.731707317074,0.7957239333028484,9424807.567432424,31839583.66910911,31218.9512195122,9425153.334973164,31840533.657619666,31218.9512195122,9425399.154643904,31840444.18657652,32194.51219512195,9425053.387103168,31839494.198065963,32194.51219512195
9425449.128578903,31840963.916353367,31706.731707317074,1.034442260118898,9425153.334973164,31840533.657619666,31218.9512195122,9425499.1025139,31841483.646130223,31218.9512195122,9425744.922184642,31841394.175087076,32194.51219512195,9425399.154643904,31840444.18657652,32194.51219512195
9425794.89611964,31841913.90486393,31706.731707317074,1.3003580173537217,9425499.1025139,31841483.646130223,31218.9512195122,9425844.870054638,31842433.63464078,31218.9512195122,9426090.68972538,31842344.163597636,32194.51219512195,9425744.922184642,31841394.175087076,32194.51219512195
9426140.66366038,31842863.893374488,31706.731707317074,1.722712900234277,9425844.870054638,31842433.63464078,31218.9512195122,9426190.637595374,31843383.623151336,31218.9512195122,9426436.457266118,31843294.15210819,32194.51219512195,9426090.68972538,31842344.163597636,32194.51219512195
9426486.431201115,31843813.881885037,31706.731707317074,1.678549921197575,9426190.637595374,31843383.623151336,31218.9512195122,9426536.405136112,31844333.611661892,31218.9512195122,9426782.224806855,31844244.140618745,32194.51219512195,9426436.457266118,31843294.15210819,32194.51219512195
9426832.198741853,31844763.8703956,31706.731707317074,1.9213918363934905,9426536.405136112,31844333.611661892,31218.9512195122,9426882.17267685,31845283.60017245,31218.9512195122,9427127.992347592,31845194.1291293,32194.51219512195,9426782.224806855,31844244.140618745,32194.51219512195
9427177.96628259,31845713.858906157,31706.731707317074,2.096312370940987,9426882.17267685,31845283.60017245,31218.9512195122,9427227.940217588,31846233.58868301,31218.9512195122,9427473.759888329,31846144.11763986,32194.51219512195,9427127.992347592,31845194.1291293,32194.51219512195
9427523.733823327,31846663.84741671,31706.731707317074,2.0962277686745745,9427227.940217588,31846233.58868301,31218.9512195122,9427573.707758326,31847183.577193562,31218.9512195122,9427819.527429067,31847094.106150415,32194.51219512195,9427473.759888329,31846144.11763986,32194.51219512195
9427869.501364065,31847613.83592727,31706.731707317074,2.809702175093495,9427573.707758326,31847183.577193562,31218.9512195122,9427919.475299062,31848133.56570412,31218.9512195122,9428165.294969805,31848044.09466097,32194.51219512195,9427819.527429067,31847094.106150415,32194.51219512195
9428215.268904801,31848563.824437827,31706.731707317074,3.0717944830940365,9427919.475299062,31848133.56570412,31218.9512195122,9428265.2428398,31849083.554214675,31218.9512195122,9428511.062510543,31848994.083171528,32194.51219512195,9428165.294969805,31848044.09466097,32194.51219512195
9428561.036445541,31849513.81294838,31706.731707317074,3.7633365042899687,9428265.2428398,31849083.554214675,31218.9512195122,9428611.010380538,31850033.54272523,31218.9512195122,9428856.83005128,31849944.071682088,32194.51219512195,9428511.062510543,31848994.083171528,32194.51219512195
9428906.803986277,31850463.80145894,31706.731707317074,4.277575436279558,9428611.010380538,31850033.54272523,31218.9512195122,9428956.777921276,31850983.53123579,31218.9512195122,9429202.597592017,31850894.06019264,32194.51219512195,9428856.83005128,31849944.071682088,32194.51219512195
9429252.571527015,31851413.789969496,31706.731707317074,5.742063014670741,9428956.777921276,31850983.53123579,31218.9512195122,9429302.545462012,31851933.519746345,31218.9512195122,9429548.365132755,31851844.048703197,32194.51219512195,9429202.597592017,31850894.06019264,32194.51219512195
9429598.339067752,31852363.77848005,31706.731707317074,6.015221060431155,9429302.545462012,31851933.519746345,31218.9512195122,9429648.31300275,31852883.5082569,31218.9512195122,9429894.13267349,31852794.037213754,32194.51219512195,9429548.365132755,31851844.048703197,32194.51219512195
9429944.10660849,31853313.766990606,31706.731707317074,6.675002097786806,9429648.31300275,31852883.5082569,31218.9512195122,9429994.080543486,31853833.49676746,31218.9512195122,9430239.90021423,31853744.02572431,32194.51219512195,9429894.13267349,31852794.037213754,32194.51219512195
9430289.874149228,31854263.75550117,31706.731707317074,6.193511930755415,9429994.080543486,31853833.49676746,31218.9512195122,9430339.848084224,31854783.485278014,31218.9512195122,9430585.667754967,31854694.014234867,32194.51219512195,9430239.90021423,31853744.02572431,32194.51219512195
9430635.641689966,31855213.74401172,31706.731707317074,7.917879923672208,9430339.848084224,31854783.485278014,31218.9512195122,9430685.615624962,31855733.47378857,31218.9512195122,9430931.435295705,31855644.002745427,32194.51219512195,9430585.667754967,31854694.014234867,32194.51219512195
9430981.409230702,31856163.732522275,31706.731707317074,8.605222354043114,9430685.615624962,31855733.47378857,31218.9512195122,9431031.3831657,31856683.462299127,31218.9512195122,9431277.20283644,31856593.99125598,32194.51219512195,9430931.435295705,31855644.002745427,32194.51219512195
9431327.17677144,31857113.72103283,31706.731707317074,8.821204154781027,9431031.3831657,31856683.462299127,31218.9512195122,9431377.150706438,31857633.450809684,31218.9512195122,9431622.970377179,31857543.979766537,32194.51219512195,9431277.20283644,31856593.99125598,32194.51219512195
9431672.944312178,31858063.70954339,31706.731707317074,8.562969070170091,9431377.150706438,31857633.450809684,31218.9512195122,9431722.918247174,31858583.439320244,31218.9512195122,9431968.737917917,31858493.968277093,32194.51219512195,9431622.970377179,31857543.979766537,32194.51219512195
9432018.711852914,31859013.698053945,31706.731707317074,8.880915903172738,9431722.918247174,31858583.439320244,31218.9512195122,9432068.685787912,31859533.427830797,31218.9512195122,9432314.505458655,31859443.95678765,32194.51219512195,9431968.737917917,31858493.968277093,32194.51219512195
9432364.479393654,31859963.6865645,31706.731707317074,8.507892441417468,9432068.685787912,31859533.427830797,31218.9512195122,9432414.453328649,31860483.416341353,31218.9512195122,9432660.272999393,31860393.945298206,32194.51219512195,9432314.505458655,31859443.95678765,32194.51219512195
9432710.246934388,31860913.675075058,31706.731707317074,7.807358466410885,9432414.453328649,31860483.416341353,31218.9512195122,9432760.220869387,31861433.40485191,31218.9512195122,9433006.040540129,31861343.933808763,32194.51219512195,9432660.272999393,31860393.945298206,32194.51219512195
9433056.014475128,31861863.66358562,31706.731707317074,7.198423972771551,9432760.220869387,31861433.40485191,31218.9512195122,9433105.988410125,31862383.393362466,31218.9512195122,9433351.808080867,31862293.92231932,32194.51219512195,9433006.040540129,31861343.933808763,32194.51219512195
9433401.782015864,31862813.65209617,31706.731707317074,6.669552986696837,9433105.988410125,31862383.393362466,31218.9512195122,9433451.755950863,31863333.381873023,31218.9512195122,9433697.575621603,31863243.910829876,32194.51219512195,9433351.808080867,31862293.92231932,32194.51219512195
9433747.549556602,31863763.640606727,31706.731707317074,6.095448124904183,9433451.755950863,31863333.381873023,31218.9512195122,9433797.523491599,31864283.37038358,31218.9512195122,9434043.343162343,31864193.899340432,32194.51219512195,9433697.575621603,31863243.910829876,32194.51219512195
9434093.31709734,31864713.629117288,31706.731707317074,5.760809969453007,9433797.523491599,31864283.37038358,31218.9512195122,9434143.291032337,31865233.358894136,31218.9512195122,9434389.110703079,31865143.88785099,32194.51219512195,9434043.343162343,31864193.899340432,32194.51219512195
9434439.084638078,31865663.617627837,31706.731707317074,5.7231392648835655,9434143.291032337,31865233.358894136,31218.9512195122,9434489.058573075,31866183.347404696,31218.9512195122,9434734.878243817,31866093.876361545,32194.51219512195,9434389.110703079,31865143.88785099,32194.51219512195
9434784.852178814,31866613.606138397,31706.731707317074,4.065566752739321,9434489.058573075,31866183.347404696,31218.9512195122,9434834.826113813,31867133.33591525,31218.9512195122,9435080.645784553,31867043.8648721,32194.51219512195,9434734.878243817,31866093.876361545,32194.51219512195
9435130.619719552,31867563.594648957,31706.731707317074,3.0370642078500034,9434834.826113813,31867133.33591525,31218.9512195122,9435180.59365455,31868083.324425805,31218.9512195122,9435426.413325291,31867993.853382662,32194.51219512195,9435080.645784553,31867043.8648721,32194.51219512195
9435476.387260288,31868513.58315951,31706.731707317074,2.420679305205907,9435180.59365455,31868083.324425805,31218.9512195122,9435526.361195287,31869033.312936362,31218.9512195122,9435772.180866027,31868943.841893215,32194.51219512195,9435426.413325291,31867993.853382662,32194.51219512195
9435822.154801026,31869463.571670067,31706.731707317074,1.739361010004588,9435526.361195287,31869033.312936362,31218.9512195122,9435872.128736025,31869983.30144692,31218.9512195122,9436117.948406767,31869893.83040377,32194.51219512195,9435772.180866027,31868943.841893215,32194.51219512195
9436167.922341766,31870413.560180627,31706.731707317074,1.737605839617669,9435872.128736025,31869983.30144692,31218.9512195122,9436217.89627676,31870933.289957475,31218.9512195122,9436463.715947505,31870843.818914328,32194.51219512195,9436117.948406767,31869893.83040377,32194.51219512195
9436513.689882502,31871363.548691176,31706.731707317074,1.3814226435080357,9436217.89627676,31870933.289957475,31218.9512195122,9436563.6638175,31871883.27846803,31218.9512195122,9436809.483488241,31871793.807424884,32194.51219512195,9436463.715947505,31870843.818914328,32194.51219512195
9436859.45742324,31872313.537201736,31706.731707317074,0.9132686080830346,9436563.6638175,31871883.27846803,31218.9512195122,9436909.431358237,31872833.266978588,31218.9512195122,9437155.25102898,31872743.79593544,32194.51219512195,9436809.483488241,31871793.807424884,32194.51219512195
9437205.224963976,31873263.525712296,31706.731707317074,0.8082753620458777,9436909.431358237,31872833.266978588,31218.9512195122,9437255.198898975,31873783.25548915,31218.9512195122,9437501.018569715,31873693.784445997,32194.51219512195,9437155.25102898,31872743.79593544,32194.51219512195
9437550.992504714,31874213.514222845,31706.731707317074,0.8683727446149134,9437255.198898975,31873783.25548915,31218.9512195122,9437600.96643971,31874733.2439997,31218.9512195122,9437846.786110453,31874643.772956554,32194.51219512195,9437501.018569715,31873693.784445997,32194.51219512195
9437896.76004545,31875163.502733406,31706.731707317074,0.7604464715776301,9437600.96643971,31874733.2439997,31218.9512195122,9437946.733980449,31875683.232510258,31218.9512195122,9438192.553651191,31875593.761467114,32194.51219512195,9437846.786110453,31874643.772956554,32194.51219512195
9438242.52758619,31876113.49124396,31706.731707317074,0.5961964831902367,9437946.733980449,31875683.232510258,31218.9512195122,9438292.501521185,31876633.221020814,31218.9512195122,9438538.32119193,31876543.749977667,32194.51219512195,9438192.553651191,31875593.761467114,32194.51219512195
9438588.295126926,31877063.47975452,31706.731707317074,0.4978106902333864,9438292.501521185,31876633.221020814,31218.9512195122,9438638.269061923,31877583.20953137,31218.9512195122,9438884.088732665,31877493.73848822,32194.51219512195,9438538.32119193,31876543.749977667,32194.51219512195
9438934.062667664,31878013.468265075,31706.731707317074,0.20828565073020341,9438638.269061923,31877583.20953137,31218.9512195122,9438984.036602661,31878533.198041927,31218.9512195122,9439229.856273403,31878443.72699878,32194.51219512195,9438884.088732665,31877493.73848822,32194.51219512195
9439279.8302084,31878963.456775628,31706.731707317074,0.0532187434906624,9438984.036602661,31878533.198041927,31218.9512195122,9439329.804143399,31879483.186552484,31218.9512195122,9439575.62381414,31879393.715509336,32194.51219512195,9439229.856273403,31878443.72699878,32194.51219512195
9439625.597749138,31879913.44528619,31706.731707317074,0.04987379597268496,9439329.804143399,31879483.186552484,31218.9512195122,9439675.571684137,31880433.17506304,31218.9512195122,9439921.39135488,31880343.704019897,32194.51219512195,9439575.62381414,31879393.715509336,32194.51219512195
9439971.365289878,31880863.433796745,31706.731707317074,0.05168848533526866,9439675.571684137,31880433.17506304,31218.9512195122,9440021.339224873,31881383.163573597,31218.9512195122,9440267.158895615,31881293.69253045,32194.51219512195,9439921.39135488,31880343.704019897,32194.51219512195
9440317.132830612,31881813.422307298,31706.731707317074,0.10951682547681492,9440021.339224873,31881383.163573597,31218.9512195122,9440367.106765611,31882333.152084153,31218.9512195122,9440612.926436353,31882243.681041006,32194.51219512195,9440267.158895615,31881293.69253045,32194.51219512195
9440662.900371352,31882763.410817858,31706.731707317074,0.09311869011813882,9440367.106765611,31882333.152084153,31218.9512195122,9440712.87430635,31883283.14059471,31218.9512195122,9440958.693977091,31883193.669551563,32194.51219512195,9440612.926436353,31882243.681041006,32194.51219512195
9441008.667912088,31883713.399328414,31706.731707317074,0.0711970655344704,9440712.87430635,31883283.14059471,31218.9512195122,9441058.641847087,31884233.129105266,31218.9512195122,9441304.461517828,31884143.65806212,32194.51219512195,9440958.693977091,31883193.669551563,32194.51219512195
9441354.435452826,31884663.38783897,31706.731707317074,0.12846094079428727,9441058.641847087,31884233.129105266,31218.9512195122,9441404.409387823,31885183.117615823,31218.9512195122,9441650.229058566,31885093.64657267,32194.51219512195,9441304.461517828,31884143.65806212,32194.51219512195
9441700.202993562,31885613.376349527,31706.731707317074,0.19524504986887195,9441404.409387823,31885183.117615823,31218.9512195122,9441750.176928561,31886133.10612638,31218.9512195122,9441995.996599304,31886043.635083232,32194.51219512195,9441650.229058566,31885093.64657267,32194.51219512195
9442045.970534302,31886563.364860084,31706.731707317074,0.20063906206176577,9441750.176928561,31886133.10612638,31218.9512195122,9442095.944469297,31887083.094636936,31218.9512195122,9442341.764140042,31886993.62359379,32194.51219512195,9441995.996599304,31886043.635083232,32194.51219512195
9442391.738075038,31887513.35337064,31706.731707317074,0.24544701668062666,9442095.944469297,31887083.094636936,31218.9512195122,9442441.712010037,31888033.083147492,31218.9512195122,9442687.531680778,31887943.61210435,32194.51219512195,9442341.764140042,31886993.62359379,32194.51219512195
9442737.505615776,31888463.341881197,31706.731707317074,0.28237836607813666,9442441.712010037,31888033.083147492,31218.9512195122,9442787.479550773,31888983.07165805,31218.9512195122,9443033.299221516,31888893.6006149,32194.51219512195,9442687.531680778,31887943.61210435,32194.51219512195
9443083.273156513,31889413.330391753,31706.731707317074,0.25201947093374427,9442787.479550773,31888983.07165805,31218.9512195122,9443133.247091511,31889933.060168605,31218.9512195122,9443379.066762252,31889843.58912546,32194.51219512195,9443033.299221516,31888893.6006149,32194.51219512195
9443429.04069725,31890363.31890231,31706.731707317074,0.17187173187324867,9443133.247091511,31889933.060168605,31218.9512195122,9443479.01463225,31890883.04867916,31218.9512195122,9443724.83430299,31890793.577636015,32194.51219512195,9443379.066762252,31889843.58912546,32194.51219512195
9443774.808237989,31891313.307412867,31706.731707317074,0.2529675814541444,9443479.01463225,31890883.04867916,31218.9512195122,9443824.782172985,31891833.037189722,31218.9512195122,9444070.601843728,31891743.56614657,32194.51219512195,9443724.83430299,31890793.577636015,32194.51219512195
9444120.575778725,31892263.295923427,31706.731707317074,0.12170891233161005,9443824.782172985,31891833.037189722,31218.9512195122,9444170.549713723,31892783.025700275,31218.9512195122,9444416.369384466,31892693.554657128,32194.51219512195,9444070.601843728,31891743.56614657,32194.51219512195
9444466.343319464,31893213.28443398,31706.731707317074,0.07096540694114634,9444170.549713723,31892783.025700275,31218.9512195122,9444516.317254461,31893733.01421083,31218.9512195122,9444762.136925204,31893643.543167684,32194.51219512195,9444416.369384466,31892693.554657128,32194.51219512195
9424311.878086694,31837074.491268,32682.29268292683,1.093780108009769,9424016.084480954,31836644.232534293,32194.51219512195,9424361.852021692,31837594.22104485,32194.51219512195,9424607.671692431,31837504.750001702,33170.0731707317,9424261.904151693,31836554.76149115,33170.0731707317
9424657.64562743,31838024.479778554,32682.29268292683,1.2692164866665958,9424361.852021692,31837594.22104485,32194.51219512195,9424707.61956243,31838544.209555406,32194.51219512195,9424953.439233167,31838454.73851226,33170.0731707317,9424607.671692431,31837504.750001702,33170.0731707317
9425003.413168168,31838974.468289115,32682.29268292683,1.405591997056975,9424707.61956243,31838544.209555406,32194.51219512195,9425053.387103168,31839494.198065963,32194.51219512195,9425299.206773905,31839404.727022815,33170.0731707317,9424953.439233167,31838454.73851226,33170.0731707317
9425349.180708906,31839924.45679967,32682.29268292683,1.9064355178433028,9425053.387103168,31839494.198065963,32194.51219512195,9425399.154643904,31840444.18657652,32194.51219512195,9425644.974314645,31840354.715533372,33170.0731707317,9425299.206773905,31839404.727022815,33170.0731707317
9425694.948249642,31840874.445310224,32682.29268292683,2.0819911436426475,9425399.154643904,31840444.18657652,32194.51219512195,9425744.922184642,31841394.175087076,32194.51219512195,9425990.741855381,31841304.704043932,33170.0731707317,9425644.974314645,31840354.715533372,33170.0731707317
9426040.71579038,31841824.433820784,32682.29268292683,2.3852941758563806,9425744.922184642,31841394.175087076,32194.51219512195,9426090.68972538,31842344.163597636,32194.51219512195,9426336.509396119,31842254.69255449,33170.0731707317,9425990.741855381,31841304.704043932,33170.0731707317
9426386.483331118,31842774.42233134,32682.29268292683,2.5672658673687043,9426090.68972538,31842344.163597636,32194.51219512195,9426436.457266118,31843294.15210819,32194.51219512195,9426682.276936855,31843204.68106504,33170.0731707317,9426336.509396119,31842254.69255449,33170.0731707317
9426732.250871858,31843724.410841893,32682.29268292683,2.0033882048049056,9426436.457266118,31843294.15210819,32194.51219512195,9426782.224806855,31844244.140618745,32194.51219512195,9427028.044477595,31844154.6695756,33170.0731707317,9426682.276936855,31843204.68106504,33170.0731707317
9427078.018412592,31844674.39935245,32682.29268292683,2.054480020595323,9426782.224806855,31844244.140618745,32194.51219512195,9427127.992347592,31845194.1291293,32194.51219512195,9427373.812018331,31845104.658086155,33170.0731707317,9427028.044477595,31844154.6695756,33170.0731707317
9427423.785953332,31845624.387863006,32682.29268292683,1.8283030324969407,9427127.992347592,31845194.1291293,32194.51219512195,9427473.759888329,31846144.11763986,32194.51219512195,9427719.57955907,31846054.64659671,33170.0731707317,9427373.812018331,31845104.658086155,33170.0731707317
9427769.553494066,31846574.376373563,32682.29268292683,2.064664141465193,9427473.759888329,31846144.11763986,32194.51219512195,9427819.527429067,31847094.106150415,32194.51219512195,9428065.347099805,31847004.63510727,33170.0731707317,9427719.57955907,31846054.64659671,33170.0731707317
9428115.321034806,31847524.36488412,32682.29268292683,2.9382459251112056,9427819.527429067,31847094.106150415,32194.51219512195,9428165.294969805,31848044.09466097,32194.51219512195,9428411.114640543,31847954.623617824,33170.0731707317,9428065.347099805,31847004.63510727,33170.0731707317
9428461.088575542,31848474.353394676,32682.29268292683,2.8266355060826154,9428165.294969805,31848044.09466097,32194.51219512195,9428511.062510543,31848994.083171528,32194.51219512195,9428756.88218128,31848904.612128384,33170.0731707317,9428411.114640543,31847954.623617824,33170.0731707317
9428806.85611628,31849424.341905233,32682.29268292683,3.0170253854140476,9428511.062510543,31848994.083171528,32194.51219512195,9428856.83005128,31849944.071682088,32194.51219512195,9429102.64972202,31849854.60063894,33170.0731707317,9428756.88218128,31848904.612128384,33170.0731707317
9429152.623657018,31850374.33041579,32682.29268292683,3.8888592472988166,9428856.83005128,31849944.071682088,32194.51219512195,9429202.597592017,31850894.06019264,32194.51219512195,9429448.417262755,31850804.589149494,33170.0731707317,9429102.64972202,31849854.60063894,33170.0731707317
9429498.391197754,31851324.318926346,32682.29268292683,4.503440962609808,9429202.597592017,31850894.06019264,32194.51219512195,9429548.365132755,31851844.048703197,32194.51219512195,9429794.184803493,31851754.577660054,33170.0731707317,9429448.417262755,31850804.589149494,33170.0731707317
9429844.158738492,31852274.307436902,32682.29268292683,4.312271943689534,9429548.365132755,31851844.048703197,32194.51219512195,9429894.13267349,31852794.037213754,32194.51219512195,9430139.952344231,31852704.566170607,33170.0731707317,9429794.184803493,31851754.577660054,33170.0731707317
9430189.926279228,31853224.295947462,32682.29268292683,5.214151521807074,9429894.13267349,31852794.037213754,32194.51219512195,9430239.90021423,31853744.02572431,32194.51219512195,9430485.719884967,31853654.554681163,33170.0731707317,9430139.952344231,31852704.566170607,33170.0731707317
9430535.693819968,31854174.284458015,32682.29268292683,4.667918760860289,9430239.90021423,31853744.02572431,32194.51219512195,9430585.667754967,31854694.014234867,32194.51219512195,9430831.487425705,31854604.543191724,33170.0731707317,9430485.719884967,31853654.554681163,33170.0731707317
9430881.461360704,31855124.27296857,32682.29268292683,5.794990047352266,9430585.667754967,31854694.014234867,32194.51219512195,9430931.435295705,31855644.002745427,32194.51219512195,9431177.254966443,31855554.531702276,33170.0731707317,9430831.487425705,31854604.543191724,33170.0731707317
9431227.228901444,31856074.261479132,32682.29268292683,6.575239433978415,9430931.435295705,31855644.002745427,32194.51219512195,9431277.20283644,31856593.99125598,32194.51219512195,9431523.022507181,31856504.520212837,33170.0731707317,9431177.254966443,31855554.531702276,33170.0731707317
9431572.996442178,31857024.249989685,32682.29268292683,7.114176333511708,9431277.20283644,31856593.99125598,32194.51219512195,9431622.970377179,31857543.979766537,32194.51219512195,9431868.790047918,31857454.50872339,33170.0731707317,9431523.022507181,31856504.520212837,33170.0731707317
9431918.763982918,31857974.238500237,32682.29268292683,8.017545882340475,9431622.970377179,31857543.979766537,32194.51219512195,9431968.737917917,31858493.968277093,32194.51219512195,9432214.557588656,31858404.497233946,33170.0731707317,9431868.790047918,31857454.50872339,33170.0731707317
9432264.531523654,31858924.2270108,32682.29268292683,5.666062571632526,9431968.737917917,31858493.968277093,32194.51219512195,9432314.505458655,31859443.95678765,32194.51219512195,9432560.325129392,31859354.485744506,33170.0731707317,9432214.557588656,31858404.497233946,33170.0731707317
9432610.299064392,31859874.215521354,32682.29268292683,5.954210411814831,9432314.505458655,31859443.95678765,32194.51219512195,9432660.272999393,31860393.945298206,32194.51219512195,9432906.09267013,31860304.47425506,33170.0731707317,9432560.325129392,31859354.485744506,33170.0731707317
9432956.06660513,31860824.20403191,32682.29268292683,6.446026981445928,9432660.272999393,31860393.945298206,32194.51219512195,9433006.040540129,31861343.933808763,32194.51219512195,9433251.860210866,31861254.462765615,33170.0731707317,9432906.09267013,31860304.47425506,33170.0731707317
9433301.834145866,31861774.19254247,32682.29268292683,5.658190642939427,9433006.040540129,31861343.933808763,32194.51219512195,9433351.808080867,31862293.92231932,32194.51219512195,9433597.627751606,31862204.451276176,33170.0731707317,9433251.860210866,31861254.462765615,33170.0731707317
9433647.601686604,31862724.181053024,32682.29268292683,5.652028474137106,9433351.808080867,31862293.92231932,32194.51219512195,9433697.575621603,31863243.910829876,32194.51219512195,9433943.395292344,31863154.43978673,33170.0731707317,9433597.627751606,31862204.451276176,33170.0731707317
9433993.36922734,31863674.16956358,32682.29268292683,5.558447720478583,9433697.575621603,31863243.910829876,32194.51219512195,9434043.343162343,31864193.899340432,32194.51219512195,9434289.16283308,31864104.42829729,33170.0731707317,9433943.395292344,31863154.43978673,33170.0731707317
9434339.13676808,31864624.158074133,32682.29268292683,3.697186204713447,9434043.343162343,31864193.899340432,32194.51219512195,9434389.110703079,31865143.88785099,32194.51219512195,9434634.930373818,31865054.41680784,33170.0731707317,9434289.16283308,31864104.42829729,33170.0731707317
9434684.904308816,31865574.14658469,32682.29268292683,2.6006824736658314,9434389.110703079,31865143.88785099,32194.51219512195,9434734.878243817,31866093.876361545,32194.51219512195,9434980.697914556,31866004.405318398,33170.0731707317,9434634.930373818,31865054.41680784,33170.0731707317
9435030.671849556,31866524.13509525,32682.29268292683,2.8201516490063216,9434734.878243817,31866093.876361545,32194.51219512195,9435080.645784553,31867043.8648721,32194.51219512195,9435326.465455294,31866954.39382896,33170.0731707317,9434980.697914556,31866004.405318398,33170.0731707317
9435376.43939029,31867474.12360581,32682.29268292683,2.4997294360578817,9435080.645784553,31867043.8648721,32194.51219512195,9435426.413325291,31867993.853382662,32194.51219512195,9435672.23299603,31867904.38233951,33170.0731707317,9435326.465455294,31866954.39382896,33170.0731707317
9435722.20693103,31868424.112116363,32682.29268292683,2.2582174309426644,9435426.413325291,31867993.853382662,32194.51219512195,9435772.180866027,31868943.841893215,32194.51219512195,9436018.000536768,31868854.370850068,33170.0731707317,9435672.23299603,31867904.38233951,33170.0731707317
9436067.974471767,31869374.10062692,32682.29268292683,2.0495544729673805,9435772.180866027,31868943.841893215,32194.51219512195,9436117.948406767,31869893.83040377,32194.51219512195,9436363.768077504,31869804.359360628,33170.0731707317,9436018.000536768,31868854.370850068,33170.0731707317
9436413.742012504,31870324.089137472,32682.29268292683,1.5023982795638828,9436117.948406767,31869893.83040377,32194.51219512195,9436463.715947505,31870843.818914328,32194.51219512195,9436709.535618242,31870754.34787118,33170.0731707317,9436363.768077504,31869804.359360628,33170.0731707317
9436759.50955324,31871274.077648032,32682.29268292683,1.4030168328763981,9436463.715947505,31870843.818914328,32194.51219512195,9436809.483488241,31871793.807424884,32194.51219512195,9437055.30315898,31871704.33638174,33170.0731707317,9436709.535618242,31870754.34787118,33170.0731707317
9437105.277093979,31872224.06615859,32682.29268292683,1.2736076451669456,9436809.483488241,31871793.807424884,32194.51219512195,9437155.25102898,31872743.79593544,32194.51219512195,9437401.070699718,31872654.324892294,33170.0731707317,9437055.30315898,31871704.33638174,33170.0731707317
9437451.044634717,31873174.05466914,32682.29268292683,1.106728407969152,9437155.25102898,31872743.79593544,32194.51219512195,9437501.018569715,31873693.784445997,32194.51219512195,9437746.838240456,31873604.31340285,33170.0731707317,9437401.070699718,31872654.324892294,33170.0731707317
9437796.812175453,31874124.043179702,32682.29268292683,1.0201954292756434,9437501.018569715,31873693.784445997,32194.51219512195,9437846.786110453,31874643.772956554,32194.51219512195,9438092.605781192,31874554.30191341,33170.0731707317,9437746.838240456,31873604.31340285,33170.0731707317
9438142.57971619,31875074.03169026,32682.29268292683,1.1711095407275067,9437846.786110453,31874643.772956554,32194.51219512195,9438192.553651191,31875593.761467114,32194.51219512195,9438438.37332193,31875504.290423967,33170.0731707317,9438092.605781192,31874554.30191341,33170.0731707317
9438488.347256929,31876024.020200815,32682.29268292683,0.9941265474582676,9438192.553651191,31875593.761467114,32194.51219512195,9438538.32119193,31876543.749977667,32194.51219512195,9438784.140862666,31876454.27893452,33170.0731707317,9438438.37332193,31875504.290423967,33170.0731707317
9438834.114797667,31876974.00871137,32682.29268292683,0.7605078436424643,9438538.32119193,31876543.749977667,32194.51219512195,9438884.088732665,31877493.73848822,32194.51219512195,9439129.908403404,31877404.267445076,33170.0731707317,9438784.140862666,31876454.27893452,33170.0731707317
9439179.882338403,31877923.997221928,32682.29268292683,0.39795488890599634,9438884.088732665,31877493.73848822,32194.51219512195,9439229.856273403,31878443.72699878,32194.51219512195,9439475.675944142,31878354.255955633,33170.0731707317,9439129.908403404,31877404.267445076,33170.0731707317
9439525.649879143,31878873.985732485,32682.29268292683,0.28287542882402006,9439229.856273403,31878443.72699878,32194.51219512195,9439575.62381414,31879393.715509336,32194.51219512195,9439821.44348488,31879304.244466193,33170.0731707317,9439475.675944142,31878354.255955633,33170.0731707317
9439871.417419879,31879823.97424304,32682.29268292683,0.2714882006719371,9439575.62381414,31879393.715509336,32194.51219512195,9439921.39135488,31880343.704019897,32194.51219512195,9440167.211025616,31880254.232976746,33170.0731707317,9439821.44348488,31879304.244466193,33170.0731707317
9440217.184960617,31880773.962753598,32682.29268292683,0.1872145566892776,9439921.39135488,31880343.704019897,32194.51219512195,9440267.158895615,31881293.69253045,32194.51219512195,9440512.978566354,31881204.221487302,33170.0731707317,9440167.211025616,31880254.232976746,33170.0731707317
9440562.952501353,31881723.951264154,32682.29268292683,0.1987700113104793,9440267.158895615,31881293.69253045,32194.51219512195,9440612.926436353,31882243.681041006,32194.51219512195,9440858.746107092,31882154.209997863,33170.0731707317,9440512.978566354,31881204.221487302,33170.0731707317
9440908.72004209,31882673.93977471,32682.29268292683,0.21151968431247942,9440612.926436353,31882243.681041006,32194.51219512195,9440958.693977091,31883193.669551563,32194.51219512195,9441204.51364783,31883104.198508415,33170.0731707317,9440858.746107092,31882154.209997863,33170.0731707317
9441254.487582829,31883623.92828527,32682.29268292683,0.384910910087626,9440958.693977091,31883193.669551563,32194.51219512195,9441304.461517828,31884143.65806212,32194.51219512195,9441550.281188566,31884054.187018972,33170.0731707317,9441204.51364783,31883104.198508415,33170.0731707317
9441600.255123565,31884573.916795824,32682.29268292683,0.3396278960531836,9441304.461517828,31884143.65806212,32194.51219512195,9441650.229058566,31885093.64657267,32194.51219512195,9441896.048729304,31885004.17552953,33170.0731707317,9441550.281188566,31884054.187018972,33170.0731707317
9441946.022664303,31885523.90530638,32682.29268292683,0.18398662072278943,9441650.229058566,31885093.64657267,32194.51219512195,9441995.996599304,31886043.635083232,32194.51219512195,9442241.816270042,31885954.164040085,33170.0731707317,9441896.048729304,31885004.17552953,33170.0731707317
9442291.790205041,31886473.89381694,32682.29268292683,0.2110839581588532,9441995.996599304,31886043.635083232,32194.51219512195,9442341.764140042,31886993.62359379,32194.51219512195,9442587.583810778,31886904.152550645,33170.0731707317,9442241.816270042,31885954.164040085,33170.0731707317
9442637.55774578,31887423.882327493,32682.29268292683,0.3482489714795881,9442341.764140042,31886993.62359379,32194.51219512195,9442687.531680778,31887943.61210435,32194.51219512195,9442933.351351518,31887854.1410612,33170.0731707317,9442587.583810778,31886904.152550645,33170.0731707317
9442983.325286515,31888373.87083805,32682.29268292683,0.2668646057467334,9442687.531680778,31887943.61210435,32194.51219512195,9443033.299221516,31888893.6006149,32194.51219512195,9443279.118892254,31888804.129571754,33170.0731707317,9442933.351351518,31887854.1410612,33170.0731707317
9443329.092827255,31889323.85934861,32682.29268292683,0.2140825921710105,9443033.299221516,31888893.6006149,32194.51219512195,9443379.066762252,31889843.58912546,32194.51219512195,9443624.886432992,31889754.118082315,33170.0731707317,9443279.118892254,31888804.129571754,33170.0731707317
9443674.86036799,31890273.847859163,32682.29268292683,0.26612060590714665,9443379.066762252,31889843.58912546,32194.51219512195,9443724.83430299,31890793.577636015,32194.51219512195,9443970.653973728,31890704.106592868,33170.0731707317,9443624.886432992,31889754.118082315,33170.0731707317
9444020.627908729,31891223.836369723,32682.29268292683,0.21099061810195052,9443724.83430299,31890793.577636015,32194.51219512195,9444070.601843728,31891743.56614657,32194.51219512195,9444316.421514466,31891654.095103424,33170.0731707317,9443970.653973728,31890704.106592868,33170.0731707317
9444366.395449465,31892173.82488028,32682.29268292683,0.11305384262310939,9444070.601843728,31891743.56614657,32194.51219512195,9444416.369384466,31892693.554657128,32194.51219512195,9444662.189055203,31892604.08361398,33170.0731707317,9444316.421514466,31891654.095103424,33170.0731707317
9444712.162990203,31893123.81339083,32682.29268292683,0.07226157449080292,9444416.369384466,31892693.554657128,32194.51219512195,9444762.136925204,31893643.543167684,32194.51219512195,9445007.956595942,31893554.072124537,33170.0731707317,9444662.189055203,31892604.08361398,33170.0731707317
9424557.69775743,31836985.020224858,33657.85365853658,0.8705956184001591,9424261.904151693,31836554.76149115,33170.0731707317,9424607.671692431,31837504.750001702,33170.0731707317,9424853.49136317,31837415.278958555,34145.634146341465,9424507.723822434,31836465.290448003,34145.634146341465
9424903.465298168,31837935.008735407,33657.85365853658,1.5246276811021218,9424607.671692431,31837504.750001702,33170.0731707317,9424953.439233167,31838454.73851226,33170.0731707317,9425199.258903908,31838365.267469116,34145.634146341465,9424853.49136317,31837415.278958555,34145.634146341465
9425249.232838904,31838884.997245964,33657.85365853658,2.0841566285719924,9424953.439233167,31838454.73851226,33170.0731707317,9425299.206773905,31839404.727022815,33170.0731707317,9425545.026444644,31839315.25597967,34145.634146341465,9425199.258903908,31838365.267469116,34145.634146341465
9425595.000379642,31839834.98575652,33657.85365853658,2.590008918873089,9425299.206773905,31839404.727022815,33170.0731707317,9425644.974314645,31840354.715533372,33170.0731707317,9425890.793985382,31840265.24449023,34145.634146341465,9425545.026444644,31839315.25597967,34145.634146341465
9425940.767920382,31840784.974267077,33657.85365853658,2.420099568908323,9425644.974314645,31840354.715533372,33170.0731707317,9425990.741855381,31841304.704043932,33170.0731707317,9426236.561526118,31841215.233000785,34145.634146341465,9425890.793985382,31840265.24449023,34145.634146341465
9426286.53546112,31841734.962777637,33657.85365853658,2.3369774821799543,9425990.741855381,31841304.704043932,33170.0731707317,9426336.509396119,31842254.69255449,33170.0731707317,9426582.329066858,31842165.22151134,34145.634146341465,9426236.561526118,31841215.233000785,34145.634146341465
9426632.303001856,31842684.951288197,33657.85365853658,1.8421508180771036,9426336.509396119,31842254.69255449,33170.0731707317,9426682.276936855,31843204.68106504,33170.0731707317,9426928.096607596,31843115.2100219,34145.634146341465,9426582.329066858,31842165.22151134,34145.634146341465
9426978.070542594,31843634.939798746,33657.85365853658,1.7059449885434672,9426682.276936855,31843204.68106504,33170.0731707317,9427028.044477595,31844154.6695756,33170.0731707317,9427273.864148332,31844065.198532455,34145.634146341465,9426928.096607596,31843115.2100219,34145.634146341465
9427323.838083332,31844584.928309307,33657.85365853658,2.4975181535364483,9427028.044477595,31844154.6695756,33170.0731707317,9427373.812018331,31845104.658086155,33170.0731707317,9427619.63168907,31845015.187043007,34145.634146341465,9427273.864148332,31844065.198532455,34145.634146341465
9427669.605624069,31845534.91681986,33657.85365853658,2.7749837142892377,9427373.812018331,31845104.658086155,33170.0731707317,9427719.57955907,31846054.64659671,33170.0731707317,9427965.399229806,31845965.175553568,34145.634146341465,9427619.63168907,31845015.187043007,34145.634146341465
9428015.373164807,31846484.905330416,33657.85365853658,2.8289092732925973,9427719.57955907,31846054.64659671,33170.0731707317,9428065.347099805,31847004.63510727,33170.0731707317,9428311.166770544,31846915.16406412,34145.634146341465,9427965.399229806,31845965.175553568,34145.634146341465
9428361.140705543,31847434.893840976,33657.85365853658,2.4563448831223966,9428065.347099805,31847004.63510727,33170.0731707317,9428411.114640543,31847954.623617824,33170.0731707317,9428656.934311282,31847865.15257468,34145.634146341465,9428311.166770544,31846915.16406412,34145.634146341465
9428706.90824628,31848384.88235153,33657.85365853658,2.2705246430005275,9428411.114640543,31847954.623617824,33170.0731707317,9428756.88218128,31848904.612128384,33170.0731707317,9429002.70185202,31848815.141085237,34145.634146341465,9428656.934311282,31847865.15257468,34145.634146341465
9429052.675787017,31849334.870862085,33657.85365853658,2.129584610061427,9428756.88218128,31848904.612128384,33170.0731707317,9429102.64972202,31849854.60063894,33170.0731707317,9429348.469392756,31849765.129595794,34145.634146341465,9429002.70185202,31848815.141085237,34145.634146341465
9429398.443327757,31850284.859372646,33657.85365853658,2.543495892673959,9429102.64972202,31849854.60063894,33170.0731707317,9429448.417262755,31850804.589149494,33170.0731707317,9429694.236933494,31850715.11810635,34145.634146341465,9429348.469392756,31849765.129595794,34145.634146341465
9429744.210868493,31851234.8478832,33657.85365853658,3.2485081913151985,9429448.417262755,31850804.589149494,33170.0731707317,9429794.184803493,31851754.577660054,33170.0731707317,9430040.004474232,31851665.106616907,34145.634146341465,9429694.236933494,31850715.11810635,34145.634146341465
9430089.978409233,31852184.83639376,33657.85365853658,3.833228562840955,9429794.184803493,31851754.577660054,33170.0731707317,9430139.952344231,31852704.566170607,33170.0731707317,9430385.77201497,31852615.09512746,34145.634146341465,9430040.004474232,31851665.106616907,34145.634146341465
9430435.745949969,31853134.824904315,33657.85365853658,5.26691527380538,9430139.952344231,31852704.566170607,33170.0731707317,9430485.719884967,31853654.554681163,33170.0731707317,9430731.539555708,31853565.08363802,34145.634146341465,9430385.77201497,31852615.09512746,34145.634146341465
9430781.513490707,31854084.813414868,33657.85365853658,6.4032051321927135,9430485.719884967,31853654.554681163,33170.0731707317,9430831.487425705,31854604.543191724,33170.0731707317,9431077.307096444,31854515.072148576,34145.634146341465,9430731.539555708,31853565.08363802,34145.634146341465
9431127.281031445,31855034.80192543,33657.85365853658,7.40222411092109,9430831.487425705,31854604.543191724,33170.0731707317,9431177.254966443,31855554.531702276,33170.0731707317,9431423.074637182,31855465.060659133,34145.634146341465,9431077.307096444,31854515.072148576,34145.634146341465
9431473.04857218,31855984.790435985,33657.85365853658,7.727706567391423,9431177.254966443,31855554.531702276,33170.0731707317,9431523.022507181,31856504.520212837,33170.0731707317,9431768.842177918,31856415.04916969,34145.634146341465,9431423.074637182,31855465.060659133,34145.634146341465
9431818.816112919,31856934.778946538,33657.85365853658,9.356770717632168,9431523.022507181,31856504.520212837,33170.0731707317,9431868.790047918,31857454.50872339,33170.0731707317,9432114.609718656,31857365.037680242,34145.634146341465,9431768.842177918,31856415.04916969,34145.634146341465
9432164.583653655,31857884.767457094,33657.85365853658,8.622447514085653,9431868.790047918,31857454.50872339,33170.0731707317,9432214.557588656,31858404.497233946,33170.0731707317,9432460.377259394,31858315.026190802,34145.634146341465,9432114.609718656,31857365.037680242,34145.634146341465
9432510.351194393,31858834.755967654,33657.85365853658,6.28737083354418,9432214.557588656,31858404.497233946,33170.0731707317,9432560.325129392,31859354.485744506,33170.0731707317,9432806.144800132,31859265.014701355,34145.634146341465,9432460.377259394,31858315.026190802,34145.634146341465
9432856.118735129,31859784.744478207,33657.85365853658,5.831480956024861,9432560.325129392,31859354.485744506,33170.0731707317,9432906.09267013,31860304.47425506,33170.0731707317,9433151.912340868,31860215.00321191,34145.634146341465,9432806.144800132,31859265.014701355,34145.634146341465
9433201.886275867,31860734.732988764,33657.85365853658,5.761949721586924,9432906.09267013,31860304.47425506,33170.0731707317,9433251.860210866,31861254.462765615,33170.0731707317,9433497.679881606,31861164.991722472,34145.634146341465,9433151.912340868,31860215.00321191,34145.634146341465
9433547.653816603,31861684.721499324,33657.85365853658,6.1594451817382705,9433251.860210866,31861254.462765615,33170.0731707317,9433597.627751606,31862204.451276176,33170.0731707317,9433843.447422342,31862114.98023303,34145.634146341465,9433497.679881606,31861164.991722472,34145.634146341465
9433893.421357343,31862634.71000988,33657.85365853658,4.494066493075067,9433597.627751606,31862204.451276176,33170.0731707317,9433943.395292344,31863154.43978673,33170.0731707317,9434189.21496308,31863064.968743585,34145.634146341465,9433843.447422342,31862114.98023303,34145.634146341465
9434239.188898081,31863584.698520433,33657.85365853658,3.7318304496711616,9433943.395292344,31863154.43978673,33170.0731707317,9434289.16283308,31864104.42829729,33170.0731707317,9434534.982503818,31864014.95725414,34145.634146341465,9434189.21496308,31863064.968743585,34145.634146341465
9434584.956438819,31864534.687030986,33657.85365853658,2.964601694467308,9434289.16283308,31864104.42829729,33170.0731707317,9434634.930373818,31865054.41680784,33170.0731707317,9434880.750044556,31864964.945764694,34145.634146341465,9434534.982503818,31864014.95725414,34145.634146341465
9434930.723979557,31865484.675541546,33657.85365853658,2.8259391705448547,9434634.930373818,31865054.41680784,33170.0731707317,9434980.697914556,31866004.405318398,33170.0731707317,9435226.517585294,31865914.934275255,34145.634146341465,9434880.750044556,31864964.945764694,34145.634146341465
9435276.491520293,31866434.664052103,33657.85365853658,2.4709936498735257,9434980.697914556,31866004.405318398,33170.0731707317,9435326.465455294,31866954.39382896,33170.0731707317,9435572.28512603,31866864.92278581,34145.634146341465,9435226.517585294,31865914.934275255,34145.634146341465
9435622.259061031,31867384.65256266,33657.85365853658,2.2751913750522283,9435326.465455294,31866954.39382896,33170.0731707317,9435672.23299603,31867904.38233951,33170.0731707317,9435918.05266677,31867814.911296364,34145.634146341465,9435572.28512603,31866864.92278581,34145.634146341465
9435968.026601767,31868334.641073216,33657.85365853658,2.063345217813381,9435672.23299603,31867904.38233951,33170.0731707317,9436018.000536768,31868854.370850068,33170.0731707317,9436263.820207506,31868764.899806924,34145.634146341465,9435918.05266677,31867814.911296364,34145.634146341465
9436313.794142505,31869284.629583772,33657.85365853658,1.907032141548603,9436018.000536768,31868854.370850068,33170.0731707317,9436363.768077504,31869804.359360628,33170.0731707317,9436609.587748244,31869714.88831748,34145.634146341465,9436263.820207506,31868764.899806924,34145.634146341465
9436659.561683241,31870234.61809433,33657.85365853658,1.8974773638351776,9436363.768077504,31869804.359360628,33170.0731707317,9436709.535618242,31870754.34787118,33170.0731707317,9436955.35528898,31870664.876828037,34145.634146341465,9436609.587748244,31869714.88831748,34145.634146341465
9437005.32922398,31871184.606604885,33657.85365853658,1.7981636285339981,9436709.535618242,31870754.34787118,33170.0731707317,9437055.30315898,31871704.33638174,33170.0731707317,9437301.122829719,31871614.865338594,34145.634146341465,9436955.35528898,31870664.876828037,34145.634146341465
9437351.096764717,31872134.59511544,33657.85365853658,1.6970860830790127,9437055.30315898,31871704.33638174,33170.0731707317,9437401.070699718,31872654.324892294,33170.0731707317,9437646.890370455,31872564.853849147,34145.634146341465,9437301.122829719,31871614.865338594,34145.634146341465
9437696.864305457,31873084.583626,33657.85365853658,1.4525854612541627,9437401.070699718,31872654.324892294,33170.0731707317,9437746.838240456,31873604.31340285,33170.0731707317,9437992.657911194,31873514.842359707,34145.634146341465,9437646.890370455,31872564.853849147,34145.634146341465
9438042.631846193,31874034.572136555,33657.85365853658,1.1033343332865766,9437746.838240456,31873604.31340285,33170.0731707317,9438092.605781192,31874554.30191341,33170.0731707317,9438338.42545193,31874464.830870263,34145.634146341465,9437992.657911194,31873514.842359707,34145.634146341465
9438388.399386931,31874984.560647115,33657.85365853658,1.243185193866682,9438092.605781192,31874554.30191341,33170.0731707317,9438438.37332193,31875504.290423967,33170.0731707317,9438684.192992669,31875414.819380816,34145.634146341465,9438338.42545193,31874464.830870263,34145.634146341465
9438734.166927667,31875934.549157668,33657.85365853658,1.439735511941818,9438438.37332193,31875504.290423967,33170.0731707317,9438784.140862666,31876454.27893452,33170.0731707317,9439029.960533407,31876364.807891376,34145.634146341465,9438684.192992669,31875414.819380816,34145.634146341465
9439079.934468405,31876884.537668224,33657.85365853658,1.2030549889596949,9438784.140862666,31876454.27893452,33170.0731707317,9439129.908403404,31877404.267445076,33170.0731707317,9439375.728074143,31877314.79640193,34145.634146341465,9439029.960533407,31876364.807891376,34145.634146341465
9439425.702009143,31877834.526178785,33657.85365853658,0.5445040024101155,9439129.908403404,31877404.267445076,33170.0731707317,9439475.675944142,31878354.255955633,33170.0731707317,9439721.49561488,31878264.78491249,34145.634146341465,9439375.728074143,31877314.79640193,34145.634146341465
9439771.46954988,31878784.514689337,33657.85365853658,0.32677963640879737,9439475.675944142,31878354.255955633,33170.0731707317,9439821.44348488,31879304.244466193,33170.0731707317,9440067.263155617,31879214.773423046,34145.634146341465,9439721.49561488,31878264.78491249,34145.634146341465
9440117.237090617,31879734.503199894,33657.85365853658,0.1908769908754264,9439821.44348488,31879304.244466193,33170.0731707317,9440167.211025616,31880254.232976746,33170.0731707317,9440413.030696357,31880164.7619336,34145.634146341465,9440067.263155617,31879214.773423046,34145.634146341465
9440463.004631354,31880684.491710454,33657.85365853658,0.25570947592570514,9440167.211025616,31880254.232976746,33170.0731707317,9440512.978566354,31881204.221487302,33170.0731707317,9440758.798237093,31881114.75044416,34145.634146341465,9440413.030696357,31880164.7619336,34145.634146341465
9440808.772172092,31881634.480221007,33657.85365853658,0.34502623906244717,9440512.978566354,31881204.221487302,33170.0731707317,9440858.746107092,31882154.209997863,33170.0731707317,9441104.56577783,31882064.738954715,34145.634146341465,9440758.798237093,31881114.75044416,34145.634146341465
9441154.53971283,31882584.468731567,33657.85365853658,0.33525188940574663,9440858.746107092,31882154.209997863,33170.0731707317,9441204.51364783,31883104.198508415,33170.0731707317,9441450.333318567,31883014.72746527,34145.634146341465,9441104.56577783,31882064.738954715,34145.634146341465
9441500.307253568,31883534.457242124,33657.85365853658,0.24129594511893404,9441204.51364783,31883104.198508415,33170.0731707317,9441550.281188566,31884054.187018972,33170.0731707317,9441796.100859305,31883964.71597583,34145.634146341465,9441450.333318567,31883014.72746527,34145.634146341465
9441846.074794304,31884484.445752677,33657.85365853658,0.13999812414211757,9441550.281188566,31884054.187018972,33170.0731707317,9441896.048729304,31885004.17552953,33170.0731707317,9442141.868400043,31884914.70448638,34145.634146341465,9441796.100859305,31883964.71597583,34145.634146341465
9442191.842335043,31885434.434263237,33657.85365853658,0.2330832272674851,9441896.048729304,31885004.17552953,33170.0731707317,9442241.816270042,31885954.164040085,33170.0731707317,9442487.63594078,31885864.69299694,34145.634146341465,9442141.868400043,31884914.70448638,34145.634146341465
9442537.60987578,31886384.422773793,33657.85365853658,0.452143662803012,9442241.816270042,31885954.164040085,33170.0731707317,9442587.583810778,31886904.152550645,33170.0731707317,9442833.403481519,31886814.681507498,34145.634146341465,9442487.63594078,31885864.69299694,34145.634146341465
9442883.377416518,31887334.411284346,33657.85365853658,0.3531468225368406,9442587.583810778,31886904.152550645,33170.0731707317,9442933.351351518,31887854.1410612,33170.0731707317,9443179.171022255,31887764.67001805,34145.634146341465,9442833.403481519,31886814.681507498,34145.634146341465
9443229.144957256,31888284.399794906,33657.85365853658,0.3155484261607655,9442933.351351518,31887854.1410612,33170.0731707317,9443279.118892254,31888804.129571754,33170.0731707317,9443524.938562993,31888714.65852861,34145.634146341465,9443179.171022255,31887764.67001805,34145.634146341465
9443574.912497992,31889234.388305463,33657.85365853658,0.3353695588594655,9443279.118892254,31888804.129571754,33170.0731707317,9443624.886432992,31889754.118082315,33170.0731707317,9443870.706103731,31889664.647039168,34145.634146341465,9443524.938562993,31888714.65852861,34145.634146341465
9443920.68003873,31890184.37681602,33657.85365853658,0.16808724965247326,9443624.886432992,31889754.118082315,33170.0731707317,9443970.653973728,31890704.106592868,33170.0731707317,9444216.473644469,31890614.63554972,34145.634146341465,9443870.706103731,31889664.647039168,34145.634146341465
9444266.447579466,31891134.365326576,33657.85365853658,0.1084982130361377,9443970.653973728,31890704.106592868,33170.0731707317,9444316.421514466,31891654.095103424,33170.0731707317,9444562.241185205,31891564.62406028,34145.634146341465,9444216.473644469,31890614.63554972,34145.634146341465
9444612.215120204,31892084.353837132,33657.85365853658,0.06985759360380808,9444316.421514466,31891654.095103424,33170.0731707317,9444662.189055203,31892604.08361398,33170.0731707317,9444908.008725943,31892514.612570833,34145.634146341465,9444562.241185205,31891564.62406028,34145.634146341465
9444957.98266094,31893034.342347685,33657.85365853658,0.047550339244985786,9444662.189055203,31892604.08361398,33170.0731707317,9445007.956595942,31893554.072124537,33170.0731707317,9445253.77626668,31893464.601081394,34145.634146341465,9444908.008725943,31892514.612570833,34145.634146341465
9424803.51742817,31836895.54918171,34633.41463414634,1.5782000140402783,9424507.723822434,31836465.290448003,34145.634146341465,9424853.49136317,31837415.278958555,34145.634146341465,9425099.311033908,31837325.807915412,35121.19512195122,9424753.54349317,31836375.819404855,35121.19512195122
9425149.284968909,31837845.53769226,34633.41463414634,1.7603280237815209,9424853.49136317,31837415.278958555,34145.634146341465,9425199.258903908,31838365.267469116,34145.634146341465,9425445.078574646,31838275.79642597,35121.19512195122,9425099.311033908,31837325.807915412,35121.19512195122
9425495.052509645,31838795.52620282,34633.41463414634,1.2714159118284853,9425199.258903908,31838365.267469116,34145.634146341465,9425545.026444644,31839315.25597967,34145.634146341465,9425790.846115384,31839225.784936525,35121.19512195122,9425445.078574646,31838275.79642597,35121.19512195122
9425840.820050383,31839745.514713373,34633.41463414634,1.4782124684850946,9425545.026444644,31839315.25597967,34145.634146341465,9425890.793985382,31840265.24449023,34145.634146341465,9426136.61365612,31840175.77344708,35121.19512195122,9425790.846115384,31839225.784936525,35121.19512195122
9426186.58759112,31840695.50322393,34633.41463414634,1.5096154935024035,9425890.793985382,31840265.24449023,34145.634146341465,9426236.561526118,31841215.233000785,34145.634146341465,9426482.381196858,31841125.761957638,35121.19512195122,9426136.61365612,31840175.77344708,35121.19512195122
9426532.355131857,31841645.491734494,34633.41463414634,1.3162242116020852,9426236.561526118,31841215.233000785,34145.634146341465,9426582.329066858,31842165.22151134,34145.634146341465,9426828.148737594,31842075.750468194,35121.19512195122,9426482.381196858,31841125.761957638,35121.19512195122
9426878.122672595,31842595.48024505,34633.41463414634,0.9361379740363773,9426582.329066858,31842165.22151134,34145.634146341465,9426928.096607596,31843115.2100219,34145.634146341465,9427173.916278332,31843025.73897875,35121.19512195122,9426828.148737594,31842075.750468194,35121.19512195122
9427223.890213333,31843545.468755603,34633.41463414634,0.9097202583568481,9426928.096607596,31843115.2100219,34145.634146341465,9427273.864148332,31844065.198532455,34145.634146341465,9427519.68381907,31843975.727489308,35121.19512195122,9427173.916278332,31843025.73897875,35121.19512195122
9427569.65775407,31844495.45726616,34633.41463414634,1.1650319162545766,9427273.864148332,31844065.198532455,34145.634146341465,9427619.63168907,31845015.187043007,34145.634146341465,9427865.451359808,31844925.715999864,35121.19512195122,9427519.68381907,31843975.727489308,35121.19512195122
9427915.425294807,31845445.445776712,34633.41463414634,1.7837099732933959,9427619.63168907,31845015.187043007,34145.634146341465,9427965.399229806,31845965.175553568,34145.634146341465,9428211.218900546,31845875.70451042,35121.19512195122,9427865.451359808,31844925.715999864,35121.19512195122
9428261.192835543,31846395.434287272,34633.41463414634,1.8023705827640342,9427965.399229806,31845965.175553568,34145.634146341465,9428311.166770544,31846915.16406412,34145.634146341465,9428556.986441283,31846825.693020977,35121.19512195122,9428211.218900546,31845875.70451042,35121.19512195122
9428606.960376281,31847345.42279783,34633.41463414634,2.2593968493504506,9428311.166770544,31846915.16406412,34145.634146341465,9428656.934311282,31847865.15257468,34145.634146341465,9428902.75398202,31847775.681531534,35121.19512195122,9428556.986441283,31846825.693020977,35121.19512195122
9428952.72791702,31848295.41130838,34633.41463414634,2.8378685660772773,9428656.934311282,31847865.15257468,34145.634146341465,9429002.70185202,31848815.141085237,34145.634146341465,9429248.521522757,31848725.67004209,35121.19512195122,9428902.75398202,31847775.681531534,35121.19512195122
9429298.495457757,31849245.399818942,34633.41463414634,3.519435344299983,9429002.70185202,31848815.141085237,34145.634146341465,9429348.469392756,31849765.129595794,34145.634146341465,9429594.289063497,31849675.65855265,35121.19512195122,9429248.521522757,31848725.67004209,35121.19512195122
9429644.262998495,31850195.3883295,34633.41463414634,3.216671438545229,9429348.469392756,31849765.129595794,34145.634146341465,9429694.236933494,31850715.11810635,34145.634146341465,9429940.056604233,31850625.647063203,35121.19512195122,9429594.289063497,31849675.65855265,35121.19512195122
9429990.030539233,31851145.376840055,34633.41463414634,3.871770763934535,9429694.236933494,31850715.11810635,34145.634146341465,9430040.004474232,31851665.106616907,34145.634146341465,9430285.82414497,31851575.63557376,35121.19512195122,9429940.056604233,31850625.647063203,35121.19512195122
9430335.79807997,31852095.36535061,34633.41463414634,4.95641048094241,9430040.004474232,31851665.106616907,34145.634146341465,9430385.77201497,31852615.09512746,34145.634146341465,9430631.591685707,31852525.624084316,35121.19512195122,9430285.82414497,31851575.63557376,35121.19512195122
9430681.565620707,31853045.353861168,34633.41463414634,5.736179461410693,9430385.77201497,31852615.09512746,34145.634146341465,9430731.539555708,31853565.08363802,34145.634146341465,9430977.359226447,31853475.612594873,35121.19512195122,9430631.591685707,31852525.624084316,35121.19512195122
9431027.333161443,31853995.342371725,34633.41463414634,6.415023088278482,9430731.539555708,31853565.08363802,34145.634146341465,9431077.307096444,31854515.072148576,34145.634146341465,9431323.126767183,31854425.60110543,35121.19512195122,9430977.359226447,31853475.612594873,35121.19512195122
9431373.100702181,31854945.33088228,34633.41463414634,7.803733250247731,9431077.307096444,31854515.072148576,34145.634146341465,9431423.074637182,31855465.060659133,34145.634146341465,9431668.89430792,31855375.589615986,35121.19512195122,9431323.126767183,31854425.60110543,35121.19512195122
9431718.86824292,31855895.319392838,34633.41463414634,9.777902766934128,9431423.074637182,31855465.060659133,34145.634146341465,9431768.842177918,31856415.04916969,34145.634146341465,9432014.661848659,31856325.578126542,35121.19512195122,9431668.89430792,31855375.589615986,35121.19512195122
9432064.635783656,31856845.307903394,34633.41463414634,9.458063853866483,9431768.842177918,31856415.04916969,34145.634146341465,9432114.609718656,31857365.037680242,34145.634146341465,9432360.429389395,31857275.5666371,35121.19512195122,9432014.661848659,31856325.578126542,35121.19512195122
9432410.403324394,31857795.296413947,34633.41463414634,6.829916465844972,9432114.609718656,31857365.037680242,34145.634146341465,9432460.377259394,31858315.026190802,34145.634146341465,9432706.196930133,31858225.555147655,35121.19512195122,9432360.429389395,31857275.5666371,35121.19512195122
9432756.170865132,31858745.284924503,34633.41463414634,5.759322847182579,9432460.377259394,31858315.026190802,34145.634146341465,9432806.144800132,31859265.014701355,34145.634146341465,9433051.964470869,31859175.543658208,35121.19512195122,9432706.196930133,31858225.555147655,35121.19512195122
9433101.93840587,31859695.27343506,34633.41463414634,6.078024675893774,9432806.144800132,31859265.014701355,34145.634146341465,9433151.912340868,31860215.00321191,34145.634146341465,9433397.732011609,31860125.53216877,35121.19512195122,9433051.964470869,31859175.543658208,35121.19512195122
9433447.705946608,31860645.261945616,34633.41463414634,7.591082798653567,9433151.912340868,31860215.00321191,34145.634146341465,9433497.679881606,31861164.991722472,34145.634146341465,9433743.499552345,31861075.520679325,35121.19512195122,9433397.732011609,31860125.53216877,35121.19512195122
9433793.473487344,31861595.25045618,34633.41463414634,6.224717472532183,9433497.679881606,31861164.991722472,34145.634146341465,9433843.447422342,31862114.98023303,34145.634146341465,9434089.267093083,31862025.509189885,35121.19512195122,9433743.499552345,31861075.520679325,35121.19512195122
9434139.241028082,31862545.238966733,34633.41463414634,4.084419900742904,9433843.447422342,31862114.98023303,34145.634146341465,9434189.21496308,31863064.968743585,34145.634146341465,9434435.034633819,31862975.497700438,35121.19512195122,9434089.267093083,31862025.509189885,35121.19512195122
9434485.00856882,31863495.227477286,34633.41463414634,3.24895470699029,9434189.21496308,31863064.968743585,34145.634146341465,9434534.982503818,31864014.95725414,34145.634146341465,9434780.802174557,31863925.486210994,35121.19512195122,9434435.034633819,31862975.497700438,35121.19512195122
9434830.776109556,31864445.215987843,34633.41463414634,2.9823776034188576,9434534.982503818,31864014.95725414,34145.634146341465,9434880.750044556,31864964.945764694,34145.634146341465,9435126.569715293,31864875.47472155,35121.19512195122,9434780.802174557,31863925.486210994,35121.19512195122
9435176.543650294,31865395.2044984,34633.41463414634,3.1415958461485163,9434880.750044556,31864964.945764694,34145.634146341465,9435226.517585294,31865914.934275255,34145.634146341465,9435472.337256033,31865825.463232107,35121.19512195122,9435126.569715293,31864875.47472155,35121.19512195122
9435522.311191032,31866345.19300896,34633.41463414634,3.092039686789639,9435226.517585294,31865914.934275255,34145.634146341465,9435572.28512603,31866864.92278581,34145.634146341465,9435818.104796771,31866775.45174266,35121.19512195122,9435472.337256033,31865825.463232107,35121.19512195122
9435868.078731768,31867295.181519512,34633.41463414634,2.5002290242039753,9435572.28512603,31866864.92278581,34145.634146341465,9435918.05266677,31867814.911296364,34145.634146341465,9436163.872337507,31867725.44025322,35121.19512195122,9435818.104796771,31866775.45174266,35121.19512195122
9436213.846272508,31868245.17003007,34633.41463414634,1.5917704227390206,9435918.05266677,31867814.911296364,34145.634146341465,9436263.820207506,31868764.899806924,34145.634146341465,9436509.639878245,31868675.428763777,35121.19512195122,9436163.872337507,31867725.44025322,35121.19512195122
9436559.613813244,31869195.15854063,34633.41463414634,1.1986629792578025,9436263.820207506,31868764.899806924,34145.634146341465,9436609.587748244,31869714.88831748,34145.634146341465,9436855.407418981,31869625.417274337,35121.19512195122,9436509.639878245,31868675.428763777,35121.19512195122
9436905.381353982,31870145.14705118,34633.41463414634,1.0048613757156066,9436609.587748244,31869714.88831748,34145.634146341465,9436955.35528898,31870664.876828037,34145.634146341465,9437201.17495972,31870575.40578489,35121.19512195122,9436855.407418981,31869625.417274337,35121.19512195122
9437251.14889472,31871095.13556174,34633.41463414634,1.0114128035480778,9436955.35528898,31870664.876828037,34145.634146341465,9437301.122829719,31871614.865338594,34145.634146341465,9437546.942500457,31871525.394295447,35121.19512195122,9437201.17495972,31870575.40578489,35121.19512195122
9437596.916435456,31872045.1240723,34633.41463414634,1.1243060033822458,9437301.122829719,31871614.865338594,34145.634146341465,9437646.890370455,31872564.853849147,34145.634146341465,9437892.710041195,31872475.382806003,35121.19512195122,9437546.942500457,31871525.394295447,35121.19512195122
9437942.683976194,31872995.11258285,34633.41463414634,1.7794909073904108,9437646.890370455,31872564.853849147,34145.634146341465,9437992.657911194,31873514.842359707,34145.634146341465,9438238.477581931,31873425.37131656,35121.19512195122,9437892.710041195,31872475.382806003,35121.19512195122
9438288.451516932,31873945.10109341,34633.41463414634,2.2714412716155343,9437992.657911194,31873514.842359707,34145.634146341465,9438338.42545193,31874464.830870263,34145.634146341465,9438584.24512267,31874375.359827116,35121.19512195122,9438238.477581931,31873425.37131656,35121.19512195122
9438634.219057668,31874895.089603968,34633.41463414634,1.8980646495572915,9438338.42545193,31874464.830870263,34145.634146341465,9438684.192992669,31875414.819380816,34145.634146341465,9438930.012663407,31875325.348337673,35121.19512195122,9438584.24512267,31874375.359827116,35121.19512195122
9438979.986598406,31875845.07811452,34633.41463414634,1.9064836228294506,9438684.192992669,31875414.819380816,34145.634146341465,9439029.960533407,31876364.807891376,34145.634146341465,9439275.780204145,31876275.33684823,35121.19512195122,9438930.012663407,31875325.348337673,35121.19512195122
9439325.754139144,31876795.06662508,34633.41463414634,1.803298681029743,9439029.960533407,31876364.807891376,34145.634146341465,9439375.728074143,31877314.79640193,34145.634146341465,9439621.547744881,31877225.325358786,35121.19512195122,9439275.780204145,31876275.33684823,35121.19512195122
9439671.52167988,31877745.055135638,34633.41463414634,1.0228430782716564,9439375.728074143,31877314.79640193,34145.634146341465,9439721.49561488,31878264.78491249,34145.634146341465,9439967.31528562,31878175.313869342,35121.19512195122,9439621.547744881,31877225.325358786,35121.19512195122
9440017.289220618,31878695.04364619,34633.41463414634,0.6443414974732711,9439721.49561488,31878264.78491249,34145.634146341465,9440067.263155617,31879214.773423046,34145.634146341465,9440313.082826357,31879125.302379895,35121.19512195122,9439967.31528562,31878175.313869342,35121.19512195122
9440363.056761354,31879645.03215675,34633.41463414634,0.2670700460468843,9440067.263155617,31879214.773423046,34145.634146341465,9440413.030696357,31880164.7619336,34145.634146341465,9440658.850367093,31880075.290890455,35121.19512195122,9440313.082826357,31879125.302379895,35121.19512195122
9440708.824302094,31880595.020667307,34633.41463414634,0.15163312695900422,9440413.030696357,31880164.7619336,34145.634146341465,9440758.798237093,31881114.75044416,34145.634146341465,9441004.617907831,31881025.27940101,35121.19512195122,9440658.850367093,31880075.290890455,35121.19512195122
9441054.591842832,31881545.009177864,34633.41463414634,0.20527984536327593,9440758.798237093,31881114.75044416,34145.634146341465,9441104.56577783,31882064.738954715,34145.634146341465,9441350.38544857,31881975.26791157,35121.19512195122,9441004.617907831,31881025.27940101,35121.19512195122
9441400.359383568,31882494.99768842,34633.41463414634,0.3517988002458851,9441104.56577783,31882064.738954715,34145.634146341465,9441450.333318567,31883014.72746527,34145.634146341465,9441696.152989307,31882925.256422125,35121.19512195122,9441350.38544857,31881975.26791157,35121.19512195122
9441746.126924306,31883444.986198977,34633.41463414634,0.3574434584981265,9441450.333318567,31883014.72746527,34145.634146341465,9441796.100859305,31883964.71597583,34145.634146341465,9442041.920530044,31883875.24493268,35121.19512195122,9441696.152989307,31882925.256422125,35121.19512195122
9442091.894465044,31884394.974709533,34633.41463414634,0.36011477544118764,9441796.100859305,31883964.71597583,34145.634146341465,9442141.868400043,31884914.70448638,34145.634146341465,9442387.688070782,31884825.233443238,35121.19512195122,9442041.920530044,31883875.24493268,35121.19512195122
9442437.66200578,31885344.96322009,34633.41463414634,0.34365238932362907,9442141.868400043,31884914.70448638,34145.634146341465,9442487.63594078,31885864.69299694,34145.634146341465,9442733.455611518,31885775.221953794,35121.19512195122,9442387.688070782,31884825.233443238,35121.19512195122
9442783.429546518,31886294.951730646,34633.41463414634,0.31238744525168893,9442487.63594078,31885864.69299694,34145.634146341465,9442833.403481519,31886814.681507498,34145.634146341465,9443079.223152256,31886725.21046435,35121.19512195122,9442733.455611518,31885775.221953794,35121.19512195122
9443129.197087254,31887244.940241203,34633.41463414634,0.07626712979906224,9442833.403481519,31886814.681507498,34145.634146341465,9443179.171022255,31887764.67001805,34145.634146341465,9443424.990692994,31887675.198974907,35121.19512195122,9443079.223152256,31886725.21046435,35121.19512195122
9443474.964627992,31888194.92875176,34633.41463414634,0.08005857077029725,9443179.171022255,31887764.67001805,34145.634146341465,9443524.938562993,31888714.65852861,34145.634146341465,9443770.758233732,31888625.187485464,35121.19512195122,9443424.990692994,31887675.198974907,35121.19512195122
9443820.73216873,31889144.91726232,34633.41463414634,0.0999194560598463,9443524.938562993,31888714.65852861,34145.634146341465,9443870.706103731,31889664.647039168,34145.634146341465,9444116.52577447,31889575.17599602,35121.19512195122,9443770.758233732,31888625.187485464,35121.19512195122
9444166.499709468,31890094.905772872,34633.41463414634,0.058125737875803135,9443870.706103731,31889664.647039168,34145.634146341465,9444216.473644469,31890614.63554972,34145.634146341465,9444462.293315206,31890525.164506577,35121.19512195122,9444116.52577447,31889575.17599602,35121.19512195122
9444512.267250206,31891044.89428343,34633.41463414634,0.01984308295984588,9444216.473644469,31890614.63554972,34145.634146341465,9444562.241185205,31891564.62406028,34145.634146341465,9444808.060855946,31891475.153017133,35121.19512195122,9444462.293315206,31890525.164506577,35121.19512195122
9444858.034790944,31891994.88279399,34633.41463414634,0.017147635344555278,9444562.241185205,31891564.62406028,34145.634146341465,9444908.008725943,31892514.612570833,34145.634146341465,9445153.828396682,31892425.14152769,35121.19512195122,9444808.060855946,31891475.153017133,35121.19512195122
9445203.80233168,31892944.871304538,34633.41463414634,0.014192656629743792,9444908.008725943,31892514.612570833,34145.634146341465,9445253.77626668,31893464.601081394,34145.634146341465,9445499.59593742,31893375.130038247,35121.19512195122,9445153.828396682,31892425.14152769,35121.19512195122
9425049.337098908,31836806.078138564,35608.975609756104,2.319463144405951,9424753.54349317,31836375.819404855,35121.19512195122,9425099.311033908,31837325.807915412,35121.19512195122,9425345.130704647,31837236.336872265,36096.756097560974,9424999.36316391,31836286.348361712,36096.756097560974
9425395.104639648,31837756.066649117,35608.975609756104,2.8166253153247784,9425099.311033908,31837325.807915412,35121.19512195122,9425445.078574646,31838275.79642597,35121.19512195122,9425690.898245385,31838186.325382825,36096.756097560974,9425345.130704647,31837236.336872265,36096.756097560974
9425740.872180384,31838706.055159673,35608.975609756104,3.0395515620445295,9425445.078574646,31838275.79642597,35121.19512195122,9425790.846115384,31839225.784936525,35121.19512195122,9426036.665786121,31839136.313893378,36096.756097560974,9425690.898245385,31838186.325382825,36096.756097560974
9426086.639721122,31839656.043670226,35608.975609756104,2.181062790819898,9425790.846115384,31839225.784936525,35121.19512195122,9426136.61365612,31840175.77344708,35121.19512195122,9426382.43332686,31840086.302403934,36096.756097560974,9426036.665786121,31839136.313893378,36096.756097560974
9426432.407261858,31840606.032180786,35608.975609756104,2.0720000789544697,9426136.61365612,31840175.77344708,35121.19512195122,9426482.381196858,31841125.761957638,35121.19512195122,9426728.200867597,31841036.290914495,36096.756097560974,9426382.43332686,31840086.302403934,36096.756097560974
9426778.174802596,31841556.020691343,35608.975609756104,1.6024808860326465,9426482.381196858,31841125.761957638,35121.19512195122,9426828.148737594,31842075.750468194,35121.19512195122,9427073.968408335,31841986.279425047,36096.756097560974,9426728.200867597,31841036.290914495,36096.756097560974
9427123.942343332,31842506.0092019,35608.975609756104,1.4185607236744853,9426828.148737594,31842075.750468194,35121.19512195122,9427173.916278332,31843025.73897875,35121.19512195122,9427419.735949071,31842936.267935604,36096.756097560974,9427073.968408335,31841986.279425047,36096.756097560974
9427469.70988407,31843455.997712456,35608.975609756104,1.724244811361887,9427173.916278332,31843025.73897875,35121.19512195122,9427519.68381907,31843975.727489308,35121.19512195122,9427765.50348981,31843886.256446164,36096.756097560974,9427419.735949071,31842936.267935604,36096.756097560974
9427815.477424808,31844405.986223012,35608.975609756104,1.81229901443527,9427519.68381907,31843975.727489308,35121.19512195122,9427865.451359808,31844925.715999864,35121.19512195122,9428111.271030545,31844836.244956717,36096.756097560974,9427765.50348981,31843886.256446164,36096.756097560974
9428161.244965546,31845355.97473357,35608.975609756104,2.316060680264415,9427865.451359808,31844925.715999864,35121.19512195122,9428211.218900546,31845875.70451042,35121.19512195122,9428457.038571285,31845786.233467277,36096.756097560974,9428111.271030545,31844836.244956717,36096.756097560974
9428507.012506286,31846305.963244125,35608.975609756104,2.5042673007521725,9428211.218900546,31845875.70451042,35121.19512195122,9428556.986441283,31846825.693020977,35121.19512195122,9428802.806112023,31846736.22197783,36096.756097560974,9428457.038571285,31845786.233467277,36096.756097560974
9428852.78004702,31847255.95175468,35608.975609756104,3.1943422698934865,9428556.986441283,31846825.693020977,35121.19512195122,9428902.75398202,31847775.681531534,35121.19512195122,9429148.57365276,31847686.210488386,36096.756097560974,9428802.806112023,31846736.22197783,36096.756097560974
9429198.54758776,31848205.94026524,35608.975609756104,3.222137909614131,9428902.75398202,31847775.681531534,35121.19512195122,9429248.521522757,31848725.67004209,35121.19512195122,9429494.341193497,31848636.198998947,36096.756097560974,9429148.57365276,31847686.210488386,36096.756097560974
9429544.315128496,31849155.928775795,35608.975609756104,3.209439792081407,9429248.521522757,31848725.67004209,35121.19512195122,9429594.289063497,31849675.65855265,35121.19512195122,9429840.108734233,31849586.1875095,36096.756097560974,9429494.341193497,31848636.198998947,36096.756097560974
9429890.082669234,31850105.917286355,35608.975609756104,3.712145963630336,9429594.289063497,31849675.65855265,35121.19512195122,9429940.056604233,31850625.647063203,35121.19512195122,9430185.876274971,31850536.176020056,36096.756097560974,9429840.108734233,31849586.1875095,36096.756097560974
9430235.85020997,31851055.905796908,35608.975609756104,4.3673778675282335,9429940.056604233,31850625.647063203,35121.19512195122,9430285.82414497,31851575.63557376,35121.19512195122,9430531.64381571,31851486.164530616,36096.756097560974,9430185.876274971,31850536.176020056,36096.756097560974
9430581.617750708,31852005.894307464,35608.975609756104,5.008992365289865,9430285.82414497,31851575.63557376,35121.19512195122,9430631.591685707,31852525.624084316,35121.19512195122,9430877.411356447,31852436.15304117,36096.756097560974,9430531.64381571,31851486.164530616,36096.756097560974
9430927.385291444,31852955.882818025,35608.975609756104,5.918530416978141,9430631.591685707,31852525.624084316,35121.19512195122,9430977.359226447,31853475.612594873,35121.19512195122,9431223.178897183,31853386.14155173,36096.756097560974,9430877.411356447,31852436.15304117,36096.756097560974
9431273.152832184,31853905.871328577,35608.975609756104,5.577560378520825,9430977.359226447,31853475.612594873,35121.19512195122,9431323.126767183,31854425.60110543,35121.19512195122,9431568.946437921,31854336.130062282,36096.756097560974,9431223.178897183,31853386.14155173,36096.756097560974
9431618.92037292,31854855.85983913,35608.975609756104,5.4839239721992845,9431323.126767183,31854425.60110543,35121.19512195122,9431668.89430792,31855375.589615986,35121.19512195122,9431914.713978657,31855286.11857284,36096.756097560974,9431568.946437921,31854336.130062282,36096.756097560974
9431964.687913658,31855805.848349694,35608.975609756104,6.044524380268084,9431668.89430792,31855375.589615986,35121.19512195122,9432014.661848659,31856325.578126542,35121.19512195122,9432260.481519395,31856236.1070834,36096.756097560974,9431914.713978657,31855286.11857284,36096.756097560974
9432310.455454398,31856755.836860247,35608.975609756104,4.875827359585879,9432014.661848659,31856325.578126542,35121.19512195122,9432360.429389395,31857275.5666371,35121.19512195122,9432606.249060133,31857186.09559395,36096.756097560974,9432260.481519395,31856236.1070834,36096.756097560974
9432656.222995132,31857705.825370803,35608.975609756104,4.942710342733939,9432360.429389395,31857275.5666371,35121.19512195122,9432706.196930133,31858225.555147655,35121.19512195122,9432952.016600871,31858136.08410451,36096.756097560974,9432606.249060133,31857186.09559395,36096.756097560974
9433001.990535872,31858655.813881356,35608.975609756104,6.429917495876288,9432706.196930133,31858225.555147655,35121.19512195122,9433051.964470869,31859175.543658208,35121.19512195122,9433297.78414161,31859086.072615065,36096.756097560974,9432952.016600871,31858136.08410451,36096.756097560974
9433347.758076608,31859605.802391913,35608.975609756104,5.411280752329222,9433051.964470869,31859175.543658208,35121.19512195122,9433397.732011609,31860125.53216877,35121.19512195122,9433643.551682346,31860036.06112562,36096.756097560974,9433297.78414161,31859086.072615065,36096.756097560974
9433693.525617346,31860555.790902473,35608.975609756104,4.432254379764418,9433397.732011609,31860125.53216877,35121.19512195122,9433743.499552345,31861075.520679325,35121.19512195122,9433989.319223084,31860986.04963618,36096.756097560974,9433643.551682346,31860036.06112562,36096.756097560974
9434039.293158082,31861505.779413033,35608.975609756104,4.045863221653228,9433743.499552345,31861075.520679325,35121.19512195122,9434089.267093083,31862025.509189885,35121.19512195122,9434335.086763822,31861936.038146734,36096.756097560974,9433989.319223084,31860986.04963618,36096.756097560974
9434385.06069882,31862455.767923582,35608.975609756104,3.1148881793883194,9434089.267093083,31862025.509189885,35121.19512195122,9434435.034633819,31862975.497700438,35121.19512195122,9434680.85430456,31862886.02665729,36096.756097560974,9434335.086763822,31861936.038146734,36096.756097560974
9434730.828239556,31863405.756434143,35608.975609756104,3.3756902772000053,9434435.034633819,31862975.497700438,35121.19512195122,9434780.802174557,31863925.486210994,35121.19512195122,9435026.621845296,31863836.01516785,36096.756097560974,9434680.85430456,31862886.02665729,36096.756097560974
9435076.595780294,31864355.744944695,35608.975609756104,3.7088116791548416,9434780.802174557,31863925.486210994,35121.19512195122,9435126.569715293,31864875.47472155,35121.19512195122,9435372.389386034,31864786.003678404,36096.756097560974,9435026.621845296,31863836.01516785,36096.756097560974
9435422.36332103,31865305.733455256,35608.975609756104,3.2794089039906953,9435126.569715293,31864875.47472155,35121.19512195122,9435472.337256033,31865825.463232107,35121.19512195122,9435718.15692677,31865735.99218896,36096.756097560974,9435372.389386034,31864786.003678404,36096.756097560974
9435768.13086177,31866255.721965812,35608.975609756104,2.823561283989323,9435472.337256033,31865825.463232107,35121.19512195122,9435818.104796771,31866775.45174266,35121.19512195122,9436063.924467508,31866685.980699517,36096.756097560974,9435718.15692677,31865735.99218896,36096.756097560974
9436113.898402508,31867205.710476365,35608.975609756104,1.7053496173471085,9435818.104796771,31866775.45174266,35121.19512195122,9436163.872337507,31867725.44025322,35121.19512195122,9436409.692008246,31867635.969210073,36096.756097560974,9436063.924467508,31866685.980699517,36096.756097560974
9436459.665943244,31868155.698986925,35608.975609756104,0.9736916813116843,9436163.872337507,31867725.44025322,35121.19512195122,9436509.639878245,31868675.428763777,35121.19512195122,9436755.459548984,31868585.957720634,36096.756097560974,9436409.692008246,31867635.969210073,36096.756097560974
9436805.433483984,31869105.68749748,35608.975609756104,0.7355286799406382,9436509.639878245,31868675.428763777,35121.19512195122,9436855.407418981,31869625.417274337,35121.19512195122,9437101.227089722,31869535.94623119,36096.756097560974,9436755.459548984,31868585.957720634,36096.756097560974
9437151.201024719,31870055.676008034,35608.975609756104,0.5176384826528155,9436855.407418981,31869625.417274337,35121.19512195122,9437201.17495972,31870575.40578489,35121.19512195122,9437446.994630458,31870485.934741743,36096.756097560974,9437101.227089722,31869535.94623119,36096.756097560974
9437496.968565458,31871005.664518595,35608.975609756104,0.5794564267592114,9437201.17495972,31870575.40578489,35121.19512195122,9437546.942500457,31871525.394295447,35121.19512195122,9437792.762171196,31871435.923252303,36096.756097560974,9437446.994630458,31870485.934741743,36096.756097560974
9437842.736106195,31871955.65302915,35608.975609756104,0.5491952235680113,9437546.942500457,31871525.394295447,35121.19512195122,9437892.710041195,31872475.382806003,35121.19512195122,9438138.529711932,31872385.911762856,36096.756097560974,9437792.762171196,31871435.923252303,36096.756097560974
9438188.503646933,31872905.641539708,35608.975609756104,0.8300985697031195,9437892.710041195,31872475.382806003,35121.19512195122,9438238.477581931,31873425.37131656,35121.19512195122,9438484.297252672,31873335.900273412,36096.756097560974,9438138.529711932,31872385.911762856,36096.756097560974
9438534.271187669,31873855.630050264,35608.975609756104,0.7097254629851076,9438238.477581931,31873425.37131656,35121.19512195122,9438584.24512267,31874375.359827116,35121.19512195122,9438830.064793408,31874285.88878397,36096.756097560974,9438484.297252672,31873335.900273412,36096.756097560974
9438880.038728407,31874805.61856082,35608.975609756104,0.7815901067429124,9438584.24512267,31874375.359827116,35121.19512195122,9438930.012663407,31875325.348337673,35121.19512195122,9439175.832334146,31875235.877294526,36096.756097560974,9438830.064793408,31874285.88878397,36096.756097560974
9439225.806269145,31875755.607071377,35608.975609756104,0.9507098204784291,9438930.012663407,31875325.348337673,35121.19512195122,9439275.780204145,31876275.33684823,35121.19512195122,9439521.599874882,31876185.865805086,36096.756097560974,9439175.832334146,31875235.877294526,36096.756097560974
9439571.573809883,31876705.595581934,35608.975609756104,0.8190521993851781,9439275.780204145,31876275.33684823,35121.19512195122,9439621.547744881,31877225.325358786,35121.19512195122,9439867.36741562,31877135.85431564,36096.756097560974,9439521.599874882,31876185.865805086,36096.756097560974
9439917.34135062,31877655.58409249,35608.975609756104,0.8434125758086265,9439621.547744881,31877225.325358786,35121.19512195122,9439967.31528562,31878175.313869342,35121.19512195122,9440213.134956358,31878085.842826195,36096.756097560974,9439867.36741562,31877135.85431564,36096.756097560974
9440263.108891357,31878605.572603047,35608.975609756104,0.8748336387682274,9439967.31528562,31878175.313869342,35121.19512195122,9440313.082826357,31879125.302379895,35121.19512195122,9440558.902497096,31879035.83133675,36096.756097560974,9440213.134956358,31878085.842826195,36096.756097560974
9440608.876432097,31879555.561113603,35608.975609756104,0.5760558878207269,9440313.082826357,31879125.302379895,35121.19512195122,9440658.850367093,31880075.290890455,35121.19512195122,9440904.670037834,31879985.819847308,36096.756097560974,9440558.902497096,31879035.83133675,36096.756097560974
9440954.64397283,31880505.549624164,35608.975609756104,0.288827545444257,9440658.850367093,31880075.290890455,35121.19512195122,9441004.617907831,31881025.27940101,35121.19512195122,9441250.43757857,31880935.808357865,36096.756097560974,9440904.670037834,31879985.819847308,36096.756097560974
9441300.41151357,31881455.538134716,35608.975609756104,0.08326356440001972,9441004.617907831,31881025.27940101,35121.19512195122,9441350.38544857,31881975.26791157,35121.19512195122,9441596.205119308,31881885.796868425,36096.756097560974,9441250.43757857,31880935.808357865,36096.756097560974
9441646.179054307,31882405.526645273,35608.975609756104,0.11808329208953684,9441350.38544857,31881975.26791157,35121.19512195122,9441696.152989307,31882925.256422125,35121.19512195122,9441941.972660044,31882835.785378978,36096.756097560974,9441596.205119308,31881885.796868425,36096.756097560974
9441991.946595045,31883355.515155833,35608.975609756104,0.1750256697068796,9441696.152989307,31882925.256422125,35121.19512195122,9442041.920530044,31883875.24493268,35121.19512195122,9442287.740200784,31883785.773889538,36096.756097560974,9441941.972660044,31882835.785378978,36096.756097560974
9442337.71413578,31884305.503666386,35608.975609756104,0.1031733743263875,9442041.920530044,31883875.24493268,35121.19512195122,9442387.688070782,31884825.233443238,35121.19512195122,9442633.50774152,31884735.76240009,36096.756097560974,9442287.740200784,31883785.773889538,36096.756097560974
9442683.481676519,31885255.492176943,35608.975609756104,0.23819329499839714,9442387.688070782,31884825.233443238,35121.19512195122,9442733.455611518,31885775.221953794,35121.19512195122,9442979.275282258,31885685.750910647,36096.756097560974,9442633.50774152,31884735.76240009,36096.756097560974
9443029.249217255,31886205.480687503,35608.975609756104,0.2267095356924892,9442733.455611518,31885775.221953794,35121.19512195122,9443079.223152256,31886725.21046435,35121.19512195122,9443325.042822994,31886635.739421204,36096.756097560974,9442979.275282258,31885685.750910647,36096.756097560974
9443375.016757993,31887155.46919805,35608.975609756104,0.23158773451887385,9443079.223152256,31886725.21046435,35121.19512195122,9443424.990692994,31887675.198974907,35121.19512195122,9443670.810363732,31887585.72793176,36096.756097560974,9443325.042822994,31886635.739421204,36096.756097560974
9443720.784298731,31888105.457708616,35608.975609756104,0.05033839466307686,9443424.990692994,31887675.198974907,35121.19512195122,9443770.758233732,31888625.187485464,35121.19512195122,9444016.577904468,31888535.716442317,36096.756097560974,9443670.810363732,31887585.72793176,36096.756097560974
9444066.551839469,31889055.446219172,35608.975609756104,0.11253388331127251,9443770.758233732,31888625.187485464,35121.19512195122,9444116.52577447,31889575.17599602,35121.19512195122,9444362.345445208,31889485.704952877,36096.756097560974,9444016.577904468,31888535.716442317,36096.756097560974
9444412.319380209,31890005.434729725,35608.975609756104,0.05599015494632156,9444116.52577447,31889575.17599602,35121.19512195122,9444462.293315206,31890525.164506577,35121.19512195122,9444708.112985944,31890435.69346343,36096.756097560974,9444362.345445208,31889485.704952877,36096.756097560974
9444758.086920945,31890955.423240285,35608.975609756104,0.013868736561678821,9444462.293315206,31890525.164506577,35121.19512195122,9444808.060855946,31891475.153017133,35121.19512195122,9445053.880526682,31891385.68197399,36096.756097560974,9444708.112985944,31890435.69346343,36096.756097560974
9445103.854461683,31891905.411750842,35608.975609756104,0.0012320898793395621,9444808.060855946,31891475.153017133,35121.19512195122,9445153.828396682,31892425.14152769,35121.19512195122,9445399.64806742,31892335.670484543,36096.756097560974,9445053.880526682,31891385.68197399,36096.756097560974
9445449.62200242,31892855.40026139,35608.975609756104,0.0016391518529168998,9445153.828396682,31892425.14152769,35121.19512195122,9445499.59593742,31893375.130038247,35121.19512195122,9445745.415608158,31893285.6589951,36096.756097560974,9445399.64806742,31892335.670484543,36096.756097560974
9425295.156769648,31836716.60709542,36584.53658536585,1.9455896064836327,9424999.36316391,31836286.348361712,36096.756097560974,9425345.130704647,31837236.336872265,36096.756097560974,9425590.950375384,31837146.86582912,37072.31707317073,9425245.182834648,31836196.877318565,37072.31707317073
9425640.924310384,31837666.59560597,36584.53658536585,1.979153003908367,9425345.130704647,31837236.336872265,36096.756097560974,9425690.898245385,31838186.325382825,36096.756097560974,9425936.717916124,31838096.854339678,37072.31707317073,9425590.950375384,31837146.86582912,37072.31707317073
9425986.691851122,31838616.584116526,36584.53658536585,2.018331495145555,9425690.898245385,31838186.325382825,36096.756097560974,9426036.665786121,31839136.313893378,36096.756097560974,9426282.485456862,31839046.84285023,37072.31707317073,9425936.717916124,31838096.854339678,37072.31707317073
9426332.459391858,31839566.572627082,36584.53658536585,2.097441605779087,9426036.665786121,31839136.313893378,36096.756097560974,9426382.43332686,31840086.302403934,36096.756097560974,9426628.252997598,31839996.83136079,37072.31707317073,9426282.485456862,31839046.84285023,37072.31707317073
9426678.226932598,31840516.56113764,36584.53658536585,1.7488086221680408,9426382.43332686,31840086.302403934,36096.756097560974,9426728.200867597,31841036.290914495,36096.756097560974,9426974.020538336,31840946.819871344,37072.31707317073,9426628.252997598,31839996.83136079,37072.31707317073
9427023.994473334,31841466.5496482,36584.53658536585,2.021582636047742,9426728.200867597,31841036.290914495,36096.756097560974,9427073.968408335,31841986.279425047,36096.756097560974,9427319.788079072,31841896.8083819,37072.31707317073,9426974.020538336,31840946.819871344,37072.31707317073
9427369.762014072,31842416.538158752,36584.53658536585,2.1200886850203453,9427073.968408335,31841986.279425047,36096.756097560974,9427419.735949071,31842936.267935604,36096.756097560974,9427665.55561981,31842846.79689246,37072.31707317073,9427319.788079072,31841896.8083819,37072.31707317073
9427715.529554809,31843366.52666931,36584.53658536585,2.367040291781568,9427419.735949071,31842936.267935604,36096.756097560974,9427765.50348981,31843886.256446164,36096.756097560974,9428011.323160548,31843796.785403017,37072.31707317073,9427665.55561981,31842846.79689246,37072.31707317073
9428061.297095548,31844316.51517987,36584.53658536585,2.7191121797141213,9427765.50348981,31843886.256446164,36096.756097560974,9428111.271030545,31844836.244956717,36096.756097560974,9428357.090701286,31844746.773913573,37072.31707317073,9428011.323160548,31843796.785403017,37072.31707317073
9428407.064636284,31845266.50369042,36584.53658536585,2.57902549098157,9428111.271030545,31844836.244956717,36096.756097560974,9428457.038571285,31845786.233467277,36096.756097560974,9428702.858242022,31845696.76242413,37072.31707317073,9428357.090701286,31844746.773913573,37072.31707317073
9428752.832177022,31846216.492200978,36584.53658536585,2.727012867782494,9428457.038571285,31845786.233467277,36096.756097560974,9428802.806112023,31846736.22197783,36096.756097560974,9429048.62578276,31846646.750934683,37072.31707317073,9428702.858242022,31845696.76242413,37072.31707317073
9429098.599717759,31847166.48071154,36584.53658536585,2.641827267638798,9428802.806112023,31846736.22197783,36096.756097560974,9429148.57365276,31847686.210488386,36096.756097560974,9429394.393323498,31847596.739445243,37072.31707317073,9429048.62578276,31846646.750934683,37072.31707317073
9429444.367258497,31848116.46922209,36584.53658536585,2.852404356227063,9429148.57365276,31847686.210488386,36096.756097560974,9429494.341193497,31848636.198998947,36096.756097560974,9429740.160864236,31848546.7279558,37072.31707317073,9429394.393323498,31847596.739445243,37072.31707317073
9429790.134799235,31849066.45773265,36584.53658536585,3.0389652305214154,9429494.341193497,31848636.198998947,36096.756097560974,9429840.108734233,31849586.1875095,36096.756097560974,9430085.928404974,31849496.716466352,37072.31707317073,9429740.160864236,31848546.7279558,37072.31707317073
9430135.90233997,31850016.446243208,36584.53658536585,3.071445373608798,9429840.108734233,31849586.1875095,36096.756097560974,9430185.876274971,31850536.176020056,36096.756097560974,9430431.69594571,31850446.704976913,37072.31707317073,9430085.928404974,31849496.716466352,37072.31707317073
9430481.669880709,31850966.43475376,36584.53658536585,3.0975332336296013,9430185.876274971,31850536.176020056,36096.756097560974,9430531.64381571,31851486.164530616,36096.756097560974,9430777.463486448,31851396.69348747,37072.31707317073,9430431.69594571,31850446.704976913,37072.31707317073
9430827.437421447,31851916.42326432,36584.53658536585,3.089253969439698,9430531.64381571,31851486.164530616,36096.756097560974,9430877.411356447,31852436.15304117,36096.756097560974,9431123.231027184,31852346.681998026,37072.31707317073,9430777.463486448,31851396.69348747,37072.31707317073
9431173.204962187,31852866.411774877,36584.53658536585,3.771330416038314,9430877.411356447,31852436.15304117,36096.756097560974,9431223.178897183,31853386.14155173,36096.756097560974,9431468.998567924,31853296.670508582,37072.31707317073,9431123.231027184,31852346.681998026,37072.31707317073
9431518.97250292,31853816.40028543,36584.53658536585,4.3949738656354365,9431223.178897183,31853386.14155173,36096.756097560974,9431568.946437921,31854336.130062282,36096.756097560974,9431814.76610866,31854246.659019135,37072.31707317073,9431468.998567924,31853296.670508582,37072.31707317073
9431864.74004366,31854766.388795987,36584.53658536585,4.08141339958333,9431568.946437921,31854336.130062282,36096.756097560974,9431914.713978657,31855286.11857284,36096.756097560974,9432160.533649398,31855196.647529695,37072.31707317073,9431814.76610866,31854246.659019135,37072.31707317073
9432210.507584395,31855716.377306547,36584.53658536585,4.542603142748515,9431914.713978657,31855286.11857284,36096.756097560974,9432260.481519395,31856236.1070834,36096.756097560974,9432506.301190134,31856146.63604025,37072.31707317073,9432160.533649398,31855196.647529695,37072.31707317073
9432556.275125135,31856666.365817104,36584.53658536585,5.544029810835411,9432260.481519395,31856236.1070834,36096.756097560974,9432606.249060133,31857186.09559395,36096.756097560974,9432852.068730872,31857096.624550804,37072.31707317073,9432506.301190134,31856146.63604025,37072.31707317073
9432902.04266587,31857616.354327656,36584.53658536585,4.5236386741356975,9432606.249060133,31857186.09559395,36096.756097560974,9432952.016600871,31858136.08410451,36096.756097560974,9433197.836271608,31858046.613061365,37072.31707317073,9432852.068730872,31857096.624550804,37072.31707317073
9433247.810206609,31858566.34283821,36584.53658536585,3.892622594128761,9432952.016600871,31858136.08410451,36096.756097560974,9433297.78414161,31859086.072615065,36096.756097560974,9433543.603812346,31858996.601571918,37072.31707317073,9433197.836271608,31858046.613061365,37072.31707317073
9433593.577747347,31859516.33134877,36584.53658536585,3.992145832563677,9433297.78414161,31859086.072615065,36096.756097560974,9433643.551682346,31860036.06112562,36096.756097560974,9433889.371353086,31859946.590082478,37072.31707317073,9433543.603812346,31858996.601571918,37072.31707317073
9433939.345288083,31860466.319859326,36584.53658536585,3.522837889863348,9433643.551682346,31860036.06112562,36096.756097560974,9433989.319223084,31860986.04963618,36096.756097560974,9434235.138893822,31860896.578593034,37072.31707317073,9433889.371353086,31859946.590082478,37072.31707317073
9434285.112828821,31861416.30836988,36584.53658536585,3.0017981397062847,9433989.319223084,31860986.04963618,36096.756097560974,9434335.086763822,31861936.038146734,36096.756097560974,9434580.90643456,31861846.567103587,37072.31707317073,9434235.138893822,31860896.578593034,37072.31707317073
9434630.880369559,31862366.29688044,36584.53658536585,1.8098446804757824,9434335.086763822,31861936.038146734,36096.756097560974,9434680.85430456,31862886.02665729,36096.756097560974,9434926.673975296,31862796.555614147,37072.31707317073,9434580.90643456,31861846.567103587,37072.31707317073
9434976.647910299,31863316.285390995,36584.53658536585,1.5622587389068452,9434680.85430456,31862886.02665729,36096.756097560974,9435026.621845296,31863836.01516785,36096.756097560974,9435272.441516036,31863746.544124704,37072.31707317073,9434926.673975296,31862796.555614147,37072.31707317073
9435322.415451033,31864266.273901552,36584.53658536585,1.9350154478351411,9435026.621845296,31863836.01516785,36096.756097560974,9435372.389386034,31864786.003678404,36096.756097560974,9435618.209056772,31864696.532635257,37072.31707317073,9435272.441516036,31863746.544124704,37072.31707317073
9435668.182991773,31865216.26241211,36584.53658536585,1.9549909179474831,9435372.389386034,31864786.003678404,36096.756097560974,9435718.15692677,31865735.99218896,36096.756097560974,9435963.97659751,31865646.521145817,37072.31707317073,9435618.209056772,31864696.532635257,37072.31707317073
9436013.950532507,31866166.250922665,36584.53658536585,1.1335610449685323,9435718.15692677,31865735.99218896,36096.756097560974,9436063.924467508,31866685.980699517,36096.756097560974,9436309.744138246,31866596.50965637,37072.31707317073,9435963.97659751,31865646.521145817,37072.31707317073
9436359.718073247,31867116.23943322,36584.53658536585,0.8690607570021428,9436063.924467508,31866685.980699517,36096.756097560974,9436409.692008246,31867635.969210073,36096.756097560974,9436655.511678984,31867546.49816693,37072.31707317073,9436309.744138246,31866596.50965637,37072.31707317073
9436705.485613983,31868066.227943778,36584.53658536585,0.9428368514792126,9436409.692008246,31867635.969210073,36096.756097560974,9436755.459548984,31868585.957720634,36096.756097560974,9437001.27921972,31868496.486677486,37072.31707317073,9436655.511678984,31867546.49816693,37072.31707317073
9437051.253154721,31869016.216454335,36584.53658536585,0.8396156597950725,9436755.459548984,31868585.957720634,36096.756097560974,9437101.227089722,31869535.94623119,36096.756097560974,9437347.04676046,31869446.47518804,37072.31707317073,9437001.27921972,31868496.486677486,37072.31707317073
9437397.02069546,31869966.20496489,36584.53658536585,0.7229198800751828,9437101.227089722,31869535.94623119,36096.756097560974,9437446.994630458,31870485.934741743,36096.756097560974,9437692.814301196,31870396.4636986,37072.31707317073,9437347.04676046,31869446.47518804,37072.31707317073
9437742.788236195,31870916.193475448,36584.53658536585,0.4385307159163769,9437446.994630458,31870485.934741743,36096.756097560974,9437792.762171196,31871435.923252303,36096.756097560974,9438038.581841934,31871346.452209156,37072.31707317073,9437692.814301196,31870396.4636986,37072.31707317073
9438088.555776933,31871866.181986008,36584.53658536585,0.39342360663385983,9437792.762171196,31871435.923252303,36096.756097560974,9438138.529711932,31872385.911762856,36096.756097560974,9438384.349382672,31872296.44071971,37072.31707317073,9438038.581841934,31871346.452209156,37072.31707317073
9438434.32331767,31872816.17049656,36584.53658536585,0.4976196927594303,9438138.529711932,31872385.911762856,36096.756097560974,9438484.297252672,31873335.900273412,36096.756097560974,9438730.116923409,31873246.42923027,37072.31707317073,9438384.349382672,31872296.44071971,37072.31707317073
9438780.09085841,31873766.159007117,36584.53658536585,0.44040106328362594,9438484.297252672,31873335.900273412,36096.756097560974,9438830.064793408,31874285.88878397,36096.756097560974,9439075.884464147,31874196.41774082,37072.31707317073,9438730.116923409,31873246.42923027,37072.31707317073
9439125.858399145,31874716.147517677,36584.53658536585,0.42969264761589565,9438830.064793408,31874285.88878397,36096.756097560974,9439175.832334146,31875235.877294526,36096.756097560974,9439421.652004885,31875146.406251382,37072.31707317073,9439075.884464147,31874196.41774082,37072.31707317073
9439471.625939885,31875666.13602823,36584.53658536585,0.49792860546303963,9439175.832334146,31875235.877294526,36096.756097560974,9439521.599874882,31876185.865805086,36096.756097560974,9439767.419545623,31876096.39476194,37072.31707317073,9439421.652004885,31875146.406251382,37072.31707317073
9439817.39348062,31876616.124538787,36584.53658536585,0.5225685432549746,9439521.599874882,31876185.865805086,36096.756097560974,9439867.36741562,31877135.85431564,36096.756097560974,9440113.187086359,31877046.38327249,37072.31707317073,9439767.419545623,31876096.39476194,37072.31707317073
9440163.16102136,31877566.113049347,36584.53658536585,0.6011848633229337,9439867.36741562,31877135.85431564,36096.756097560974,9440213.134956358,31878085.842826195,36096.756097560974,9440458.954627097,31877996.37178305,37072.31707317073,9440113.187086359,31877046.38327249,37072.31707317073
9440508.928562095,31878516.1015599,36584.53658536585,0.757413067184717,9440213.134956358,31878085.842826195,36096.756097560974,9440558.902497096,31879035.83133675,36096.756097560974,9440804.722167833,31878946.360293604,37072.31707317073,9440458.954627097,31877996.37178305,37072.31707317073
9440854.696102833,31879466.09007046,36584.53658536585,0.4928025387508648,9440558.902497096,31879035.83133675,36096.756097560974,9440904.670037834,31879985.819847308,36096.756097560974,9441150.489708573,31879896.34880416,37072.31707317073,9440804.722167833,31878946.360293604,37072.31707317073
9441200.46364357,31880416.078581017,36584.53658536585,0.2983965202646727,9440904.670037834,31879985.819847308,36096.756097560974,9441250.43757857,31880935.808357865,36096.756097560974,9441496.257249309,31880846.33731472,37072.31707317073,9441150.489708573,31879896.34880416,37072.31707317073
9441546.231184307,31881366.06709157,36584.53658536585,0.1956901256790871,9441250.43757857,31880935.808357865,36096.756097560974,9441596.205119308,31881885.796868425,36096.756097560974,9441842.024790047,31881796.325825278,37072.31707317073,9441496.257249309,31880846.33731472,37072.31707317073
9441891.998725045,31882316.05560213,36584.53658536585,0.3228152787193559,9441596.205119308,31881885.796868425,36096.756097560974,9441941.972660044,31882835.785378978,36096.756097560974,9442187.792330785,31882746.314335834,37072.31707317073,9441842.024790047,31881796.325825278,37072.31707317073
9442237.766265782,31883266.044112686,36584.53658536585,0.3574313778924807,9441941.972660044,31882835.785378978,36096.756097560974,9442287.740200784,31883785.773889538,36096.756097560974,9442533.55987152,31883696.30284639,37072.31707317073,9442187.792330785,31882746.314335834,37072.31707317073
9442583.533806521,31884216.03262324,36584.53658536585,0.26151823946942726,9442287.740200784,31883785.773889538,36096.756097560974,9442633.50774152,31884735.76240009,36096.756097560974,9442879.327412259,31884646.291356944,37072.31707317073,9442533.55987152,31883696.30284639,37072.31707317073
9442929.301347258,31885166.0211338,36584.53658536585,0.20024685669615006,9442633.50774152,31884735.76240009,36096.756097560974,9442979.275282258,31885685.750910647,36096.756097560974,9443225.094952997,31885596.279867504,37072.31707317073,9442879.327412259,31884646.291356944,37072.31707317073
9443275.068887997,31886116.009644356,36584.53658536585,0.4668715690312506,9442979.275282258,31885685.750910647,36096.756097560974,9443325.042822994,31886635.739421204,36096.756097560974,9443570.862493735,31886546.268378057,37072.31707317073,9443225.094952997,31885596.279867504,37072.31707317073
9443620.836428732,31887065.99815491,36584.53658536585,0.43037135396253046,9443325.042822994,31886635.739421204,36096.756097560974,9443670.810363732,31887585.72793176,36096.756097560974,9443916.63003447,31887496.256888613,37072.31707317073,9443570.862493735,31886546.268378057,37072.31707317073
9443966.603969472,31888015.98666547,36584.53658536585,0.40405692402444116,9443670.810363732,31887585.72793176,36096.756097560974,9444016.577904468,31888535.716442317,36096.756097560974,9444262.397575209,31888446.245399173,37072.31707317073,9443916.63003447,31887496.256888613,37072.31707317073
9444312.371510208,31888965.975176025,36584.53658536585,0.43780032271481467,9444016.577904468,31888535.716442317,36096.756097560974,9444362.345445208,31889485.704952877,36096.756097560974,9444608.165115945,31889396.23390973,37072.31707317073,9444262.397575209,31888446.245399173,37072.31707317073
9444658.139050946,31889915.96368658,36584.53658536585,0.23889899391768632,9444362.345445208,31889485.704952877,36096.756097560974,9444708.112985944,31890435.69346343,36096.756097560974,9444953.932656683,31890346.222420286,37072.31707317073,9444608.165115945,31889396.23390973,37072.31707317073
9445003.906591682,31890865.95219714,36584.53658536585,0.043753208642136616,9444708.112985944,31890435.69346343,36096.756097560974,9445053.880526682,31891385.68197399,36096.756097560974,9445299.700197421,31891296.210930843,37072.31707317073,9444953.932656683,31890346.222420286,37072.31707317073
9445349.67413242,31891815.940707695,36584.53658536585,0.025795618867272413,9445053.880526682,31891385.68197399,36096.756097560974,9445399.64806742,31892335.670484543,36096.756097560974,9445645.467738159,31892246.199441396,37072.31707317073,9445299.700197421,31891296.210930843,37072.31707317073
9445695.441673158,31892765.929218248,36584.53658536585,0.011227172050420143,9445399.64806742,31892335.670484543,36096.756097560974,9445745.415608158,31893285.6589951,36096.756097560974,9445991.235278897,31893196.187951956,37072.31707317073,9445645.467738159,31892246.199441396,37072.31707317073
9425540.976440389,31836627.136052273,37560.097560975606,2.5050709830485394,9425245.182834648,31836196.877318565,37072.31707317073,9425590.950375384,31837146.86582912,37072.31707317073,9425836.770046128,31837057.394785974,38047.87804878049,9425491.00250539,31836107.406275418,38047.87804878049
9425886.743981125,31837577.124562822,37560.097560975606,1.9139160309756766,9425590.950375384,31837146.86582912,37072.31707317073,9425936.717916124,31838096.854339678,37072.31707317073,9426182.537586864,31838007.383296527,38047.87804878049,9425836.770046128,31837057.394785974,38047.87804878049
9426232.511521863,31838527.113073383,37560.097560975606,1.616608339404734,9425936.717916124,31838096.854339678,37072.31707317073,9426282.485456862,31839046.84285023,37072.31707317073,9426528.305127602,31838957.371807087,38047.87804878049,9426182.537586864,31838007.383296527,38047.87804878049
9426578.2790626,31839477.101583935,37560.097560975606,1.6366163926114314,9426282.485456862,31839046.84285023,37072.31707317073,9426628.252997598,31839996.83136079,37072.31707317073,9426874.07266834,31839907.360317644,38047.87804878049,9426528.305127602,31838957.371807087,38047.87804878049
9426924.046603337,31840427.090094496,37560.097560975606,1.6585314032598633,9426628.252997598,31839996.83136079,37072.31707317073,9426974.020538336,31840946.819871344,37072.31707317073,9427219.840209078,31840857.348828197,38047.87804878049,9426874.07266834,31839907.360317644,38047.87804878049
9427269.814144077,31841377.078605052,37560.097560975606,1.928578704042368,9426974.020538336,31840946.819871344,37072.31707317073,9427319.788079072,31841896.8083819,37072.31707317073,9427565.607749816,31841807.337338757,38047.87804878049,9427219.840209078,31840857.348828197,38047.87804878049
9427615.581684811,31842327.067115605,37560.097560975606,2.6065555533528793,9427319.788079072,31841896.8083819,37072.31707317073,9427665.55561981,31842846.79689246,37072.31707317073,9427911.375290552,31842757.32584931,38047.87804878049,9427565.607749816,31841807.337338757,38047.87804878049
9427961.34922555,31843277.055626165,37560.097560975606,3.1829654702291585,9427665.55561981,31842846.79689246,37072.31707317073,9428011.323160548,31843796.785403017,37072.31707317073,9428257.14283129,31843707.31435987,38047.87804878049,9427911.375290552,31842757.32584931,38047.87804878049
9428307.116766287,31844227.04413672,37560.097560975606,2.9443200035300827,9428011.323160548,31843796.785403017,37072.31707317073,9428357.090701286,31844746.773913573,37072.31707317073,9428602.910372026,31844657.302870426,38047.87804878049,9428257.14283129,31843707.31435987,38047.87804878049
9428652.884307025,31845177.032647274,37560.097560975606,3.3931396409827626,9428357.090701286,31844746.773913573,37072.31707317073,9428702.858242022,31845696.76242413,37072.31707317073,9428948.677912766,31845607.29138098,38047.87804878049,9428602.910372026,31844657.302870426,38047.87804878049
9428998.651847763,31846127.021157835,37560.097560975606,3.291937095843809,9428702.858242022,31845696.76242413,37072.31707317073,9429048.62578276,31846646.750934683,37072.31707317073,9429294.445453502,31846557.27989154,38047.87804878049,9428948.677912766,31845607.29138098,38047.87804878049
9429344.419388501,31847077.00966839,37560.097560975606,3.3007580996855372,9429048.62578276,31846646.750934683,37072.31707317073,9429394.393323498,31847596.739445243,37072.31707317073,9429640.21299424,31847507.268402096,38047.87804878049,9429294.445453502,31846557.27989154,38047.87804878049
9429690.186929237,31848026.998178948,37560.097560975606,3.0564265489872406,9429394.393323498,31847596.739445243,37072.31707317073,9429740.160864236,31848546.7279558,37072.31707317073,9429985.980534976,31848457.25691265,38047.87804878049,9429640.21299424,31847507.268402096,38047.87804878049
9430035.954469975,31848976.986689504,37560.097560975606,2.6736439583490537,9429740.160864236,31848546.7279558,37072.31707317073,9430085.928404974,31849496.716466352,37072.31707317073,9430331.748075714,31849407.24542321,38047.87804878049,9429985.980534976,31848457.25691265,38047.87804878049
9430381.722010711,31849926.97520006,37560.097560975606,3.041255554926683,9430085.928404974,31849496.716466352,37072.31707317073,9430431.69594571,31850446.704976913,37072.31707317073,9430677.51561645,31850357.23393376,38047.87804878049,9430331.748075714,31849407.24542321,38047.87804878049
9430727.48955145,31850876.963710614,37560.097560975606,3.893362152654133,9430431.69594571,31850446.704976913,37072.31707317073,9430777.463486448,31851396.69348747,37072.31707317073,9431023.28315719,31851307.222444322,38047.87804878049,9430677.51561645,31850357.23393376,38047.87804878049
9431073.257092189,31851826.952221174,37560.097560975606,3.8410145477606794,9430777.463486448,31851396.69348747,37072.31707317073,9431123.231027184,31852346.681998026,37072.31707317073,9431369.050697928,31852257.21095488,38047.87804878049,9431023.28315719,31851307.222444322,38047.87804878049
9431419.024632925,31852776.94073173,37560.097560975606,3.8800558970762653,9431123.231027184,31852346.681998026,37072.31707317073,9431468.998567924,31853296.670508582,37072.31707317073,9431714.818238664,31853207.199465435,38047.87804878049,9431369.050697928,31852257.21095488,38047.87804878049
9431764.792173663,31853726.929242287,37560.097560975606,4.206171806558875,9431468.998567924,31853296.670508582,37072.31707317073,9431814.76610866,31854246.659019135,37072.31707317073,9432060.585779402,31854157.18797599,38047.87804878049,9431714.818238664,31853207.199465435,38047.87804878049
9432110.5597144,31854676.91775284,37560.097560975606,3.8977313591356237,9431814.76610866,31854246.659019135,37072.31707317073,9432160.533649398,31855196.647529695,37072.31707317073,9432406.35332014,31855107.176486548,38047.87804878049,9432060.585779402,31854157.18797599,38047.87804878049
9432456.32725514,31855626.906263404,37560.097560975606,4.138555144419802,9432160.533649398,31855196.647529695,37072.31707317073,9432506.301190134,31856146.63604025,37072.31707317073,9432752.120860878,31856057.1649971,38047.87804878049,9432406.35332014,31855107.176486548,38047.87804878049
9432802.094795875,31856576.894773953,37560.097560975606,4.446251975818797,9432506.301190134,31856146.63604025,37072.31707317073,9432852.068730872,31857096.624550804,37072.31707317073,9433097.888401615,31857007.15350766,38047.87804878049,9432752.120860878,31856057.1649971,38047.87804878049
9433147.862336613,31857526.88328451,37560.097560975606,3.8812481315294405,9432852.068730872,31857096.624550804,37072.31707317073,9433197.836271608,31858046.613061365,37072.31707317073,9433443.655942352,31857957.142018214,38047.87804878049,9433097.888401615,31857007.15350766,38047.87804878049
9433493.62987735,31858476.871795066,37560.097560975606,3.9641756273885074,9433197.836271608,31858046.613061365,37072.31707317073,9433543.603812346,31858996.601571918,37072.31707317073,9433789.423483089,31858907.130528774,38047.87804878049,9433443.655942352,31857957.142018214,38047.87804878049
9433839.397418087,31859426.860305622,37560.097560975606,4.123956506758652,9433543.603812346,31858996.601571918,37072.31707317073,9433889.371353086,31859946.590082478,37072.31707317073,9434135.191023827,31859857.11903933,38047.87804878049,9433789.423483089,31858907.130528774,38047.87804878049
9434185.164958823,31860376.84881618,37560.097560975606,3.3992519914321258,9433889.371353086,31859946.590082478,37072.31707317073,9434235.138893822,31860896.578593034,37072.31707317073,9434480.958564563,31860807.107549883,38047.87804878049,9434135.191023827,31859857.11903933,38047.87804878049
9434530.932499561,31861326.837326735,37560.097560975606,2.4364355706193255,9434235.138893822,31860896.578593034,37072.31707317073,9434580.90643456,31861846.567103587,37072.31707317073,9434826.726105303,31861757.096060444,38047.87804878049,9434480.958564563,31860807.107549883,38047.87804878049
9434876.700040301,31862276.82583729,37560.097560975606,2.1815415315022015,9434580.90643456,31861846.567103587,37072.31707317073,9434926.673975296,31862796.555614147,37072.31707317073,9435172.493646039,31862707.084570996,38047.87804878049,9434826.726105303,31861757.096060444,38047.87804878049
9435222.467581037,31863226.814347852,37560.097560975606,1.9212674431227146,9434926.673975296,31862796.555614147,37072.31707317073,9435272.441516036,31863746.544124704,37072.31707317073,9435518.261186777,31863657.073081553,38047.87804878049,9435172.493646039,31862707.084570996,38047.87804878049
9435568.235121775,31864176.802858405,37560.097560975606,1.4987253812811294,9435272.441516036,31863746.544124704,37072.31707317073,9435618.209056772,31864696.532635257,37072.31707317073,9435864.028727515,31864607.061592113,38047.87804878049,9435518.261186777,31863657.073081553,38047.87804878049
9435914.002662512,31865126.79136896,37560.097560975606,1.3850690793684326,9435618.209056772,31864696.532635257,37072.31707317073,9435963.97659751,31865646.521145817,37072.31707317073,9436209.79626825,31865557.05010267,38047.87804878049,9435864.028727515,31864607.061592113,38047.87804878049
9436259.77020325,31866076.77987952,37560.097560975606,1.0033736223026648,9435963.97659751,31865646.521145817,37072.31707317073,9436309.744138246,31866596.50965637,37072.31707317073,9436555.563808989,31866507.038613226,38047.87804878049,9436209.79626825,31865557.05010267,38047.87804878049
9436605.537743986,31867026.768390074,37560.097560975606,0.6974846579973251,9436309.744138246,31866596.50965637,37072.31707317073,9436655.511678984,31867546.49816693,37072.31707317073,9436901.331349727,31867457.027123783,38047.87804878049,9436555.563808989,31866507.038613226,38047.87804878049
9436951.305284726,31867976.75690063,37560.097560975606,0.4853693271405395,9436655.511678984,31867546.49816693,37072.31707317073,9437001.27921972,31868496.486677486,37072.31707317073,9437247.098890465,31868407.015634336,38047.87804878049,9436901.331349727,31867457.027123783,38047.87804878049
9437297.072825462,31868926.74541119,37560.097560975606,0.5873002689967602,9437001.27921972,31868496.486677486,37072.31707317073,9437347.04676046,31869446.47518804,37072.31707317073,9437592.8664312,31869357.004144896,38047.87804878049,9437247.098890465,31868407.015634336,38047.87804878049
9437642.8403662,31869876.733921744,37560.097560975606,0.6185612607557198,9437347.04676046,31869446.47518804,37072.31707317073,9437692.814301196,31870396.4636986,37072.31707317073,9437938.633971939,31870306.99265545,38047.87804878049,9437592.8664312,31869357.004144896,38047.87804878049
9437988.607906936,31870826.722432304,37560.097560975606,0.3969404193178613,9437692.814301196,31870396.4636986,37072.31707317073,9438038.581841934,31871346.452209156,37072.31707317073,9438284.401512675,31871256.981166005,38047.87804878049,9437938.633971939,31870306.99265545,38047.87804878049
9438334.375447674,31871776.71094286,37560.097560975606,0.3159925248758157,9438038.581841934,31871346.452209156,37072.31707317073,9438384.349382672,31872296.44071971,37072.31707317073,9438630.169053413,31872206.969676565,38047.87804878049,9438284.401512675,31871256.981166005,38047.87804878049
9438680.142988412,31872726.699453413,37560.097560975606,0.34510735496831496,9438384.349382672,31872296.44071971,37072.31707317073,9438730.116923409,31873246.42923027,37072.31707317073,9438975.936594151,31873156.958187122,38047.87804878049,9438630.169053413,31872206.969676565,38047.87804878049
9439025.910529148,31873676.687963974,37560.097560975606,0.5095702516885671,9438730.116923409,31873246.42923027,37072.31707317073,9439075.884464147,31874196.41774082,37072.31707317073,9439321.704134889,31874106.94669768,38047.87804878049,9438975.936594151,31873156.958187122,38047.87804878049
9439371.678069888,31874626.67647453,37560.097560975606,0.41951207478623354,9439075.884464147,31874196.41774082,37072.31707317073,9439421.652004885,31875146.406251382,37072.31707317073,9439667.471675627,31875056.935208235,38047.87804878049,9439321.704134889,31874106.94669768,38047.87804878049
9439717.445610624,31875576.664985083,37560.097560975606,0.27616763489639534,9439421.652004885,31875146.406251382,37072.31707317073,9439767.419545623,31876096.39476194,37072.31707317073,9440013.239216363,31876006.923718788,38047.87804878049,9439667.471675627,31875056.935208235,38047.87804878049
9440063.213151362,31876526.653495643,37560.097560975606,0.10069853910130074,9439767.419545623,31876096.39476194,37072.31707317073,9440113.187086359,31877046.38327249,37072.31707317073,9440359.006757101,31876956.912229348,38047.87804878049,9440013.239216363,31876006.923718788,38047.87804878049
9440408.980692098,31877476.6420062,37560.097560975606,0.1500640336147132,9440113.187086359,31877046.38327249,37072.31707317073,9440458.954627097,31877996.37178305,37072.31707317073,9440704.774297839,31877906.900739904,38047.87804878049,9440359.006757101,31876956.912229348,38047.87804878049
9440754.748232838,31878426.630516756,37560.097560975606,0.3013619754478098,9440458.954627097,31877996.37178305,37072.31707317073,9440804.722167833,31878946.360293604,37072.31707317073,9441050.541838577,31878856.889250457,38047.87804878049,9440704.774297839,31877906.900739904,38047.87804878049
9441100.515773574,31879376.619027313,37560.097560975606,0.26469428414896895,9440804.722167833,31878946.360293604,37072.31707317073,9441150.489708573,31879896.34880416,37072.31707317073,9441396.309379313,31879806.877761018,38047.87804878049,9441050.541838577,31878856.889250457,38047.87804878049
9441446.283314312,31880326.60753787,37560.097560975606,0.3187732822424118,9441150.489708573,31879896.34880416,37072.31707317073,9441496.257249309,31880846.33731472,37072.31707317073,9441742.076920051,31880756.86627157,38047.87804878049,9441396.309379313,31879806.877761018,38047.87804878049
9441792.050855048,31881276.596048426,37560.097560975606,0.45877472799427255,9441496.257249309,31880846.33731472,37072.31707317073,9441842.024790047,31881796.325825278,37072.31707317073,9442087.844460787,31881706.85478213,38047.87804878049,9441742.076920051,31880756.86627157,38047.87804878049
9442137.818395786,31882226.584558982,37560.097560975606,0.8139759928984014,9441842.024790047,31881796.325825278,37072.31707317073,9442187.792330785,31882746.314335834,37072.31707317073,9442433.612001525,31882656.843292683,38047.87804878049,9442087.844460787,31881706.85478213,38047.87804878049
9442483.585936522,31883176.57306954,37560.097560975606,0.5829857018171168,9442187.792330785,31882746.314335834,37072.31707317073,9442533.55987152,31883696.30284639,37072.31707317073,9442779.379542263,31883606.83180324,38047.87804878049,9442433.612001525,31882656.843292683,38047.87804878049
9442829.35347726,31884126.56158009,37560.097560975606,0.6078674017180806,9442533.55987152,31883696.30284639,37072.31707317073,9442879.327412259,31884646.291356944,37072.31707317073,9443125.147083001,31884556.8203138,38047.87804878049,9442779.379542263,31883606.83180324,38047.87804878049
9443175.121018,31885076.550090652,37560.097560975606,0.4971222296712155,9442879.327412259,31884646.291356944,37072.31707317073,9443225.094952997,31885596.279867504,37072.31707317073,9443470.91462374,31885506.808824357,38047.87804878049,9443125.147083001,31884556.8203138,38047.87804878049
9443520.888558736,31886026.538601212,37560.097560975606,0.16226713409108157,9443225.094952997,31885596.279867504,37072.31707317073,9443570.862493735,31886546.268378057,37072.31707317073,9443816.682164475,31886456.79733491,38047.87804878049,9443470.91462374,31885506.808824357,38047.87804878049
9443866.656099474,31886976.52711176,37560.097560975606,0.04774322166366564,9443570.862493735,31886546.268378057,37072.31707317073,9443916.63003447,31887496.256888613,37072.31707317073,9444162.449705213,31887406.78584547,38047.87804878049,9443816.682164475,31886456.79733491,38047.87804878049
9444212.42364021,31887926.51562232,37560.097560975606,0.04175818865342663,9443916.63003447,31887496.256888613,37072.31707317073,9444262.397575209,31888446.245399173,37072.31707317073,9444508.21724595,31888356.774356022,38047.87804878049,9444162.449705213,31887406.78584547,38047.87804878049
9444558.191180948,31888876.50413288,37560.097560975606,0.07281428258574751,9444262.397575209,31888446.245399173,37072.31707317073,9444608.165115945,31889396.23390973,37072.31707317073,9444853.98478669,31889306.762866583,38047.87804878049,9444508.21724595,31888356.774356022,38047.87804878049
9444903.958721686,31889826.49264343,37560.097560975606,0.02824780887832661,9444608.165115945,31889396.23390973,37072.31707317073,9444953.932656683,31890346.222420286,37072.31707317073,9445199.752327425,31890256.75137714,38047.87804878049,9444853.98478669,31889306.762866583,38047.87804878049
9445249.726262424,31890776.48115399,37560.097560975606,0.009772640997129168,9444953.932656683,31890346.222420286,37072.31707317073,9445299.700197421,31891296.210930843,37072.31707317073,9445545.519868163,31891206.739887692,38047.87804878049,9445199.752327425,31890256.75137714,38047.87804878049
9445595.49380316,31891726.46966455,37560.097560975606,0.010870269235283949,9445299.700197421,31891296.210930843,37072.31707317073,9445645.467738159,31892246.199441396,37072.31707317073,9445891.2874089,31892156.728398252,38047.87804878049,9445545.519868163,31891206.739887692,38047.87804878049
9445941.261343898,31892676.4581751,37560.097560975606,0.019053854564075927,9445645.467738159,31892246.199441396,37072.31707317073,9445991.235278897,31893196.187951956,37072.31707317073,9446237.05494964,31893106.71690881,38047.87804878049,9445891.2874089,31892156.728398252,38047.87804878049
9425786.796111127,31836537.66500912,38535.65853658537,2.555748255447556,9425491.00250539,31836107.406275418,38047.87804878049,9425836.770046128,31837057.394785974,38047.87804878049,9426082.589716865,31836967.923742823,39023.439024390245,9425736.822176129,31836017.93523227,39023.439024390245
9426132.563651867,31837487.65351968,38535.65853658537,2.4155468864883893,9425836.770046128,31837057.394785974,38047.87804878049,9426182.537586864,31838007.383296527,38047.87804878049,9426428.357257605,31837917.912253384,39023.439024390245,9426082.589716865,31836967.923742823,39023.439024390245
9426478.331192601,31838437.642030235,38535.65853658537,1.9869412569203748,9426182.537586864,31838007.383296527,38047.87804878049,9426528.305127602,31838957.371807087,38047.87804878049,9426774.12479834,31838867.90076394,39023.439024390245,9426428.357257605,31837917.912253384,39023.439024390245
9426824.098733341,31839387.630540792,38535.65853658537,1.768991828603789,9426528.305127602,31838957.371807087,38047.87804878049,9426874.07266834,31839907.360317644,38047.87804878049,9427119.892339079,31839817.889274497,39023.439024390245,9426774.12479834,31838867.90076394,39023.439024390245
9427169.866274077,31840337.61905135,38535.65853658537,1.838876825349351,9426874.07266834,31839907.360317644,38047.87804878049,9427219.840209078,31840857.348828197,38047.87804878049,9427465.659879815,31840767.877785053,39023.439024390245,9427119.892339079,31839817.889274497,39023.439024390245
9427515.633814815,31841287.607561905,38535.65853658537,2.124793441762522,9427219.840209078,31840857.348828197,38047.87804878049,9427565.607749816,31841807.337338757,38047.87804878049,9427811.427420555,31841717.86629561,39023.439024390245,9427465.659879815,31840767.877785053,39023.439024390245
9427861.401355553,31842237.59607246,38535.65853658537,2.6354092879341486,9427565.607749816,31841807.337338757,38047.87804878049,9427911.375290552,31842757.32584931,38047.87804878049,9428157.19496129,31842667.854806166,39023.439024390245,9427811.427420555,31841717.86629561,39023.439024390245
9428207.16889629,31843187.584583014,38535.65853658537,2.447878607397292,9427911.375290552,31842757.32584931,38047.87804878049,9428257.14283129,31843707.31435987,38047.87804878049,9428502.962502029,31843617.843316723,39023.439024390245,9428157.19496129,31842667.854806166,39023.439024390245
9428552.936437028,31844137.573093574,38535.65853658537,2.46496357439343,9428257.14283129,31843707.31435987,38047.87804878049,9428602.910372026,31844657.302870426,38047.87804878049,9428848.730042767,31844567.83182728,39023.439024390245,9428502.962502029,31843617.843316723,39023.439024390245
9428898.703977764,31845087.56160413,38535.65853658537,2.3249189592520096,9428602.910372026,31844657.302870426,38047.87804878049,9428948.677912766,31845607.29138098,38047.87804878049,9429194.497583503,31845517.820337836,39023.439024390245,9428848.730042767,31844567.83182728,39023.439024390245
9429244.471518504,31846037.550114684,38535.65853658537,2.4148317651691618,9428948.677912766,31845607.29138098,38047.87804878049,9429294.445453502,31846557.27989154,38047.87804878049,9429540.26512424,31846467.808848392,39023.439024390245,9429194.497583503,31845517.820337836,39023.439024390245
9429590.23905924,31846987.538625248,38535.65853658537,2.6947007074914002,9429294.445453502,31846557.27989154,38047.87804878049,9429640.21299424,31847507.268402096,38047.87804878049,9429886.032664979,31847417.79735895,39023.439024390245,9429540.26512424,31846467.808848392,39023.439024390245
9429936.00659998,31847937.5271358,38535.65853658537,3.0036387735040084,9429640.21299424,31847507.268402096,38047.87804878049,9429985.980534976,31848457.25691265,38047.87804878049,9430231.800205717,31848367.785869505,39023.439024390245,9429886.032664979,31847417.79735895,39023.439024390245
9430281.774140714,31848887.515646353,38535.65853658537,3.0452092223430203,9429985.980534976,31848457.25691265,38047.87804878049,9430331.748075714,31849407.24542321,38047.87804878049,9430577.567746453,31849317.77438006,39023.439024390245,9430231.800205717,31848367.785869505,39023.439024390245
9430627.541681454,31849837.50415691,38535.65853658537,3.4070621400853986,9430331.748075714,31849407.24542321,38047.87804878049,9430677.51561645,31850357.23393376,38047.87804878049,9430923.335287191,31850267.76289062,39023.439024390245,9430577.567746453,31849317.77438006,39023.439024390245
9430973.30922219,31850787.492667466,38535.65853658537,3.606185822731057,9430677.51561645,31850357.23393376,38047.87804878049,9431023.28315719,31851307.222444322,38047.87804878049,9431269.102827927,31851217.751401175,39023.439024390245,9430923.335287191,31850267.76289062,39023.439024390245
9431319.076762928,31851737.481178023,38535.65853658537,3.6832574644686185,9431023.28315719,31851307.222444322,38047.87804878049,9431369.050697928,31852257.21095488,38047.87804878049,9431614.870368665,31852167.73991173,39023.439024390245,9431269.102827927,31851217.751401175,39023.439024390245
9431664.844303664,31852687.469688587,38535.65853658537,2.866947448252371,9431369.050697928,31852257.21095488,38047.87804878049,9431714.818238664,31853207.199465435,38047.87804878049,9431960.637909403,31853117.728422288,39023.439024390245,9431614.870368665,31852167.73991173,39023.439024390245
9432010.611844402,31853637.458199136,38535.65853658537,2.454012764946695,9431714.818238664,31853207.199465435,38047.87804878049,9432060.585779402,31854157.18797599,38047.87804878049,9432306.405450141,31854067.716932844,39023.439024390245,9431960.637909403,31853117.728422288,39023.439024390245
9432356.37938514,31854587.446709696,38535.65853658537,2.6218695571436825,9432060.585779402,31854157.18797599,38047.87804878049,9432406.35332014,31855107.176486548,38047.87804878049,9432652.172990879,31855017.7054434,39023.439024390245,9432306.405450141,31854067.716932844,39023.439024390245
9432702.146925878,31855537.43522025,38535.65853658537,2.3642055974523513,9432406.35332014,31855107.176486548,38047.87804878049,9432752.120860878,31856057.1649971,38047.87804878049,9432997.940531615,31855967.693953957,39023.439024390245,9432652.172990879,31855017.7054434,39023.439024390245
9433047.914466616,31856487.423730806,38535.65853658537,2.828508775198943,9432752.120860878,31856057.1649971,38047.87804878049,9433097.888401615,31857007.15350766,38047.87804878049,9433343.708072353,31856917.682464514,39023.439024390245,9432997.940531615,31855967.693953957,39023.439024390245
9433393.682007352,31857437.412241366,38535.65853658537,2.941314725002358,9433097.888401615,31857007.15350766,38047.87804878049,9433443.655942352,31857957.142018214,38047.87804878049,9433689.47561309,31857867.67097507,39023.439024390245,9433343.708072353,31856917.682464514,39023.439024390245
9433739.44954809,31858387.40075192,38535.65853658537,2.601691398141367,9433443.655942352,31857957.142018214,38047.87804878049,9433789.423483089,31858907.130528774,38047.87804878049,9434035.243153827,31858817.659485627,39023.439024390245,9433689.47561309,31857867.67097507,39023.439024390245
9434085.217088826,31859337.389262475,38535.65853658537,2.3688811687866638,9433789.423483089,31858907.130528774,38047.87804878049,9434135.191023827,31859857.11903933,38047.87804878049,9434381.010694565,31859767.647996183,39023.439024390245,9434035.243153827,31858817.659485627,39023.439024390245
9434430.984629566,31860287.377773035,38535.65853658537,1.9845677459860451,9434135.191023827,31859857.11903933,38047.87804878049,9434480.958564563,31860807.107549883,38047.87804878049,9434726.778235303,31860717.63650674,39023.439024390245,9434381.010694565,31859767.647996183,39023.439024390245
9434776.752170302,31861237.366283588,38535.65853658537,1.7848039477159003,9434480.958564563,31860807.107549883,38047.87804878049,9434826.726105303,31861757.096060444,38047.87804878049,9435072.54577604,31861667.625017297,39023.439024390245,9434726.778235303,31860717.63650674,39023.439024390245
9435122.51971104,31862187.35479415,38535.65853658537,1.4105972166708223,9434826.726105303,31861757.096060444,38047.87804878049,9435172.493646039,31862707.084570996,38047.87804878049,9435418.313316777,31862617.61352785,39023.439024390245,9435072.54577604,31861667.625017297,39023.439024390245
9435468.287251776,31863137.343304705,38535.65853658537,1.4949079229270128,9435172.493646039,31862707.084570996,38047.87804878049,9435518.261186777,31863657.073081553,38047.87804878049,9435764.080857515,31863567.60203841,39023.439024390245,9435418.313316777,31862617.61352785,39023.439024390245
9435814.054792514,31864087.331815258,38535.65853658537,1.5425058266892144,9435518.261186777,31863657.073081553,38047.87804878049,9435864.028727515,31864607.061592113,38047.87804878049,9436109.848398253,31864517.590548966,39023.439024390245,9435764.080857515,31863567.60203841,39023.439024390245
9436159.822333252,31865037.320325818,38535.65853658537,1.134188279507573,9435864.028727515,31864607.061592113,38047.87804878049,9436209.79626825,31865557.05010267,38047.87804878049,9436455.615938991,31865467.579059523,39023.439024390245,9436109.848398253,31864517.590548966,39023.439024390245
9436505.589873988,31865987.308836374,38535.65853658537,0.7652196454260124,9436209.79626825,31865557.05010267,38047.87804878049,9436555.563808989,31866507.038613226,38047.87804878049,9436801.383479727,31866417.56757008,39023.439024390245,9436455.615938991,31865467.579059523,39023.439024390245
9436851.357414726,31866937.297346927,38535.65853658537,0.5723544474408764,9436555.563808989,31866507.038613226,38047.87804878049,9436901.331349727,31867457.027123783,38047.87804878049,9437147.151020465,31867367.556080636,39023.439024390245,9436801.383479727,31866417.56757008,39023.439024390245
9437197.124955464,31867887.285857487,38535.65853658537,0.6932394802510802,9436901.331349727,31867457.027123783,38047.87804878049,9437247.098890465,31868407.015634336,38047.87804878049,9437492.918561202,31868317.544591192,39023.439024390245,9437147.151020465,31867367.556080636,39023.439024390245
9437542.892496204,31868837.274368044,38535.65853658537,0.8477353933339197,9437247.098890465,31868407.015634336,38047.87804878049,9437592.8664312,31869357.004144896,38047.87804878049,9437838.686101941,31869267.53310175,39023.439024390245,9437492.918561202,31868317.544591192,39023.439024390245
9437888.660036938,31869787.2628786,38535.65853658537,1.1077453222245053,9437592.8664312,31869357.004144896,38047.87804878049,9437938.633971939,31870306.99265545,38047.87804878049,9438184.453642678,31870217.5216123,39023.439024390245,9437838.686101941,31869267.53310175,39023.439024390245
9438234.427577678,31870737.251389157,38535.65853658537,0.9187989641703613,9437938.633971939,31870306.99265545,38047.87804878049,9438284.401512675,31871256.981166005,38047.87804878049,9438530.221183416,31871167.51012286,39023.439024390245,9438184.453642678,31870217.5216123,39023.439024390245
9438580.195118412,31871687.239899714,38535.65853658537,0.4579648448442134,9438284.401512675,31871256.981166005,38047.87804878049,9438630.169053413,31872206.969676565,38047.87804878049,9438875.988724152,31872117.49863342,39023.439024390245,9438530.221183416,31871167.51012286,39023.439024390245
9438925.962659152,31872637.22841027,38535.65853658537,0.6010704977492319,9438630.169053413,31872206.969676565,38047.87804878049,9438975.936594151,31873156.958187122,38047.87804878049,9439221.75626489,31873067.48714398,39023.439024390245,9438875.988724152,31872117.49863342,39023.439024390245
9439271.730199888,31873587.216920827,38535.65853658537,0.37770441421208917,9438975.936594151,31873156.958187122,38047.87804878049,9439321.704134889,31874106.94669768,38047.87804878049,9439567.523805626,31874017.47565453,39023.439024390245,9439221.75626489,31873067.48714398,39023.439024390245
9439617.497740626,31874537.205431383,38535.65853658537,0.22633012691906654,9439321.704134889,31874106.94669768,38047.87804878049,9439667.471675627,31875056.935208235,38047.87804878049,9439913.291346366,31874967.464165088,39023.439024390245,9439567.523805626,31874017.47565453,39023.439024390245
9439963.265281364,31875487.19394194,38535.65853658537,0.1902465869918019,9439667.471675627,31875056.935208235,38047.87804878049,9440013.239216363,31876006.923718788,38047.87804878049,9440259.058887102,31875917.452675644,39023.439024390245,9439913.291346366,31874967.464165088,39023.439024390245
9440309.0328221,31876437.182452496,38535.65853658537,0.15679853029510238,9440013.239216363,31876006.923718788,38047.87804878049,9440359.006757101,31876956.912229348,38047.87804878049,9440604.82642784,31876867.4411862,39023.439024390245,9440259.058887102,31875917.452675644,39023.439024390245
9440654.800362838,31877387.170963056,38535.65853658537,0.0691297098851729,9440359.006757101,31876956.912229348,38047.87804878049,9440704.774297839,31877906.900739904,38047.87804878049,9440950.593968578,31877817.429696754,39023.439024390245,9440604.82642784,31876867.4411862,39023.439024390245
9441000.567903576,31878337.159473605,38535.65853658537,0.170027094176703,9440704.774297839,31877906.900739904,38047.87804878049,9441050.541838577,31878856.889250457,38047.87804878049,9441296.361509314,31878767.418207314,39023.439024390245,9440950.593968578,31877817.429696754,39023.439024390245
9441346.335444316,31879287.147984166,38535.65853658537,0.37245504597943246,9441050.541838577,31878856.889250457,38047.87804878049,9441396.309379313,31879806.877761018,38047.87804878049,9441642.129050054,31879717.40671787,39023.439024390245,9441296.361509314,31878767.418207314,39023.439024390245
9441692.10298505,31880237.136494726,38535.65853658537,0.4268696737822901,9441396.309379313,31879806.877761018,38047.87804878049,9441742.076920051,31880756.86627157,38047.87804878049,9441987.89659079,31880667.395228427,39023.439024390245,9441642.129050054,31879717.40671787,39023.439024390245
9442037.87052579,31881187.125005275,38535.65853658537,0.842628881935745,9441742.076920051,31880756.86627157,38047.87804878049,9442087.844460787,31881706.85478213,38047.87804878049,9442333.664131528,31881617.383738983,39023.439024390245,9441987.89659079,31880667.395228427,39023.439024390245
9442383.638066525,31882137.11351583,38535.65853658537,0.705478177973973,9442087.844460787,31881706.85478213,38047.87804878049,9442433.612001525,31882656.843292683,38047.87804878049,9442679.431672264,31882567.372249536,39023.439024390245,9442333.664131528,31881617.383738983,39023.439024390245
9442729.405607264,31883087.102026388,38535.65853658537,0.8559940789214875,9442433.612001525,31882656.843292683,38047.87804878049,9442779.379542263,31883606.83180324,38047.87804878049,9443025.199213002,31883517.360760096,39023.439024390245,9442679.431672264,31882567.372249536,39023.439024390245
9443075.173148,31884037.090536945,38535.65853658537,1.1484044407058456,9442779.379542263,31883606.83180324,38047.87804878049,9443125.147083001,31884556.8203138,38047.87804878049,9443370.966753738,31884467.349270653,39023.439024390245,9443025.199213002,31883517.360760096,39023.439024390245
9443420.940688739,31884987.07904751,38535.65853658537,0.7319671343443689,9443125.147083001,31884556.8203138,38047.87804878049,9443470.91462374,31885506.808824357,38047.87804878049,9443716.734294478,31885417.33778121,39023.439024390245,9443370.966753738,31884467.349270653,39023.439024390245
9443766.708229475,31885937.067558065,38535.65853658537,0.2980697249359671,9443470.91462374,31885506.808824357,38047.87804878049,9443816.682164475,31886456.79733491,38047.87804878049,9444062.501835214,31886367.326291766,39023.439024390245,9443716.734294478,31885417.33778121,39023.439024390245
9444112.475770213,31886887.056068614,38535.65853658537,0.16075108720529613,9443816.682164475,31886456.79733491,38047.87804878049,9444162.449705213,31887406.78584547,38047.87804878049,9444408.269375952,31887317.314802323,39023.439024390245,9444062.501835214,31886367.326291766,39023.439024390245
9444458.24331095,31887837.044579174,38535.65853658537,0.052519350426928596,9444162.449705213,31887406.78584547,38047.87804878049,9444508.21724595,31888356.774356022,38047.87804878049,9444754.03691669,31888267.30331288,39023.439024390245,9444408.269375952,31887317.314802323,39023.439024390245
9444804.010851687,31888787.033089727,38535.65853658537,0.03500211274376901,9444508.21724595,31888356.774356022,38047.87804878049,9444853.98478669,31889306.762866583,38047.87804878049,9445099.804457426,31889217.291823436,39023.439024390245,9444754.03691669,31888267.30331288,39023.439024390245
9445149.778392427,31889737.021600284,38535.65853658537,0.02468877630493297,9444853.98478669,31889306.762866583,38047.87804878049,9445199.752327425,31890256.75137714,38047.87804878049,9445445.571998164,31890167.280333992,39023.439024390245,9445099.804457426,31889217.291823436,39023.439024390245
9445495.545933163,31890687.010110844,38535.65853658537,0.01485065710862972,9445199.752327425,31890256.75137714,38047.87804878049,9445545.519868163,31891206.739887692,38047.87804878049,9445791.339538902,31891117.26884455,39023.439024390245,9445445.571998164,31890167.280333992,39023.439024390245
9445841.313473903,31891636.998621397,38535.65853658537,0.011781519683068212,9445545.519868163,31891206.739887692,38047.87804878049,9445891.2874089,31892156.728398252,38047.87804878049,9446137.10707964,31892067.257355105,39023.439024390245,9445791.339538902,31891117.26884455,39023.439024390245
9446187.081014639,31892586.987131957,38535.65853658537,0.013519290227568113,9445891.2874089,31892156.728398252,38047.87804878049,9446237.05494964,31893106.71690881,38047.87804878049,9446482.874620376,31893017.24586566,39023.439024390245,9446137.10707964,31892067.257355105,39023.439024390245
9426032.615781866,31836448.193965975,39511.21951219512,1.8525415877452829,9425736.822176129,31836017.93523227,39023.439024390245,9426082.589716865,31836967.923742823,39023.439024390245,9426328.409387605,31836878.45269968,39999.0,9425982.641846867,31835928.464189123,39999.0
9426378.383322604,31837398.182476528,39511.21951219512,1.8521976862837453,9426082.589716865,31836967.923742823,39023.439024390245,9426428.357257605,31837917.912253384,39023.439024390245,9426674.176928341,31837828.441210236,39999.0,9426328.409387605,31836878.45269968,39999.0
9426724.150863342,31838348.170987092,39511.21951219512,1.3875874830386103,9426428.357257605,31837917.912253384,39023.439024390245,9426774.12479834,31838867.90076394,39023.439024390245,9427019.94446908,31838778.429720793,39999.0,9426674.176928341,31837828.441210236,39999.0
9427069.918404078,31839298.159497645,39511.21951219512,0.9017209941812203,9426774.12479834,31838867.90076394,39023.439024390245,9427119.892339079,31839817.889274497,39023.439024390245,9427365.712009817,31839728.418231353,39999.0,9427019.94446908,31838778.429720793,39999.0
9427415.685944816,31840248.1480082,39511.21951219512,1.10167199807557,9427119.892339079,31839817.889274497,39023.439024390245,9427465.659879815,31840767.877785053,39023.439024390245,9427711.479550555,31840678.406741906,39999.0,9427365.712009817,31839728.418231353,39999.0
9427761.453485552,31841198.13651876,39511.21951219512,1.2341233112103018,9427465.659879815,31840767.877785053,39023.439024390245,9427811.427420555,31841717.86629561,39023.439024390245,9428057.247091291,31841628.395252466,39999.0,9427711.479550555,31840678.406741906,39999.0
9428107.221026292,31842148.125029314,39511.21951219512,1.5926200677520457,9427811.427420555,31841717.86629561,39023.439024390245,9428157.19496129,31842667.854806166,39023.439024390245,9428403.01463203,31842578.38376302,39999.0,9428057.247091291,31841628.395252466,39999.0
9428452.988567028,31843098.113539867,39511.21951219512,1.7012611480669009,9428157.19496129,31842667.854806166,39023.439024390245,9428502.962502029,31843617.843316723,39023.439024390245,9428748.782172766,31843528.372273576,39999.0,9428403.01463203,31842578.38376302,39999.0
9428798.756107766,31844048.10205043,39511.21951219512,1.9953145221877262,9428502.962502029,31843617.843316723,39023.439024390245,9428848.730042767,31844567.83182728,39023.439024390245,9429094.549713504,31844478.360784132,39999.0,9428748.782172766,31843528.372273576,39999.0
9429144.523648504,31844998.09056098,39511.21951219512,1.666885657848188,9428848.730042767,31844567.83182728,39023.439024390245,9429194.497583503,31845517.820337836,39023.439024390245,9429440.317254242,31845428.34929469,39999.0,9429094.549713504,31844478.360784132,39999.0
9429490.291189242,31845948.07907154,39511.21951219512,1.0983846229764689,9429194.497583503,31845517.820337836,39023.439024390245,9429540.26512424,31846467.808848392,39023.439024390245,9429786.08479498,31846378.337805245,39999.0,9429440.317254242,31845428.34929469,39999.0
9429836.05872998,31846898.0675821,39511.21951219512,1.298021814630982,9429540.26512424,31846467.808848392,39023.439024390245,9429886.032664979,31847417.79735895,39023.439024390245,9430131.852335718,31847328.326315805,39999.0,9429786.08479498,31846378.337805245,39999.0
9430181.826270716,31847848.056092653,39511.21951219512,1.5170132099094056,9429886.032664979,31847417.79735895,39023.439024390245,9430231.800205717,31848367.785869505,39023.439024390245,9430477.619876454,31848278.314826358,39999.0,9430131.852335718,31847328.326315805,39999.0
9430527.593811454,31848798.04460321,39511.21951219512,1.3309496819950652,9430231.800205717,31848367.785869505,39023.439024390245,9430577.567746453,31849317.77438006,39023.439024390245,9430823.387417194,31849228.30333692,39999.0,9430477.619876454,31848278.314826358,39999.0
9430873.36135219,31849748.033113763,39511.21951219512,1.1668499562158274,9430577.567746453,31849317.77438006,39023.439024390245,9430923.335287191,31850267.76289062,39023.439024390245,9431169.15495793,31850178.29184747,39999.0,9430823.387417194,31849228.30333692,39999.0
9431219.128892928,31850698.02162432,39511.21951219512,1.6580199302479626,9430923.335287191,31850267.76289062,39023.439024390245,9431269.102827927,31851217.751401175,39023.439024390245,9431514.922498668,31851128.280358028,39999.0,9431169.15495793,31850178.29184747,39999.0
9431564.896433664,31851648.01013488,39511.21951219512,2.1849071919241996,9431269.102827927,31851217.751401175,39023.439024390245,9431614.870368665,31852167.73991173,39023.439024390245,9431860.690039404,31852078.268868588,39999.0,9431514.922498668,31851128.280358028,39999.0
9431910.663974402,31852597.998645432,39511.21951219512,1.5719748619542577,9431614.870368665,31852167.73991173,39023.439024390245,9431960.637909403,31853117.728422288,39023.439024390245,9432206.457580142,31853028.25737914,39999.0,9431860.690039404,31852078.268868588,39999.0
9432256.43151514,31853547.987155993,39511.21951219512,2.0705229060435864,9431960.637909403,31853117.728422288,39023.439024390245,9432306.405450141,31854067.716932844,39023.439024390245,9432552.225120878,31853978.245889697,39999.0,9432206.457580142,31853028.25737914,39999.0
9432602.19905588,31854497.97566655,39511.21951219512,2.2625794092013685,9432306.405450141,31854067.716932844,39023.439024390245,9432652.172990879,31855017.7054434,39023.439024390245,9432897.992661618,31854928.234400257,39999.0,9432552.225120878,31853978.245889697,39999.0
9432947.966596616,31855447.9641771,39511.21951219512,2.178624634887234,9432652.172990879,31855017.7054434,39023.439024390245,9432997.940531615,31855967.693953957,39023.439024390245,9433243.760202354,31855878.22291081,39999.0,9432897.992661618,31854928.234400257,39999.0
9433293.734137354,31856397.952687662,39511.21951219512,1.5497871061159865,9432997.940531615,31855967.693953957,39023.439024390245,9433343.708072353,31856917.682464514,39023.439024390245,9433589.527743092,31856828.211421367,39999.0,9433243.760202354,31855878.22291081,39999.0
9433639.50167809,31857347.94119822,39511.21951219512,1.272227457218554,9433343.708072353,31856917.682464514,39023.439024390245,9433689.47561309,31857867.67097507,39023.439024390245,9433935.29528383,31857778.199931923,39999.0,9433589.527743092,31856828.211421367,39999.0
9433985.269218829,31858297.92970877,39511.21951219512,1.0030512518392742,9433689.47561309,31857867.67097507,39023.439024390245,9434035.243153827,31858817.659485627,39023.439024390245,9434281.062824566,31858728.18844248,39999.0,9433935.29528383,31857778.199931923,39999.0
9434331.036759567,31859247.91821933,39511.21951219512,1.1517684241749413,9434035.243153827,31858817.659485627,39023.439024390245,9434381.010694565,31859767.647996183,39023.439024390245,9434626.830365304,31859678.17695304,39999.0,9434281.062824566,31858728.18844248,39999.0
9434676.804300303,31860197.90672989,39511.21951219512,1.4266086854423163,9434381.010694565,31859767.647996183,39023.439024390245,9434726.778235303,31860717.63650674,39023.439024390245,9434972.59790604,31860628.165463593,39999.0,9434626.830365304,31859678.17695304,39999.0
9435022.57184104,31861147.895240445,39511.21951219512,1.1418934476111036,9434726.778235303,31860717.63650674,39023.439024390245,9435072.54577604,31861667.625017297,39023.439024390245,9435318.36544678,31861578.15397415,39999.0,9434972.59790604,31860628.165463593,39999.0
9435368.339381777,31862097.883751,39511.21951219512,0.7593746607559803,9435072.54577604,31861667.625017297,39023.439024390245,9435418.313316777,31862617.61352785,39023.439024390245,9435664.132987516,31862528.142484706,39999.0,9435318.36544678,31861578.15397415,39999.0
9435714.106922515,31863047.872261558,39511.21951219512,0.7307469904934265,9435418.313316777,31862617.61352785,39023.439024390245,9435764.080857515,31863567.60203841,39023.439024390245,9436009.900528254,31863478.130995262,39999.0,9435664.132987516,31862528.142484706,39999.0
9436059.874463253,31863997.860772114,39511.21951219512,0.9422624811862105,9435764.080857515,31863567.60203841,39023.439024390245,9436109.848398253,31864517.590548966,39023.439024390245,9436355.66806899,31864428.119505823,39999.0,9436009.900528254,31863478.130995262,39999.0
9436405.642003993,31864947.84928267,39511.21951219512,1.2460418626938017,9436109.848398253,31864517.590548966,39023.439024390245,9436455.615938991,31865467.579059523,39023.439024390245,9436701.43560973,31865378.108016375,39999.0,9436355.66806899,31864428.119505823,39999.0
9436751.409544727,31865897.837793227,39511.21951219512,1.223645449502975,9436455.615938991,31865467.579059523,39023.439024390245,9436801.383479727,31866417.56757008,39023.439024390245,9437047.203150466,31866328.096526932,39999.0,9436701.43560973,31865378.108016375,39999.0
9437097.177085467,31866847.826303784,39511.21951219512,0.7888694501779192,9436801.383479727,31866417.56757008,39023.439024390245,9437147.151020465,31867367.556080636,39023.439024390245,9437392.970691204,31867278.085037492,39999.0,9437047.203150466,31866328.096526932,39999.0
9437442.944626203,31867797.81481434,39511.21951219512,0.6747483335802921,9437147.151020465,31867367.556080636,39023.439024390245,9437492.918561202,31868317.544591192,39023.439024390245,9437738.738231942,31868228.073548045,39999.0,9437392.970691204,31867278.085037492,39999.0
9437788.71216694,31868747.8033249,39511.21951219512,1.0747517512250808,9437492.918561202,31868317.544591192,39023.439024390245,9437838.686101941,31869267.53310175,39023.439024390245,9438084.505772678,31869178.0620586,39999.0,9437738.738231942,31868228.073548045,39999.0
9438134.479707679,31869697.791835453,39511.21951219512,1.5470885307554827,9437838.686101941,31869267.53310175,39023.439024390245,9438184.453642678,31870217.5216123,39023.439024390245,9438430.273313416,31870128.050569158,39999.0,9438084.505772678,31869178.0620586,39999.0
9438480.247248415,31870647.78034601,39511.21951219512,1.4462941332260932,9438184.453642678,31870217.5216123,39023.439024390245,9438530.221183416,31871167.51012286,39023.439024390245,9438776.040854154,31871078.039079715,39999.0,9438430.273313416,31870128.050569158,39999.0
9438826.014789153,31871597.76885657,39511.21951219512,0.8400035426460657,9438530.221183416,31871167.51012286,39023.439024390245,9438875.988724152,31872117.49863342,39023.439024390245,9439121.808394892,31872028.027590275,39999.0,9438776.040854154,31871078.039079715,39999.0
9439171.782329889,31872547.757367123,39511.21951219512,0.7592060703247447,9438875.988724152,31872117.49863342,39023.439024390245,9439221.75626489,31873067.48714398,39023.439024390245,9439467.575935628,31872978.01610083,39999.0,9439121.808394892,31872028.027590275,39999.0
9439517.549870627,31873497.74587768,39511.21951219512,0.3062406859812768,9439221.75626489,31873067.48714398,39023.439024390245,9439567.523805626,31874017.47565453,39023.439024390245,9439813.343476366,31873928.004611384,39999.0,9439467.575935628,31872978.01610083,39999.0
9439863.317411363,31874447.73438824,39511.21951219512,0.1168488095453101,9439567.523805626,31874017.47565453,39023.439024390245,9439913.291346366,31874967.464165088,39023.439024390245,9440159.111017102,31874877.993121944,39999.0,9439813.343476366,31873928.004611384,39999.0
9440209.084952103,31875397.722898792,39511.21951219512,0.14190159880730507,9439913.291346366,31874967.464165088,39023.439024390245,9440259.058887102,31875917.452675644,39023.439024390245,9440504.87855784,31875827.981632497,39999.0,9440159.111017102,31874877.993121944,39999.0
9440554.85249284,31876347.711409353,39511.21951219512,0.3329117788985753,9440259.058887102,31875917.452675644,39023.439024390245,9440604.82642784,31876867.4411862,39023.439024390245,9440850.646098576,31876777.970143054,39999.0,9440504.87855784,31875827.981632497,39999.0
9440900.620033579,31877297.69991991,39511.21951219512,0.2911887194385911,9440604.82642784,31876867.4411862,39023.439024390245,9440950.593968578,31877817.429696754,39023.439024390245,9441196.413639316,31877727.95865361,39999.0,9440850.646098576,31876777.970143054,39999.0
9441246.387574315,31878247.68843046,39511.21951219512,0.28270536186320766,9440950.593968578,31877817.429696754,39023.439024390245,9441296.361509314,31878767.418207314,39023.439024390245,9441542.181180052,31878677.947164167,39999.0,9441196.413639316,31877727.95865361,39999.0
9441592.155115053,31879197.676941022,39511.21951219512,0.3513149259841288,9441296.361509314,31878767.418207314,39023.439024390245,9441642.129050054,31879717.40671787,39023.439024390245,9441887.94872079,31879627.935674727,39999.0,9441542.181180052,31878677.947164167,39999.0
9441937.922655791,31880147.66545158,39511.21951219512,0.5652330274315472,9441642.129050054,31879717.40671787,39023.439024390245,9441987.89659079,31880667.395228427,39023.439024390245,9442233.716261528,31880577.92418528,39999.0,9441887.94872079,31879627.935674727,39999.0
9442283.690196527,31881097.653962128,39511.21951219512,0.38572672396757807,9441987.89659079,31880667.395228427,39023.439024390245,9442333.664131528,31881617.383738983,39023.439024390245,9442579.483802265,31881527.912695836,39999.0,9442233.716261528,31880577.92418528,39999.0
9442629.457737265,31882047.642472688,39511.21951219512,0.20532904062019203,9442333.664131528,31881617.383738983,39023.439024390245,9442679.431672264,31882567.372249536,39023.439024390245,9442925.251343004,31882477.901206393,39999.0,9442579.483802265,31881527.912695836,39999.0
9442975.225278001,31882997.63098324,39511.21951219512,0.3426735914087251,9442679.431672264,31882567.372249536,39023.439024390245,9443025.199213002,31883517.360760096,39023.439024390245,9443271.01888374,31883427.88971695,39999.0,9442925.251343004,31882477.901206393,39999.0
9443320.99281874,31883947.6194938,39511.21951219512,0.3907085311769485,9443025.199213002,31883517.360760096,39023.439024390245,9443370.966753738,31884467.349270653,39023.439024390245,9443616.786424479,31884377.878227506,39999.0,9443271.01888374,31883427.88971695,39999.0
9443666.760359475,31884897.60800436,39511.21951219512,0.20421083097408818,9443370.966753738,31884467.349270653,39023.439024390245,9443716.734294478,31885417.33778121,39023.439024390245,9443962.553965215,31885327.866738066,39999.0,9443616.786424479,31884377.878227506,39999.0
9444012.527900215,31885847.596514918,39511.21951219512,0.08392127512524096,9443716.734294478,31885417.33778121,39023.439024390245,9444062.501835214,31886367.326291766,39023.439024390245,9444308.321505953,31886277.85524862,39999.0,9443962.553965215,31885327.866738066,39999.0
9444358.295440951,31886797.58502547,39511.21951219512,0.12567072171046098,9444062.501835214,31886367.326291766,39023.439024390245,9444408.269375952,31887317.314802323,39023.439024390245,9444654.08904669,31887227.84375918,39999.0,9444308.321505953,31886277.85524862,39999.0
9444704.062981691,31887747.573536027,39511.21951219512,0.078871750171938,9444408.269375952,31887317.314802323,39023.439024390245,9444754.03691669,31888267.30331288,39023.439024390245,9444999.856587429,31888177.832269732,39999.0,9444654.08904669,31887227.84375918,39999.0
9445049.830522427,31888697.56204658,39511.21951219512,0.03240154290831862,9444754.03691669,31888267.30331288,39023.439024390245,9445099.804457426,31889217.291823436,39023.439024390245,9445345.624128165,31889127.82078029,39999.0,9444999.856587429,31888177.832269732,39999.0
9445395.598063165,31889647.55055714,39511.21951219512,0.02182035440833961,9445099.804457426,31889217.291823436,39023.439024390245,9445445.571998164,31890167.280333992,39023.439024390245,9445691.391668903,31890077.809290845,39999.0,9445345.624128165,31889127.82078029,39999.0
9445741.365603903,31890597.539067697,39511.21951219512,0.01865868995846099,9445445.571998164,31890167.280333992,39023.439024390245,9445791.339538902,31891117.26884455,39023.439024390245,9446037.15920964,31891027.7978014,39999.0,9445691.391668903,31890077.809290845,39999.0
9446087.13314464,31891547.527578253,39511.21951219512,0.012206683454276016,9445791.339538902,31891117.26884455,39023.439024390245,9446137.10707964,31892067.257355105,39023.439024390245,9446382.926750377,31891977.786311958,39999.0,9446037.15920964,31891027.7978014,39999.0
9446432.900685377,31892497.51608881,39511.21951219512,0.0077276408833784034,9446137.10707964,31892067.257355105,39023.439024390245,9446482.874620376,31893017.24586566,39023.439024390245,9446728.694291117,31892927.77482252,39999.0,9446382.926750377,31891977.786311958,39999.0
