clon,clat,cdep,slip,lon1,lat1,dep1,lon2,lat2,dep2,lon3,lat3,dep3,lon4,lat4,dep4
1566490.1450512405,5302860.433439738,503.10342947309493,0.3713221991527389,1566153.7506011243,5302458.008140054,1.0,1566582.1905313318,5303376.800535407,1.0,1566826.5395013567,5303262.858739422,1005.20685894619,1566398.0995711489,5302344.066344068,1005.20685894619
1566918.584981448,5303779.225835091,503.10342947309493,0.6163387377538498,1566582.1905313318,5303376.800535407,1.0,1567010.6304615396,5304295.59293076,1.0,1567254.9794315642,5304181.651134775,1005.20685894619,1566826.5395013567,5303262.858739422,1005.20685894619
1567347.0249116558,5304698.018230444,503.10342947309493,0.14459896108102635,1567010.6304615396,5304295.59293076,1.0,1567439.0703917472,5305214.385326114,1.0,1567683.4193617718,5305100.443530128,1005.20685894619,1567254.9794315642,5304181.651134775,1005.20685894619
1567775.4648418631,5305616.810625796,503.10342947309493,0.022613336163225015,1567439.0703917472,5305214.385326114,1.0,1567867.5103219547,5306133.177721465,1.0,1568111.8592919796,5306019.235925481,1005.20685894619,1567683.4193617718,5305100.443530128,1005.20685894619
1568203.904772071,5306535.6030211495,503.10342947309493,0.04512555162722103,1567867.5103219547,5306133.177721465,1.0,1568295.9502521625,5307051.970116818,1.0,1568540.2992221871,5306938.028320834,1005.20685894619,1568111.8592919796,5306019.235925481,1005.20685894619
1568632.3447022787,5307454.395416503,503.10342947309493,0.13143322490427575,1568295.9502521625,5307051.970116818,1.0,1568724.39018237,5307970.762512172,1.0,1568968.7391523947,5307856.820716187,1005.20685894619,1568540.2992221871,5306938.028320834,1005.20685894619
1569060.7846324863,5308373.187811856,503.10342947309493,0.15099075090881184,1568724.39018237,5307970.762512172,1.0,1569152.8301125776,5308889.554907524,1.0,1569397.1790826025,5308775.613111541,1005.20685894619,1568968.7391523947,5307856.820716187,1005.20685894619
1569489.224562694,5309291.980207209,503.10342947309493,0.4984474634659545,1569152.8301125776,5308889.554907524,1.0,1569581.2700427854,5309808.347302877,1.0,1569825.61901281,5309694.405506892,1005.20685894619,1569397.1790826025,5308775.613111541,1005.20685894619
1569917.6644929016,5310210.772602562,503.10342947309493,0.5500925139202315,1569581.2700427854,5309808.347302877,1.0,1570009.709972993,5310727.139698231,1.0,1570254.0589430179,5310613.197902245,1005.20685894619,1569825.61901281,5309694.405506892,1005.20685894619
1570346.1044231094,5311129.564997915,503.10342947309493,0.3477278271111922,1570009.709972993,5310727.139698231,1.0,1570438.1499032008,5311645.932093584,1.0,1570682.4988732254,5311531.990297599,1005.20685894619,1570254.0589430179,5310613.197902245,1005.20685894619
1570774.5443533168,5312048.357393268,503.10342947309493,0.587500815217892,1570438.1499032008,5311645.932093584,1.0,1570866.5898334084,5312564.724488936,1.0,1571110.938803433,5312450.782692951,1005.20685894619,1570682.4988732254,5311531.990297599,1005.20685894619
1571202.9842835246,5312967.14978862,503.10342947309493,0.2785671284247422,1570866.5898334084,5312564.724488936,1.0,1571295.029763616,5313483.516884289,1.0,1571539.3787336408,5313369.5750883045,1005.20685894619,1571110.938803433,5312450.782692951,1005.20685894619
1571631.4242137321,5313885.942183973,503.10342947309493,0.7010512721835349,1571295.029763616,5313483.516884289,1.0,1571723.4696938237,5314402.309279642,1.0,1571967.8186638483,5314288.367483658,1005.20685894619,1571539.3787336408,5313369.5750883045,1005.20685894619
1572059.8641439397,5314804.734579327,503.10342947309493,0.6941636877068831,1571723.4696938237,5314402.309279642,1.0,1572151.9096240313,5315321.101674995,1.0,1572396.258594056,5315207.159879011,1005.20685894619,1571967.8186638483,5314288.367483658,1005.20685894619
1572488.3040741475,5315723.526974679,503.10342947309493,1.1798508217470332,1572151.9096240313,5315321.101674995,1.0,1572580.3495542388,5316239.894070348,1.0,1572824.6985242635,5316125.9522743635,1005.20685894619,1572396.258594056,5315207.159879011,1005.20685894619
1572916.7440043548,5316642.319370032,503.10342947309493,0.4419493353264765,1572580.3495542388,5316239.894070348,1.0,1573008.7894844464,5317158.686465701,1.0,1573253.138454471,5317044.744669716,1005.20685894619,1572824.6985242635,5316125.9522743635,1005.20685894619
1573345.1839345626,5317561.111765386,503.10342947309493,0.3087164836207097,1573008.7894844464,5317158.686465701,1.0,1573437.2294146542,5318077.478861054,1.0,1573681.5783846786,5317963.537065069,1005.20685894619,1573253.138454471,5317044.744669716,1005.20685894619
1573773.6238647704,5318479.904160738,503.10342947309493,0.7016211834832842,1573437.2294146542,5318077.478861054,1.0,1573865.6693448618,5318996.271256407,1.0,1574110.0183148861,5318882.329460422,1005.20685894619,1573681.5783846786,5317963.537065069,1005.20685894619
1574202.063794978,5319398.69655609,503.10342947309493,1.6169478763267373,1573865.6693448618,5318996.271256407,1.0,1574294.1092750693,5319915.06365176,1.0,1574538.458245094,5319801.121855775,1005.20685894619,1574110.0183148861,5318882.329460422,1005.20685894619
1574630.5037251858,5320317.488951444,503.10342947309493,1.395323552070613,1574294.1092750693,5319915.06365176,1.0,1574722.549205277,5320833.8560471125,1.0,1574966.8981753015,5320719.914251128,1005.20685894619,1574538.458245094,5319801.121855775,1005.20685894619
1566734.4940212648,5302746.491643753,1507.3102884192854,0.443067051485486,1566398.0995711489,5302344.066344068,1005.20685894619,1566826.5395013567,5303262.858739422,1005.20685894619,1567070.888471381,5303148.916943437,2009.4137178923802,1566642.4485411735,5302230.124548085,2009.4137178923802
1567162.9339514726,5303665.284039106,1507.3102884192854,0.7619459190915165,1566826.5395013567,5303262.858739422,1005.20685894619,1567254.9794315642,5304181.651134775,1005.20685894619,1567499.3284015886,5304067.709338791,2009.4137178923802,1567070.888471381,5303148.916943437,2009.4137178923802
1567591.3738816802,5304584.07643446,1507.3102884192854,0.10339473248958674,1567254.9794315642,5304181.651134775,1005.20685894619,1567683.4193617718,5305100.443530128,1005.20685894619,1567927.7683317964,5304986.501734143,2009.4137178923802,1567499.3284015886,5304067.709338791,2009.4137178923802
1568019.813811888,5305502.868829812,1507.3102884192854,0.057280418660837176,1567683.4193617718,5305100.443530128,1005.20685894619,1568111.8592919796,5306019.235925481,1005.20685894619,1568356.208262004,5305905.2941294955,2009.4137178923802,1567927.7683317964,5304986.501734143,2009.4137178923802
1568448.2537420953,5306421.661225165,1507.3102884192854,0.09099844932548377,1568111.8592919796,5306019.235925481,1005.20685894619,1568540.2992221871,5306938.028320834,1005.20685894619,1568784.6481922118,5306824.086524849,2009.4137178923802,1568356.208262004,5305905.2941294955,2009.4137178923802
1568876.693672303,5307340.453620518,1507.3102884192854,0.26013259767761315,1568540.2992221871,5306938.028320834,1005.20685894619,1568968.7391523947,5307856.820716187,1005.20685894619,1569213.0881224193,5307742.878920202,2009.4137178923802,1568784.6481922118,5306824.086524849,2009.4137178923802
1569305.1336025107,5308259.246015871,1507.3102884192854,0.4479328595883365,1568968.7391523947,5307856.820716187,1005.20685894619,1569397.1790826025,5308775.613111541,1005.20685894619,1569641.5280526269,5308661.671315555,2009.4137178923802,1569213.0881224193,5307742.878920202,2009.4137178923802
1569733.5735327185,5309178.038411223,1507.3102884192854,0.5002160918912067,1569397.1790826025,5308775.613111541,1005.20685894619,1569825.61901281,5309694.405506892,1005.20685894619,1570069.9679828347,5309580.463710908,2009.4137178923802,1569641.5280526269,5308661.671315555,2009.4137178923802
1570162.0134629263,5310096.830806577,1507.3102884192854,0.74670232651666,1569825.61901281,5309694.405506892,1005.20685894619,1570254.0589430179,5310613.197902245,1005.20685894619,1570498.4079130422,5310499.256106261,2009.4137178923802,1570069.9679828347,5309580.463710908,2009.4137178923802
1570590.4533931338,5311015.62320193,1507.3102884192854,0.4896562270203503,1570254.0589430179,5310613.197902245,1005.20685894619,1570682.4988732254,5311531.990297599,1005.20685894619,1570926.8478432498,5311418.0485016145,2009.4137178923802,1570498.4079130422,5310499.256106261,2009.4137178923802
1571018.8933233412,5311934.415597283,1507.3102884192854,0.22789175468923806,1570682.4988732254,5311531.990297599,1005.20685894619,1571110.938803433,5312450.782692951,1005.20685894619,1571355.2877734576,5312336.840896967,2009.4137178923802,1570926.8478432498,5311418.0485016145,2009.4137178923802
1571447.333253549,5312853.207992636,1507.3102884192854,0.19674530866182832,1571110.938803433,5312450.782692951,1005.20685894619,1571539.3787336408,5313369.5750883045,1005.20685894619,1571783.7277036652,5313255.633292319,2009.4137178923802,1571355.2877734576,5312336.840896967,2009.4137178923802
1571875.7731837567,5313772.000387989,1507.3102884192854,0.9091816030334974,1571539.3787336408,5313369.5750883045,1005.20685894619,1571967.8186638483,5314288.367483658,1005.20685894619,1572212.1676338727,5314174.425687673,2009.4137178923802,1571783.7277036652,5313255.633292319,2009.4137178923802
1572304.2131139643,5314690.792783341,1507.3102884192854,0.5577033129635078,1571967.8186638483,5314288.367483658,1005.20685894619,1572396.258594056,5315207.159879011,1005.20685894619,1572640.6075640805,5315093.218083026,2009.4137178923802,1572212.1676338727,5314174.425687673,2009.4137178923802
1572732.6530441719,5315609.585178695,1507.3102884192854,0.6105289583984003,1572396.258594056,5315207.159879011,1005.20685894619,1572824.6985242635,5316125.9522743635,1005.20685894619,1573069.047494288,5316012.010478378,2009.4137178923802,1572640.6075640805,5315093.218083026,2009.4137178923802
1573161.0929743797,5316528.377574047,1507.3102884192854,0.529948609778862,1572824.6985242635,5316125.9522743635,1005.20685894619,1573253.138454471,5317044.744669716,1005.20685894619,1573497.4874244956,5316930.802873732,2009.4137178923802,1573069.047494288,5316012.010478378,2009.4137178923802
1573589.532904587,5317447.1699694,1507.3102884192854,0.5222292097277006,1573253.138454471,5317044.744669716,1005.20685894619,1573681.5783846786,5317963.537065069,1005.20685894619,1573925.9273547032,5317849.595269085,2009.4137178923802,1573497.4874244956,5316930.802873732,2009.4137178923802
1574017.9728347948,5318365.962364754,1507.3102884192854,1.2520956115657385,1573681.5783846786,5317963.537065069,1005.20685894619,1574110.0183148861,5318882.329460422,1005.20685894619,1574354.367284911,5318768.387664437,2009.4137178923802,1573925.9273547032,5317849.595269085,2009.4137178923802
1574446.4127650023,5319284.754760106,1507.3102884192854,1.0809860560991207,1574110.0183148861,5318882.329460422,1005.20685894619,1574538.458245094,5319801.121855775,1005.20685894619,1574782.8072151185,5319687.18005979,2009.4137178923802,1574354.367284911,5318768.387664437,2009.4137178923802
1574874.8526952101,5320203.547155459,1507.3102884192854,0.6922279963360131,1574538.458245094,5319801.121855775,1005.20685894619,1574966.8981753015,5320719.914251128,1005.20685894619,1575211.2471453263,5320605.972455143,2009.4137178923802,1574782.8072151185,5319687.18005979,2009.4137178923802
1566978.8429912897,5302632.549847768,2511.517147365475,0.668523036923191,1566642.4485411735,5302230.124548085,2009.4137178923802,1567070.888471381,5303148.916943437,2009.4137178923802,1567315.2374414057,5303034.975147452,3013.6205768385703,1566886.797511198,5302116.1827521,3013.6205768385703
1567407.2829214972,5303551.342243121,2511.517147365475,0.23668194056703226,1567070.888471381,5303148.916943437,2009.4137178923802,1567499.3284015886,5304067.709338791,2009.4137178923802,1567743.6773716132,5303953.7675428055,3013.6205768385703,1567315.2374414057,5303034.975147452,3013.6205768385703
1567835.722851705,5304470.134638474,2511.517147365475,0.20061011994888214,1567499.3284015886,5304067.709338791,2009.4137178923802,1567927.7683317964,5304986.501734143,2009.4137178923802,1568172.1173018208,5304872.559938159,3013.6205768385703,1567743.6773716132,5303953.7675428055,3013.6205768385703
1568264.1627819126,5305388.927033828,2511.517147365475,0.061849834795907076,1567927.7683317964,5304986.501734143,2009.4137178923802,1568356.208262004,5305905.2941294955,2009.4137178923802,1568600.5572320286,5305791.352333512,3013.6205768385703,1568172.1173018208,5304872.559938159,3013.6205768385703
1568692.6027121204,5306307.71942918,2511.517147365475,0.1944763508777302,1568356.208262004,5305905.2941294955,2009.4137178923802,1568784.6481922118,5306824.086524849,2009.4137178923802,1569028.9971622361,5306710.144728865,3013.6205768385703,1568600.5572320286,5305791.352333512,3013.6205768385703
1569121.0426423277,5307226.511824533,2511.517147365475,0.4884251069189784,1568784.6481922118,5306824.086524849,2009.4137178923802,1569213.0881224193,5307742.878920202,2009.4137178923802,1569457.4370924437,5307628.937124217,3013.6205768385703,1569028.9971622361,5306710.144728865,3013.6205768385703
1569549.4825725355,5308145.304219887,2511.517147365475,0.3684201144946978,1569213.0881224193,5307742.878920202,2009.4137178923802,1569641.5280526269,5308661.671315555,2009.4137178923802,1569885.8770226515,5308547.72951957,3013.6205768385703,1569457.4370924437,5307628.937124217,3013.6205768385703
1569977.922502743,5309064.096615239,2511.517147365475,0.2504649831964076,1569641.5280526269,5308661.671315555,2009.4137178923802,1570069.9679828347,5309580.463710908,2009.4137178923802,1570314.316952859,5309466.521914923,3013.6205768385703,1569885.8770226515,5308547.72951957,3013.6205768385703
1570406.3624329506,5309982.889010591,2511.517147365475,0.21781538573553896,1570069.9679828347,5309580.463710908,2009.4137178923802,1570498.4079130422,5310499.256106261,2009.4137178923802,1570742.7568830666,5310385.314310276,3013.6205768385703,1570314.316952859,5309466.521914923,3013.6205768385703
1570834.8023631584,5310901.681405945,2511.517147365475,0.22657168193463145,1570498.4079130422,5310499.256106261,2009.4137178923802,1570926.8478432498,5311418.0485016145,2009.4137178923802,1571171.1968132744,5311304.106705629,3013.6205768385703,1570742.7568830666,5310385.314310276,3013.6205768385703
1571263.2422933662,5311820.473801298,2511.517147365475,0.25032239085575664,1570926.8478432498,5311418.0485016145,2009.4137178923802,1571355.2877734576,5312336.840896967,2009.4137178923802,1571599.636743482,5312222.899100983,3013.6205768385703,1571171.1968132744,5311304.106705629,3013.6205768385703
1571691.6822235736,5312739.26619665,2511.517147365475,0.5462350024047928,1571355.2877734576,5312336.840896967,2009.4137178923802,1571783.7277036652,5313255.633292319,2009.4137178923802,1572028.0766736895,5313141.691496335,3013.6205768385703,1571599.636743482,5312222.899100983,3013.6205768385703
1572120.1221537814,5313658.058592004,2511.517147365475,1.1766166930115183,1571783.7277036652,5313255.633292319,2009.4137178923802,1572212.1676338727,5314174.425687673,2009.4137178923802,1572456.5166038973,5314060.483891688,3013.6205768385703,1572028.0766736895,5313141.691496335,3013.6205768385703
1572548.562083989,5314576.850987357,2511.517147365475,1.0778165552159416,1572212.1676338727,5314174.425687673,2009.4137178923802,1572640.6075640805,5315093.218083026,2009.4137178923802,1572884.956534105,5314979.276287041,3013.6205768385703,1572456.5166038973,5314060.483891688,3013.6205768385703
1572977.0020141967,5315495.64338271,2511.517147365475,0.385486874583517,1572640.6075640805,5315093.218083026,2009.4137178923802,1573069.047494288,5316012.010478378,2009.4137178923802,1573313.3964643127,5315898.068682394,3013.6205768385703,1572884.956534105,5314979.276287041,3013.6205768385703
1573405.4419444043,5316414.435778063,2511.517147365475,0.5088032228322035,1573069.047494288,5316012.010478378,2009.4137178923802,1573497.4874244956,5316930.802873732,2009.4137178923802,1573741.83639452,5316816.861077746,3013.6205768385703,1573313.3964643127,5315898.068682394,3013.6205768385703
1573833.8818746116,5317333.228173415,2511.517147365475,0.8859648191135642,1573497.4874244956,5316930.802873732,2009.4137178923802,1573925.9273547032,5317849.595269085,2009.4137178923802,1574170.2763247278,5317735.6534731,3013.6205768385703,1573741.83639452,5316816.861077746,3013.6205768385703
1574262.3218048194,5318252.0205687685,2511.517147365475,1.2584212265051877,1573925.9273547032,5317849.595269085,2009.4137178923802,1574354.367284911,5318768.387664437,2009.4137178923802,1574598.7162549354,5318654.445868453,3013.6205768385703,1574170.2763247278,5317735.6534731,3013.6205768385703
1574690.7617350272,5319170.812964121,2511.517147365475,1.0276694779524538,1574354.367284911,5318768.387664437,2009.4137178923802,1574782.8072151185,5319687.18005979,2009.4137178923802,1575027.1561851432,5319573.238263805,3013.6205768385703,1574598.7162549354,5318654.445868453,3013.6205768385703
1575119.2016652348,5320089.605359474,2511.517147365475,0.44550185790489905,1574782.8072151185,5319687.18005979,2009.4137178923802,1575211.2471453263,5320605.972455143,2009.4137178923802,1575455.5961153507,5320492.030659159,3013.6205768385703,1575027.1561851432,5319573.238263805,3013.6205768385703
1567223.191961314,5302518.608051784,3515.7240063116656,0.4316567017437476,1566886.797511198,5302116.1827521,3013.6205768385703,1567315.2374414057,5303034.975147452,3013.6205768385703,1567559.5864114303,5302921.033351468,4017.827435784761,1567131.1464812225,5302002.240956116,4017.827435784761
1567651.6318915216,5303437.400447137,3515.7240063116656,0.10906811700728078,1567315.2374414057,5303034.975147452,3013.6205768385703,1567743.6773716132,5303953.7675428055,3013.6205768385703,1567988.0263416378,5303839.82574682,4017.827435784761,1567559.5864114303,5302921.033351468,4017.827435784761
1568080.0718217294,5304356.19284249,3515.7240063116656,0.12100863952499911,1567743.6773716132,5303953.7675428055,3013.6205768385703,1568172.1173018208,5304872.559938159,3013.6205768385703,1568416.4662718456,5304758.618142174,4017.827435784761,1567988.0263416378,5303839.82574682,4017.827435784761
1568508.5117519372,5305274.985237842,3515.7240063116656,0.08480151189974314,1568172.1173018208,5304872.559938159,3013.6205768385703,1568600.5572320286,5305791.352333512,3013.6205768385703,1568844.9062020532,5305677.410537527,4017.827435784761,1568416.4662718456,5304758.618142174,4017.827435784761
1568936.9516821448,5306193.777633195,3515.7240063116656,0.1426923830677143,1568600.5572320286,5305791.352333512,3013.6205768385703,1569028.9971622361,5306710.144728865,3013.6205768385703,1569273.3461322607,5306596.202932879,4017.827435784761,1568844.9062020532,5305677.410537527,4017.827435784761
1569365.391612352,5307112.570028548,3515.7240063116656,0.23613628088033375,1569028.9971622361,5306710.144728865,3013.6205768385703,1569457.4370924437,5307628.937124217,3013.6205768385703,1569701.7860624685,5307514.995328233,4017.827435784761,1569273.3461322607,5306596.202932879,4017.827435784761
1569793.83154256,5308031.362423901,3515.7240063116656,0.09770967092094117,1569457.4370924437,5307628.937124217,3013.6205768385703,1569885.8770226515,5308547.72951957,3013.6205768385703,1570130.225992676,5308433.787723586,4017.827435784761,1569701.7860624685,5307514.995328233,4017.827435784761
1570222.2714727677,5308950.154819255,3515.7240063116656,0.20357005153414387,1569885.8770226515,5308547.72951957,3013.6205768385703,1570314.316952859,5309466.521914923,3013.6205768385703,1570558.6659228837,5309352.580118939,4017.827435784761,1570130.225992676,5308433.787723586,4017.827435784761
1570650.7114029753,5309868.947214607,3515.7240063116656,0.35075704627843857,1570314.316952859,5309466.521914923,3013.6205768385703,1570742.7568830666,5310385.314310276,3013.6205768385703,1570987.1058530915,5310271.372514292,4017.827435784761,1570558.6659228837,5309352.580118939,4017.827435784761
1571079.1513331828,5310787.7396099605,3515.7240063116656,0.58581521680812,1570742.7568830666,5310385.314310276,3013.6205768385703,1571171.1968132744,5311304.106705629,3013.6205768385703,1571415.545783299,5311190.164909644,4017.827435784761,1570987.1058530915,5310271.372514292,4017.827435784761
1571507.5912633906,5311706.532005314,3515.7240063116656,0.6106846765191924,1571171.1968132744,5311304.106705629,3013.6205768385703,1571599.636743482,5312222.899100983,3013.6205768385703,1571843.9857135066,5312108.957304997,4017.827435784761,1571415.545783299,5311190.164909644,4017.827435784761
1571936.031193598,5312625.324400665,3515.7240063116656,0.5690440702573412,1571599.636743482,5312222.899100983,3013.6205768385703,1572028.0766736895,5313141.691496335,3013.6205768385703,1572272.4256437144,5313027.74970035,4017.827435784761,1571843.9857135066,5312108.957304997,4017.827435784761
1572364.4711238057,5313544.116796019,3515.7240063116656,0.9656826181949995,1572028.0766736895,5313141.691496335,3013.6205768385703,1572456.5166038973,5314060.483891688,3013.6205768385703,1572700.865573922,5313946.542095703,4017.827435784761,1572272.4256437144,5313027.74970035,4017.827435784761
1572792.9110540135,5314462.909191372,3515.7240063116656,1.819297973018885,1572456.5166038973,5314060.483891688,3013.6205768385703,1572884.956534105,5314979.276287041,3013.6205768385703,1573129.3055041297,5314865.334491056,4017.827435784761,1572700.865573922,5313946.542095703,4017.827435784761
1573221.350984221,5315381.701586725,3515.7240063116656,0.8837874333805065,1572884.956534105,5314979.276287041,3013.6205768385703,1573313.3964643127,5315898.068682394,3013.6205768385703,1573557.7454343373,5315784.12688641,4017.827435784761,1573129.3055041297,5314865.334491056,4017.827435784761
1573649.790914429,5316300.493982078,3515.7240063116656,0.48905287379704065,1573313.3964643127,5315898.068682394,3013.6205768385703,1573741.83639452,5316816.861077746,3013.6205768385703,1573986.1853645449,5316702.919281762,4017.827435784761,1573557.7454343373,5315784.12688641,4017.827435784761
1574078.2308446364,5317219.286377431,3515.7240063116656,0.9065198910972627,1573741.83639452,5316816.861077746,3013.6205768385703,1574170.2763247278,5317735.6534731,3013.6205768385703,1574414.6252947524,5317621.711677115,4017.827435784761,1573986.1853645449,5316702.919281762,4017.827435784761
1574506.6707748438,5318138.078772784,3515.7240063116656,1.110119339184404,1574170.2763247278,5317735.6534731,3013.6205768385703,1574598.7162549354,5318654.445868453,3013.6205768385703,1574843.0652249602,5318540.504072468,4017.827435784761,1574414.6252947524,5317621.711677115,4017.827435784761
1574935.1107050516,5319056.871168137,3515.7240063116656,1.029296657588589,1574598.7162549354,5318654.445868453,3013.6205768385703,1575027.1561851432,5319573.238263805,3013.6205768385703,1575271.5051551678,5319459.29646782,4017.827435784761,1574843.0652249602,5318540.504072468,4017.827435784761
1575363.5506352594,5319975.663563489,3515.7240063116656,0.8650256791275013,1575027.1561851432,5319573.238263805,3013.6205768385703,1575455.5961153507,5320492.030659159,3013.6205768385703,1575699.9450853753,5320378.0888631735,4017.827435784761,1575271.5051551678,5319459.29646782,4017.827435784761
1567467.5409313391,5302404.666255798,4519.930865257856,0.9967056256438247,1567131.1464812225,5302002.240956116,4017.827435784761,1567559.5864114303,5302921.033351468,4017.827435784761,1567803.9353814556,5302807.091555483,5022.034294730951,1567375.4954512478,5301888.299160129,5022.034294730951
1567895.980861547,5303323.4586511515,4519.930865257856,0.3618865275856455,1567559.5864114303,5302921.033351468,4017.827435784761,1567988.0263416378,5303839.82574682,4017.827435784761,1568232.3753116631,5303725.883950836,5022.034294730951,1567803.9353814556,5302807.091555483,5022.034294730951
1568324.4207917545,5304242.251046505,4519.930865257856,0.22386051581148453,1567988.0263416378,5303839.82574682,4017.827435784761,1568416.4662718456,5304758.618142174,4017.827435784761,1568660.815241871,5304644.676346189,5022.034294730951,1568232.3753116631,5303725.883950836,5022.034294730951
1568752.8607219623,5305161.043441857,4519.930865257856,0.13181903524483016,1568416.4662718456,5304758.618142174,4017.827435784761,1568844.9062020532,5305677.410537527,4017.827435784761,1569089.2551720785,5305563.468741542,5022.034294730951,1568660.815241871,5304644.676346189,5022.034294730951
1569181.3006521696,5306079.8358372105,4519.930865257856,0.3624041436012375,1568844.9062020532,5305677.410537527,4017.827435784761,1569273.3461322607,5306596.202932879,4017.827435784761,1569517.695102286,5306482.261136894,5022.034294730951,1569089.2551720785,5305563.468741542,5022.034294730951
1569609.7405823772,5306998.628232564,4519.930865257856,0.23535633854141028,1569273.3461322607,5306596.202932879,4017.827435784761,1569701.7860624685,5307514.995328233,4017.827435784761,1569946.1350324939,5307401.053532247,5022.034294730951,1569517.695102286,5306482.261136894,5022.034294730951
1570038.1805125847,5307917.420627917,4519.930865257856,0.4166967677743236,1569701.7860624685,5307514.995328233,4017.827435784761,1570130.225992676,5308433.787723586,4017.827435784761,1570374.5749627014,5308319.845927601,5022.034294730951,1569946.1350324939,5307401.053532247,5022.034294730951
1570466.6204427925,5308836.21302327,4519.930865257856,0.18415564897291,1570130.225992676,5308433.787723586,4017.827435784761,1570558.6659228837,5309352.580118939,4017.827435784761,1570803.014892909,5309238.638322953,5022.034294730951,1570374.5749627014,5308319.845927601,5022.034294730951
1570895.060373,5309755.005418622,4519.930865257856,0.41061254048498946,1570558.6659228837,5309352.580118939,4017.827435784761,1570987.1058530915,5310271.372514292,4017.827435784761,1571231.4548231168,5310157.430718306,5022.034294730951,1570803.014892909,5309238.638322953,5022.034294730951
1571323.5003032077,5310673.797813975,4519.930865257856,1.2514706040931127,1570987.1058530915,5310271.372514292,4017.827435784761,1571415.545783299,5311190.164909644,4017.827435784761,1571659.8947533243,5311076.22311366,5022.034294730951,1571231.4548231168,5310157.430718306,5022.034294730951
1571751.9402334155,5311592.590209329,4519.930865257856,1.5396532163206973,1571415.545783299,5311190.164909644,4017.827435784761,1571843.9857135066,5312108.957304997,4017.827435784761,1572088.334683532,5311995.015509012,5022.034294730951,1571659.8947533243,5311076.22311366,5022.034294730951
1572180.380163623,5312511.382604681,4519.930865257856,1.2426159616816415,1571843.9857135066,5312108.957304997,4017.827435784761,1572272.4256437144,5313027.74970035,4017.827435784761,1572516.7746137397,5312913.8079043655,5022.034294730951,1572088.334683532,5311995.015509012,5022.034294730951
1572608.8200938306,5313430.175000034,4519.930865257856,1.6511822532816331,1572272.4256437144,5313027.74970035,4017.827435784761,1572700.865573922,5313946.542095703,4017.827435784761,1572945.2145439473,5313832.600299718,5022.034294730951,1572516.7746137397,5312913.8079043655,5022.034294730951
1573037.2600240384,5314348.967395388,4519.930865257856,3.0575174847242654,1572700.865573922,5313946.542095703,4017.827435784761,1573129.3055041297,5314865.334491056,4017.827435784761,1573373.654474155,5314751.392695071,5022.034294730951,1572945.2145439473,5313832.600299718,5022.034294730951
1573465.6999542462,5315267.759790741,4519.930865257856,1.5960431689815222,1573129.3055041297,5314865.334491056,4017.827435784761,1573557.7454343373,5315784.12688641,4017.827435784761,1573802.0944043626,5315670.185090424,5022.034294730951,1573373.654474155,5314751.392695071,5022.034294730951
1573894.1398844537,5316186.552186092,4519.930865257856,1.5212992572265231,1573557.7454343373,5315784.12688641,4017.827435784761,1573986.1853645449,5316702.919281762,4017.827435784761,1574230.5343345702,5316588.977485777,5022.034294730951,1573802.0944043626,5315670.185090424,5022.034294730951
1574322.5798146613,5317105.344581446,4519.930865257856,1.686952299670753,1573986.1853645449,5316702.919281762,4017.827435784761,1574414.6252947524,5317621.711677115,4017.827435784761,1574658.9742647777,5317507.76988113,5022.034294730951,1574230.5343345702,5316588.977485777,5022.034294730951
1574751.0197448689,5318024.136976799,4519.930865257856,1.809463855084742,1574414.6252947524,5317621.711677115,4017.827435784761,1574843.0652249602,5318540.504072468,4017.827435784761,1575087.4141949855,5318426.562276483,5022.034294730951,1574658.9742647777,5317507.76988113,5022.034294730951
1575179.4596750764,5318942.929372151,4519.930865257856,1.314796124859637,1574843.0652249602,5318540.504072468,4017.827435784761,1575271.5051551678,5319459.29646782,4017.827435784761,1575515.854125193,5319345.354671836,5022.034294730951,1575087.4141949855,5318426.562276483,5022.034294730951
1575607.8996052842,5319861.721767505,4519.930865257856,1.1436181113444477,1575271.5051551678,5319459.29646782,4017.827435784761,1575699.9450853753,5320378.0888631735,4017.827435784761,1575944.2940554006,5320264.147067189,5022.034294730951,1575515.854125193,5319345.354671836,5022.034294730951
1567711.889901364,5302290.724459814,5524.137724204045,1.428478116145777,1567375.4954512478,5301888.299160129,5022.034294730951,1567803.9353814556,5302807.091555483,5022.034294730951,1568048.2843514802,5302693.1497594975,6026.241153677141,1567619.8444212726,5301774.357364145,6026.241153677141
1568140.3298315718,5303209.516855167,5524.137724204045,1.0580015084419814,1567803.9353814556,5302807.091555483,5022.034294730951,1568232.3753116631,5303725.883950836,5022.034294730951,1568476.724281688,5303611.942154851,6026.241153677141,1568048.2843514802,5302693.1497594975,6026.241153677141
1568568.7697617793,5304128.30925052,5524.137724204045,0.7342691634576505,1568232.3753116631,5303725.883950836,5022.034294730951,1568660.815241871,5304644.676346189,5022.034294730951,1568905.1642118955,5304530.734550204,6026.241153677141,1568476.724281688,5303611.942154851,6026.241153677141
1568997.209691987,5305047.101645872,5524.137724204045,0.5943671357049977,1568660.815241871,5304644.676346189,5022.034294730951,1569089.2551720785,5305563.468741542,5022.034294730951,1569333.604142103,5305449.5269455565,6026.241153677141,1568905.1642118955,5304530.734550204,6026.241153677141
1569425.6496221947,5305965.894041225,5524.137724204045,0.39477900388603443,1569089.2551720785,5305563.468741542,5022.034294730951,1569517.695102286,5306482.261136894,5022.034294730951,1569762.044072311,5306368.31934091,6026.241153677141,1569333.604142103,5305449.5269455565,6026.241153677141
1569854.0895524025,5306884.686436579,5524.137724204045,0.11620714027046539,1569517.695102286,5306482.261136894,5022.034294730951,1569946.1350324939,5307401.053532247,5022.034294730951,1570190.4840025185,5307287.111736263,6026.241153677141,1569762.044072311,5306368.31934091,6026.241153677141
1570282.5294826098,5307803.478831932,5524.137724204045,0.291383817001115,1569946.1350324939,5307401.053532247,5022.034294730951,1570374.5749627014,5308319.845927601,5022.034294730951,1570618.923932726,5308205.9041316165,6026.241153677141,1570190.4840025185,5307287.111736263,6026.241153677141
1570710.9694128176,5308722.271227284,5524.137724204045,0.40697896122203303,1570374.5749627014,5308319.845927601,5022.034294730951,1570803.014892909,5309238.638322953,5022.034294730951,1571047.3638629336,5309124.696526968,6026.241153677141,1570618.923932726,5308205.9041316165,6026.241153677141
1571139.4093430252,5309641.063622638,5524.137724204045,0.6464501584221451,1570803.014892909,5309238.638322953,5022.034294730951,1571231.4548231168,5310157.430718306,5022.034294730951,1571475.8037931412,5310043.488922321,6026.241153677141,1571047.3638629336,5309124.696526968,6026.241153677141
1571567.849273233,5310559.856017991,5524.137724204045,1.6066697969139545,1571231.4548231168,5310157.430718306,5022.034294730951,1571659.8947533243,5311076.22311366,5022.034294730951,1571904.243723349,5310962.281317675,6026.241153677141,1571475.8037931412,5310043.488922321,6026.241153677141
1571996.2892034405,5311478.648413343,5524.137724204045,2.572214338349245,1571659.8947533243,5311076.22311366,5022.034294730951,1572088.334683532,5311995.015509012,5022.034294730951,1572332.6836535565,5311881.073713028,6026.241153677141,1571904.243723349,5310962.281317675,6026.241153677141
1572424.7291336483,5312397.440808696,5524.137724204045,1.8906865035816853,1572088.334683532,5311995.015509012,5022.034294730951,1572516.7746137397,5312913.8079043655,5022.034294730951,1572761.123583764,5312799.86610838,6026.241153677141,1572332.6836535565,5311881.073713028,6026.241153677141
1572853.1690638557,5313316.233204049,5524.137724204045,2.5874824283172817,1572516.7746137397,5312913.8079043655,5022.034294730951,1572945.2145439473,5313832.600299718,5022.034294730951,1573189.5635139719,5313718.658503734,6026.241153677141,1572761.123583764,5312799.86610838,6026.241153677141
1573281.6089940635,5314235.025599402,5524.137724204045,3.715187021500886,1572945.2145439473,5313832.600299718,5022.034294730951,1573373.654474155,5314751.392695071,5022.034294730951,1573618.0034441794,5314637.450899087,6026.241153677141,1573189.5635139719,5313718.658503734,6026.241153677141
1573710.0489242713,5315153.817994756,5524.137724204045,2.7162178028803234,1573373.654474155,5314751.392695071,5022.034294730951,1573802.0944043626,5315670.185090424,5022.034294730951,1574046.443374387,5315556.243294439,6026.241153677141,1573618.0034441794,5314637.450899087,6026.241153677141
1574138.4888544786,5316072.610390108,5524.137724204045,2.0355360786280494,1573802.0944043626,5315670.185090424,5022.034294730951,1574230.5343345702,5316588.977485777,5022.034294730951,1574474.8833045946,5316475.035689792,6026.241153677141,1574046.443374387,5315556.243294439,6026.241153677141
1574566.9287846864,5316991.402785461,5524.137724204045,1.5993992493021958,1574230.5343345702,5316588.977485777,5022.034294730951,1574658.9742647777,5317507.76988113,5022.034294730951,1574903.3232348023,5317393.828085145,6026.241153677141,1574474.8833045946,5316475.035689792,6026.241153677141
1574995.3687148942,5317910.195180815,5524.137724204045,1.1861724262978846,1574658.9742647777,5317507.76988113,5022.034294730951,1575087.4141949855,5318426.562276483,5022.034294730951,1575331.76316501,5318312.620480497,6026.241153677141,1574903.3232348023,5317393.828085145,6026.241153677141
1575423.8086451015,5318828.987576166,5524.137724204045,1.0745037271451983,1575087.4141949855,5318426.562276483,5022.034294730951,1575515.854125193,5319345.354671836,5022.034294730951,1575760.2030952175,5319231.412875851,6026.241153677141,1575331.76316501,5318312.620480497,6026.241153677141
1575852.2485753093,5319747.7799715195,5524.137724204045,0.8552985370917809,1575515.854125193,5319345.354671836,5022.034294730951,1575944.2940554006,5320264.147067189,5022.034294730951,1576188.6430254253,5320150.205271204,6026.241153677141,1575760.2030952175,5319231.412875851,6026.241153677141
1567956.2388713884,5302176.782663829,6528.344583150236,1.8288461810669825,1567619.8444212726,5301774.357364145,6026.241153677141,1568048.2843514802,5302693.1497594975,6026.241153677141,1568292.6333215048,5302579.207963513,7030.44801262333,1567864.193391297,5301660.415568161,7030.44801262333
1568384.6788015962,5303095.575059182,6528.344583150236,1.0044543560894235,1568048.2843514802,5302693.1497594975,6026.241153677141,1568476.724281688,5303611.942154851,6026.241153677141,1568721.0732517124,5303498.0003588665,7030.44801262333,1568292.6333215048,5302579.207963513,7030.44801262333
1568813.118731804,5304014.367454535,6528.344583150236,1.1300256426730215,1568476.724281688,5303611.942154851,6026.241153677141,1568905.1642118955,5304530.734550204,6026.241153677141,1569149.51318192,5304416.79275422,7030.44801262333,1568721.0732517124,5303498.0003588665,7030.44801262333
1569241.5586620115,5304933.159849889,6528.344583150236,1.070913413372712,1568905.1642118955,5304530.734550204,6026.241153677141,1569333.604142103,5305449.5269455565,6026.241153677141,1569577.9531121277,5305335.585149572,7030.44801262333,1569149.51318192,5304416.79275422,7030.44801262333
1569669.998592219,5305851.952245241,6528.344583150236,0.4165203387909181,1569333.604142103,5305449.5269455565,6026.241153677141,1569762.044072311,5306368.31934091,6026.241153677141,1570006.3930423353,5306254.377544925,7030.44801262333,1569577.9531121277,5305335.585149572,7030.44801262333
1570098.4385224269,5306770.744640593,6528.344583150236,0.38776925771889875,1569762.044072311,5306368.31934091,6026.241153677141,1570190.4840025185,5307287.111736263,6026.241153677141,1570434.8329725428,5307173.169940278,7030.44801262333,1570006.3930423353,5306254.377544925,7030.44801262333
1570526.8784526342,5307689.537035947,6528.344583150236,0.935638345100998,1570190.4840025185,5307287.111736263,6026.241153677141,1570618.923932726,5308205.9041316165,6026.241153677141,1570863.2729027506,5308091.962335631,7030.44801262333,1570434.8329725428,5307173.169940278,7030.44801262333
1570955.318382842,5308608.329431299,6528.344583150236,1.4993905718273346,1570618.923932726,5308205.9041316165,6026.241153677141,1571047.3638629336,5309124.696526968,6026.241153677141,1571291.7128329582,5309010.754730984,7030.44801262333,1570863.2729027506,5308091.962335631,7030.44801262333
1571383.7583130498,5309527.121826652,6528.344583150236,2.448991748067011,1571047.3638629336,5309124.696526968,6026.241153677141,1571475.8037931412,5310043.488922321,6026.241153677141,1571720.152763166,5309929.547126337,7030.44801262333,1571291.7128329582,5309010.754730984,7030.44801262333
1571812.1982432574,5310445.914222006,6528.344583150236,2.2391904328353367,1571475.8037931412,5310043.488922321,6026.241153677141,1571904.243723349,5310962.281317675,6026.241153677141,1572148.5926933736,5310848.33952169,7030.44801262333,1571720.152763166,5309929.547126337,7030.44801262333
1572240.6381734652,5311364.706617359,6528.344583150236,3.1299243094671394,1571904.243723349,5310962.281317675,6026.241153677141,1572332.6836535565,5311881.073713028,6026.241153677141,1572577.0326235811,5311767.131917043,7030.44801262333,1572148.5926933736,5310848.33952169,7030.44801262333
1572669.0781036727,5312283.499012711,6528.344583150236,3.9216971176220796,1572332.6836535565,5311881.073713028,6026.241153677141,1572761.123583764,5312799.86610838,6026.241153677141,1573005.472553789,5312685.924312395,7030.44801262333,1572577.0326235811,5311767.131917043,7030.44801262333
1573097.5180338805,5313202.291408065,6528.344583150236,2.489789424163706,1572761.123583764,5312799.86610838,6026.241153677141,1573189.5635139719,5313718.658503734,6026.241153677141,1573433.9124839965,5313604.716707748,7030.44801262333,1573005.472553789,5312685.924312395,7030.44801262333
1573525.9579640878,5314121.083803417,6528.344583150236,2.4617449884575633,1573189.5635139719,5313718.658503734,6026.241153677141,1573618.0034441794,5314637.450899087,6026.241153677141,1573862.352414204,5314523.509103102,7030.44801262333,1573433.9124839965,5313604.716707748,7030.44801262333
1573954.3978942956,5315039.8761987705,6528.344583150236,3.522993056102721,1573618.0034441794,5314637.450899087,6026.241153677141,1574046.443374387,5315556.243294439,6026.241153677141,1574290.7923444118,5315442.301498455,7030.44801262333,1573862.352414204,5314523.509103102,7030.44801262333
1574382.8378245032,5315958.668594123,6528.344583150236,2.4159392363684855,1574046.443374387,5315556.243294439,6026.241153677141,1574474.8833045946,5316475.035689792,6026.241153677141,1574719.2322746194,5316361.093893807,7030.44801262333,1574290.7923444118,5315442.301498455,7030.44801262333
1574811.2777547108,5316877.460989476,6528.344583150236,1.7692852631344522,1574474.8833045946,5316475.035689792,6026.241153677141,1574903.3232348023,5317393.828085145,6026.241153677141,1575147.672204827,5317279.886289161,7030.44801262333,1574719.2322746194,5316361.093893807,7030.44801262333
1575239.7176849185,5317796.2533848295,6528.344583150236,0.7255363143319368,1574903.3232348023,5317393.828085145,6026.241153677141,1575331.76316501,5318312.620480497,6026.241153677141,1575576.1121350345,5318198.678684514,7030.44801262333,1575147.672204827,5317279.886289161,7030.44801262333
1575668.1576151259,5318715.045780182,6528.344583150236,0.6255136880892859,1575331.76316501,5318312.620480497,6026.241153677141,1575760.2030952175,5319231.412875851,6026.241153677141,1576004.5520652423,5319117.4710798655,7030.44801262333,1575576.1121350345,5318198.678684514,7030.44801262333
1576096.5975453337,5319633.838175535,6528.344583150236,0.4983495255974703,1575760.2030952175,5319231.412875851,6026.241153677141,1576188.6430254253,5320150.205271204,6026.241153677141,1576432.9919954499,5320036.263475219,7030.44801262333,1576004.5520652423,5319117.4710798655,7030.44801262333
1568200.5878414134,5302062.840867845,7532.551442096425,0.8837570956070055,1567864.193391297,5301660.415568161,7030.44801262333,1568292.6333215048,5302579.207963513,7030.44801262333,1568536.9822915292,5302465.266167528,8034.65487156952,1568108.5423613216,5301546.473772176,8034.65487156952
1568629.0277716208,5302981.633263197,7532.551442096425,0.5107935931300102,1568292.6333215048,5302579.207963513,7030.44801262333,1568721.0732517124,5303498.0003588665,7030.44801262333,1568965.4222217367,5303384.058562881,8034.65487156952,1568536.9822915292,5302465.266167528,8034.65487156952
1569057.4677018286,5303900.42565855,7532.551442096425,0.7423300087930071,1568721.0732517124,5303498.0003588665,7030.44801262333,1569149.51318192,5304416.79275422,7030.44801262333,1569393.8621519445,5304302.850958235,8034.65487156952,1568965.4222217367,5303384.058562881,8034.65487156952
1569485.9076320361,5304819.218053903,7532.551442096425,1.7322004906320048,1569149.51318192,5304416.79275422,7030.44801262333,1569577.9531121277,5305335.585149572,7030.44801262333,1569822.302082152,5305221.643353588,8034.65487156952,1569393.8621519445,5304302.850958235,8034.65487156952
1569914.347562244,5305738.010449256,7532.551442096425,1.0746300217110754,1569577.9531121277,5305335.585149572,7030.44801262333,1570006.3930423353,5306254.377544925,7030.44801262333,1570250.7420123597,5306140.43574894,8034.65487156952,1569822.302082152,5305221.643353588,8034.65487156952
1570342.7874924515,5306656.802844609,7532.551442096425,1.2653067423314082,1570006.3930423353,5306254.377544925,7030.44801262333,1570434.8329725428,5307173.169940278,7030.44801262333,1570679.1819425675,5307059.228144294,8034.65487156952,1570250.7420123597,5306140.43574894,8034.65487156952
1570771.2274226593,5307575.595239962,7532.551442096425,1.2748342127306427,1570434.8329725428,5307173.169940278,7030.44801262333,1570863.2729027506,5308091.962335631,7030.44801262333,1571107.621872775,5307978.020539646,8034.65487156952,1570679.1819425675,5307059.228144294,8034.65487156952
1571199.6673528666,5308494.387635316,7532.551442096425,2.118767802113985,1570863.2729027506,5308091.962335631,7030.44801262333,1571291.7128329582,5309010.754730984,7030.44801262333,1571536.0618029828,5308896.812934999,8034.65487156952,1571107.621872775,5307978.020539646,8034.65487156952
1571628.1072830744,5309413.180030668,7532.551442096425,4.396207927663714,1571291.7128329582,5309010.754730984,7030.44801262333,1571720.152763166,5309929.547126337,7030.44801262333,1571964.5017331904,5309815.605330352,8034.65487156952,1571536.0618029828,5308896.812934999,8034.65487156952
1572056.5472132822,5310331.972426021,7532.551442096425,3.023755410256842,1571720.152763166,5309929.547126337,7030.44801262333,1572148.5926933736,5310848.33952169,7030.44801262333,1572392.941663398,5310734.397725705,8034.65487156952,1571964.5017331904,5309815.605330352,8034.65487156952
1572484.9871434898,5311250.764821374,7532.551442096425,4.847974642750589,1572148.5926933736,5310848.33952169,7030.44801262333,1572577.0326235811,5311767.131917043,7030.44801262333,1572821.3815936057,5311653.190121058,8034.65487156952,1572392.941663398,5310734.397725705,8034.65487156952
1572913.4270736976,5312169.557216726,7532.551442096425,4.878176596201514,1572577.0326235811,5311767.131917043,7030.44801262333,1573005.472553789,5312685.924312395,7030.44801262333,1573249.8215238133,5312571.982516411,8034.65487156952,1572821.3815936057,5311653.190121058,8034.65487156952
1573341.8670039051,5313088.34961208,7532.551442096425,2.7688406347141665,1573005.472553789,5312685.924312395,7030.44801262333,1573433.9124839965,5313604.716707748,7030.44801262333,1573678.2614540209,5313490.774911764,8034.65487156952,1573249.8215238133,5312571.982516411,8034.65487156952
1573770.3069341125,5314007.142007433,7532.551442096425,1.916044484199974,1573433.9124839965,5313604.716707748,7030.44801262333,1573862.352414204,5314523.509103102,7030.44801262333,1574106.7013842287,5314409.567307117,8034.65487156952,1573678.2614540209,5313490.774911764,8034.65487156952
1574198.7468643202,5314925.934402786,7532.551442096425,2.860903055754715,1573862.352414204,5314523.509103102,7030.44801262333,1574290.7923444118,5315442.301498455,7030.44801262333,1574535.1413144362,5315328.35970247,8034.65487156952,1574106.7013842287,5314409.567307117,8034.65487156952
1574627.1867945278,5315844.726798139,7532.551442096425,2.556241068558298,1574290.7923444118,5315442.301498455,7030.44801262333,1574719.2322746194,5316361.093893807,7030.44801262333,1574963.5812446438,5316247.152097822,8034.65487156952,1574535.1413144362,5315328.35970247,8034.65487156952
1575055.6267247354,5316763.519193492,7532.551442096425,1.3152195323380582,1574719.2322746194,5316361.093893807,7030.44801262333,1575147.672204827,5317279.886289161,7030.44801262333,1575392.0211748513,5317165.9444931755,8034.65487156952,1574963.5812446438,5316247.152097822,8034.65487156952
1575484.066654943,5317682.311588844,7532.551442096425,0.9128786164932252,1575147.672204827,5317279.886289161,7030.44801262333,1575576.1121350345,5318198.678684514,7030.44801262333,1575820.4611050591,5318084.736888529,8034.65487156952,1575392.0211748513,5317165.9444931755,8034.65487156952
1575912.5065851507,5318601.103984197,7532.551442096425,0.9012042149675821,1575576.1121350345,5318198.678684514,7030.44801262333,1576004.5520652423,5319117.4710798655,7030.44801262333,1576248.9010352667,5319003.529283881,8034.65487156952,1575820.4611050591,5318084.736888529,8034.65487156952
1576340.946515358,5319519.89637955,7532.551442096425,0.6736057258879973,1576004.5520652423,5319117.4710798655,7030.44801262333,1576432.9919954499,5320036.263475219,7030.44801262333,1576677.3409654743,5319922.3216792345,8034.65487156952,1576248.9010352667,5319003.529283881,8034.65487156952
1568444.9368114378,5301948.89907186,8536.758301042615,1.2300961164542443,1568108.5423613216,5301546.473772176,8034.65487156952,1568536.9822915292,5302465.266167528,8034.65487156952,1568781.3312615538,5302351.324371545,9038.861730515711,1568352.8913313462,5301432.531976191,9038.861730515711
1568873.3767416452,5302867.6914672125,8536.758301042615,0.4239810888891837,1568536.9822915292,5302465.266167528,8034.65487156952,1568965.4222217367,5303384.058562881,8034.65487156952,1569209.7711917616,5303270.116766896,9038.861730515711,1568781.3312615538,5302351.324371545,9038.861730515711
1569301.816671853,5303786.483862566,8536.758301042615,0.519183671466005,1568965.4222217367,5303384.058562881,8034.65487156952,1569393.8621519445,5304302.850958235,8034.65487156952,1569638.2111219692,5304188.909162249,9038.861730515711,1569209.7711917616,5303270.116766896,9038.861730515711
1569730.2566020607,5304705.276257919,8536.758301042615,1.7553542749120081,1569393.8621519445,5304302.850958235,8034.65487156952,1569822.302082152,5305221.643353588,8034.65487156952,1570066.6510521767,5305107.701557603,9038.861730515711,1569638.2111219692,5304188.909162249,9038.861730515711
1570158.6965322683,5305624.0686532715,8536.758301042615,2.230429023012749,1569822.302082152,5305221.643353588,8034.65487156952,1570250.7420123597,5306140.43574894,8034.65487156952,1570495.0909823845,5306026.493952955,9038.861730515711,1570066.6510521767,5305107.701557603,9038.861730515711
1570587.136462476,5306542.861048624,8536.758301042615,2.0507571977496286,1570250.7420123597,5306140.43574894,8034.65487156952,1570679.1819425675,5307059.228144294,8034.65487156952,1570923.530912592,5306945.286348308,9038.861730515711,1570495.0909823845,5306026.493952955,9038.861730515711
1571015.5763926837,5307461.653443977,8536.758301042615,1.0540017494039993,1570679.1819425675,5307059.228144294,8034.65487156952,1571107.621872775,5307978.020539646,8034.65487156952,1571351.9708427999,5307864.078743662,9038.861730515711,1570923.530912592,5306945.286348308,9038.861730515711
1571444.0163228915,5308380.445839331,8536.758301042615,1.3068369978849206,1571107.621872775,5307978.020539646,8034.65487156952,1571536.0618029828,5308896.812934999,8034.65487156952,1571780.4107730074,5308782.871139015,9038.861730515711,1571351.9708427999,5307864.078743662,9038.861730515711
1571872.4562530988,5309299.238234683,8536.758301042615,3.5798793177356667,1571536.0618029828,5308896.812934999,8034.65487156952,1571964.5017331904,5309815.605330352,8034.65487156952,1572208.850703215,5309701.663534367,9038.861730515711,1571780.4107730074,5308782.871139015,9038.861730515711
1572300.8961833066,5310218.030630036,8536.758301042615,4.059764794823416,1571964.5017331904,5309815.605330352,8034.65487156952,1572392.941663398,5310734.397725705,8034.65487156952,1572637.2906334228,5310620.45592972,9038.861730515711,1572208.850703215,5309701.663534367,9038.861730515711
1572729.3361135141,5311136.82302539,8536.758301042615,5.0737607070410595,1572392.941663398,5310734.397725705,8034.65487156952,1572821.3815936057,5311653.190121058,8034.65487156952,1573065.7305636303,5311539.248325073,9038.861730515711,1572637.2906334228,5310620.45592972,9038.861730515711
1573157.7760437217,5312055.615420743,8536.758301042615,4.9802737565505115,1572821.3815936057,5311653.190121058,8034.65487156952,1573249.8215238133,5312571.982516411,8034.65487156952,1573494.170493838,5312458.0407204265,9038.861730515711,1573065.7305636303,5311539.248325073,9038.861730515711
1573586.2159739295,5312974.407816094,8536.758301042615,3.067555007348422,1573249.8215238133,5312571.982516411,8034.65487156952,1573678.2614540209,5313490.774911764,8034.65487156952,1573922.6104240457,5313376.833115779,9038.861730515711,1573494.170493838,5312458.0407204265,9038.861730515711
1574014.6559041373,5313893.200211448,8536.758301042615,1.2499346878712148,1573678.2614540209,5313490.774911764,8034.65487156952,1574106.7013842287,5314409.567307117,8034.65487156952,1574351.0503542533,5314295.625511132,9038.861730515711,1573922.6104240457,5313376.833115779,9038.861730515711
1574443.0958343446,5314811.992606801,8536.758301042615,1.9523714183414904,1574106.7013842287,5314409.567307117,8034.65487156952,1574535.1413144362,5315328.35970247,8034.65487156952,1574779.4902844608,5315214.4179064855,9038.861730515711,1574351.0503542533,5314295.625511132,9038.861730515711
1574871.5357645524,5315730.785002153,8536.758301042615,2.1468327133413743,1574535.1413144362,5315328.35970247,8034.65487156952,1574963.5812446438,5316247.152097822,8034.65487156952,1575207.9302146684,5316133.210301838,9038.861730515711,1574779.4902844608,5315214.4179064855,9038.861730515711
1575299.97569476,5316649.577397507,8536.758301042615,1.3179735105288863,1574963.5812446438,5316247.152097822,8034.65487156952,1575392.0211748513,5317165.9444931755,8034.65487156952,1575636.3701448762,5317052.002697191,9038.861730515711,1575207.9302146684,5316133.210301838,9038.861730515711
1575728.4156249678,5317568.36979286,8536.758301042615,1.5649544444594343,1575392.0211748513,5317165.9444931755,8034.65487156952,1575820.4611050591,5318084.736888529,8034.65487156952,1576064.8100750837,5317970.795092544,9038.861730515711,1575636.3701448762,5317052.002697191,9038.861730515711
1576156.8555551753,5318487.162188212,8536.758301042615,0.7787711147919189,1575820.4611050591,5318084.736888529,8034.65487156952,1576248.9010352667,5319003.529283881,8034.65487156952,1576493.2500052915,5318889.587487896,9038.861730515711,1576064.8100750837,5317970.795092544,9038.861730515711
1576585.2954853827,5319405.954583566,8536.758301042615,0.8497545048233794,1576248.9010352667,5319003.529283881,8034.65487156952,1576677.3409654743,5319922.3216792345,8034.65487156952,1576921.689935499,5319808.379883249,9038.861730515711,1576493.2500052915,5318889.587487896,9038.861730515711
1568689.2857814624,5301834.957275875,9540.965159988806,0.4810926139967926,1568352.8913313462,5301432.531976191,9038.861730515711,1568781.3312615538,5302351.324371545,9038.861730515711,1569025.6802315784,5302237.382575559,10043.068589461902,1568597.2403013706,5301318.590180206,10043.068589461902
1569117.72571167,5302753.749671227,9540.965159988806,0.2481741648060707,1568781.3312615538,5302351.324371545,9038.861730515711,1569209.7711917616,5303270.116766896,9038.861730515711,1569454.120161786,5303156.174970912,10043.068589461902,1569025.6802315784,5302237.382575559,10043.068589461902
1569546.1656418773,5303672.542066581,9540.965159988806,0.43334836079704797,1569209.7711917616,5303270.116766896,9038.861730515711,1569638.2111219692,5304188.909162249,9038.861730515711,1569882.5600919938,5304074.967366265,10043.068589461902,1569454.120161786,5303156.174970912,10043.068589461902
1569974.6055720851,5304591.334461934,9540.965159988806,1.1503764828894725,1569638.2111219692,5304188.909162249,9038.861730515711,1570066.6510521767,5305107.701557603,9038.861730515711,1570311.0000222013,5304993.759761618,10043.068589461902,1569882.5600919938,5304074.967366265,10043.068589461902
1570403.0455022927,5305510.126857287,9540.965159988806,2.0038534987671466,1570066.6510521767,5305107.701557603,9038.861730515711,1570495.0909823845,5306026.493952955,9038.861730515711,1570739.439952409,5305912.552156971,10043.068589461902,1570311.0000222013,5304993.759761618,10043.068589461902
1570831.4854325005,5306428.91925264,9540.965159988806,2.2422986748958853,1570495.0909823845,5306026.493952955,9038.861730515711,1570923.530912592,5306945.286348308,9038.861730515711,1571167.8798826167,5306831.344552323,10043.068589461902,1570739.439952409,5305912.552156971,10043.068589461902
1571259.9253627083,5307347.711647993,9540.965159988806,1.3186485931512,1570923.530912592,5306945.286348308,9038.861730515711,1571351.9708427999,5307864.078743662,9038.861730515711,1571596.3198128243,5307750.136947677,10043.068589461902,1571167.8798826167,5306831.344552323,10043.068589461902
1571688.3652929158,5308266.504043345,9540.965159988806,1.412779632255711,1571351.9708427999,5307864.078743662,9038.861730515711,1571780.4107730074,5308782.871139015,9038.861730515711,1572024.7597430318,5308668.92934303,10043.068589461902,1571596.3198128243,5307750.136947677,10043.068589461902
1572116.8052231232,5309185.296438699,9540.965159988806,1.8307035921924448,1571780.4107730074,5308782.871139015,9038.861730515711,1572208.850703215,5309701.663534367,9038.861730515711,1572453.1996732396,5309587.721738382,10043.068589461902,1572024.7597430318,5308668.92934303,10043.068589461902
1572545.245153331,5310104.088834051,9540.965159988806,2.6705589044062576,1572208.850703215,5309701.663534367,9038.861730515711,1572637.2906334228,5310620.45592972,9038.861730515711,1572881.6396034472,5310506.514133736,10043.068589461902,1572453.1996732396,5309587.721738382,10043.068589461902
1572973.6850835388,5311022.881229404,9540.965159988806,3.5099990147827924,1572637.2906334228,5310620.45592972,9038.861730515711,1573065.7305636303,5311539.248325073,9038.861730515711,1573310.0795336547,5311425.306529089,10043.068589461902,1572881.6396034472,5310506.514133736,10043.068589461902
1573402.1250137463,5311941.673624758,9540.965159988806,3.0410569854578,1573065.7305636303,5311539.248325073,9038.861730515711,1573494.170493838,5312458.0407204265,9038.861730515711,1573738.5194638625,5312344.098924442,10043.068589461902,1573310.0795336547,5311425.306529089,10043.068589461902
1573830.5649439539,5312860.46602011,9540.965159988806,2.906716066817561,1573494.170493838,5312458.0407204265,9038.861730515711,1573922.6104240457,5313376.833115779,9038.861730515711,1574166.95939407,5313262.891319794,10043.068589461902,1573738.5194638625,5312344.098924442,10043.068589461902
1574259.0048741617,5313779.258415463,9540.965159988806,1.5833368487500883,1573922.6104240457,5313376.833115779,9038.861730515711,1574351.0503542533,5314295.625511132,9038.861730515711,1574595.3993242779,5314181.683715147,10043.068589461902,1574166.95939407,5313262.891319794,10043.068589461902
1574687.444804369,5314698.050810817,9540.965159988806,1.9088450810134154,1574351.0503542533,5314295.625511132,9038.861730515711,1574779.4902844608,5315214.4179064855,9038.861730515711,1575023.8392544854,5315100.4761105,10043.068589461902,1574595.3993242779,5314181.683715147,10043.068589461902
1575115.8847345768,5315616.843206168,9540.965159988806,2.4137419572994423,1574779.4902844608,5315214.4179064855,9038.861730515711,1575207.9302146684,5316133.210301838,9038.861730515711,1575452.279184693,5316019.268505853,10043.068589461902,1575023.8392544854,5315100.4761105,10043.068589461902
1575544.3246647844,5316535.6356015215,9540.965159988806,1.1847199211131743,1575207.9302146684,5316133.210301838,9038.861730515711,1575636.3701448762,5317052.002697191,9038.861730515711,1575880.7191149006,5316938.060901206,10043.068589461902,1575452.279184693,5316019.268505853,10043.068589461902
1575972.7645949922,5317454.427996875,9540.965159988806,0.9451148724472475,1575636.3701448762,5317052.002697191,9038.861730515711,1576064.8100750837,5317970.795092544,9038.861730515711,1576309.1590451084,5317856.853296559,10043.068589461902,1575880.7191149006,5316938.060901206,10043.068589461902
1576401.2045252,5318373.220392228,9540.965159988806,0.6283233128075799,1576064.8100750837,5317970.795092544,9038.861730515711,1576493.2500052915,5318889.587487896,9038.861730515711,1576737.598975316,5318775.645691913,10043.068589461902,1576309.1590451084,5317856.853296559,10043.068589461902
1576829.6444554075,5319292.0127875805,9540.965159988806,1.0114957450069886,1576493.2500052915,5318889.587487896,9038.861730515711,1576921.689935499,5319808.379883249,9038.861730515711,1577166.0389055235,5319694.438087265,10043.068589461902,1576737.598975316,5318775.645691913,10043.068589461902
1568933.634751487,5301721.015479891,10545.172018934994,0.292951034304884,1568597.2403013706,5301318.590180206,10043.068589461902,1569025.6802315784,5302237.382575559,10043.068589461902,1569270.029201603,5302123.440779574,11047.27544840809,1568841.5892713955,5301204.648384222,11047.27544840809
1569362.0746816946,5302639.807875243,10545.172018934994,0.5318032419434012,1569025.6802315784,5302237.382575559,10043.068589461902,1569454.120161786,5303156.174970912,10043.068589461902,1569698.4691318108,5303042.233174927,11047.27544840809,1569270.029201603,5302123.440779574,11047.27544840809
1569790.5146119024,5303558.600270596,10545.172018934994,0.2957585093230968,1569454.120161786,5303156.174970912,10043.068589461902,1569882.5600919938,5304074.967366265,10043.068589461902,1570126.9090620184,5303961.02557028,11047.27544840809,1569698.4691318108,5303042.233174927,11047.27544840809
1570218.9545421097,5304477.392665949,10545.172018934994,0.7830171985202492,1569882.5600919938,5304074.967366265,10043.068589461902,1570311.0000222013,5304993.759761618,10043.068589461902,1570555.348992226,5304879.817965633,11047.27544840809,1570126.9090620184,5303961.02557028,11047.27544840809
1570647.3944723175,5305396.185061302,10545.172018934994,1.4628458409338363,1570311.0000222013,5304993.759761618,10043.068589461902,1570739.439952409,5305912.552156971,10043.068589461902,1570983.7889224337,5305798.610360987,11047.27544840809,1570555.348992226,5304879.817965633,11047.27544840809
1571075.834402525,5306314.977456654,10545.172018934994,1.531095424850263,1570739.439952409,5305912.552156971,10043.068589461902,1571167.8798826167,5306831.344552323,10043.068589461902,1571412.2288526413,5306717.402756339,11047.27544840809,1570983.7889224337,5305798.610360987,11047.27544840809
1571504.2743327327,5307233.769852008,10545.172018934994,1.8739621584994421,1571167.8798826167,5306831.344552323,10043.068589461902,1571596.3198128243,5307750.136947677,10043.068589461902,1571840.6687828489,5307636.195151692,11047.27544840809,1571412.2288526413,5306717.402756339,11047.27544840809
1571932.7142629405,5308152.562247361,10545.172018934994,2.621022981504494,1571596.3198128243,5307750.136947677,10043.068589461902,1572024.7597430318,5308668.92934303,10043.068589461902,1572269.1087130564,5308554.987547046,11047.27544840809,1571840.6687828489,5307636.195151692,11047.27544840809
1572361.1541931482,5309071.354642714,10545.172018934994,1.8814094262223802,1572024.7597430318,5308668.92934303,10043.068589461902,1572453.1996732396,5309587.721738382,10043.068589461902,1572697.548643264,5309473.779942398,11047.27544840809,1572269.1087130564,5308554.987547046,11047.27544840809
1572789.5941233556,5309990.147038067,10545.172018934994,1.8398399822701197,1572453.1996732396,5309587.721738382,10043.068589461902,1572881.6396034472,5310506.514133736,10043.068589461902,1573125.9885734715,5310392.57233775,11047.27544840809,1572697.548643264,5309473.779942398,11047.27544840809
1573218.0340535634,5310908.93943342,10545.172018934994,3.8473183037151344,1572881.6396034472,5310506.514133736,10043.068589461902,1573310.0795336547,5311425.306529089,10043.068589461902,1573554.4285036793,5311311.364733104,11047.27544840809,1573125.9885734715,5310392.57233775,11047.27544840809
1573646.473983771,5311827.731828772,10545.172018934994,3.096551986204474,1573310.0795336547,5311425.306529089,10043.068589461902,1573738.5194638625,5312344.098924442,10043.068589461902,1573982.868433887,5312230.157128457,11047.27544840809,1573554.4285036793,5311311.364733104,11047.27544840809
1574074.9139139787,5312746.524224126,10545.172018934994,2.0684329941809887,1573738.5194638625,5312344.098924442,10043.068589461902,1574166.95939407,5313262.891319794,10043.068589461902,1574411.3083640947,5313148.94952381,11047.27544840809,1573982.868433887,5312230.157128457,11047.27544840809
1574503.3538441863,5313665.316619478,10545.172018934994,2.448509146625262,1574166.95939407,5313262.891319794,10043.068589461902,1574595.3993242779,5314181.683715147,10043.068589461902,1574839.7482943023,5314067.741919163,11047.27544840809,1574411.3083640947,5313148.94952381,11047.27544840809
1574931.793774394,5314584.1090148315,10545.172018934994,3.0469702386774884,1574595.3993242779,5314181.683715147,10043.068589461902,1575023.8392544854,5315100.4761105,10043.068589461902,1575268.1882245098,5314986.534314516,11047.27544840809,1574839.7482943023,5314067.741919163,11047.27544840809
1575360.2337046014,5315502.901410185,10545.172018934994,2.2569466680822754,1575023.8392544854,5315100.4761105,10043.068589461902,1575452.279184693,5316019.268505853,10043.068589461902,1575696.6281547174,5315905.326709868,11047.27544840809,1575268.1882245098,5314986.534314516,11047.27544840809
1575788.6736348092,5316421.693805537,10545.172018934994,0.6828700613109939,1575452.279184693,5316019.268505853,10043.068589461902,1575880.7191149006,5316938.060901206,10043.068589461902,1576125.0680849252,5316824.119105221,11047.27544840809,1575696.6281547174,5315905.326709868,11047.27544840809
1576217.1135650168,5317340.4862008905,10545.172018934994,0.4198878547139756,1575880.7191149006,5316938.060901206,10043.068589461902,1576309.1590451084,5317856.853296559,10043.068589461902,1576553.5080151327,5317742.911500574,11047.27544840809,1576125.0680849252,5316824.119105221,11047.27544840809
1576645.5534952243,5318259.278596243,10545.172018934994,0.7156196858199815,1576309.1590451084,5317856.853296559,10043.068589461902,1576737.598975316,5318775.645691913,10043.068589461902,1576981.9479453403,5318661.703895927,11047.27544840809,1576553.5080151327,5317742.911500574,11047.27544840809
1577073.9934254321,5319178.070991595,10545.172018934994,0.9235454143845274,1576737.598975316,5318775.645691913,10043.068589461902,1577166.0389055235,5319694.438087265,10043.068589461902,1577410.387875548,5319580.49629128,11047.27544840809,1576981.9479453403,5318661.703895927,11047.27544840809
1569177.983721512,5301607.073683905,11549.378877881185,0.04905504178453087,1568841.5892713955,5301204.648384222,11047.27544840809,1569270.029201603,5302123.440779574,11047.27544840809,1569514.3781716283,5302009.498983589,12051.482307354281,1569085.9382414208,5301090.706588237,12051.482307354281
1569606.4236517195,5302525.866079258,11549.378877881185,0.1263034976711575,1569270.029201603,5302123.440779574,11047.27544840809,1569698.4691318108,5303042.233174927,11047.27544840809,1569942.8181018361,5302928.291378942,12051.482307354281,1569514.3781716283,5302009.498983589,12051.482307354281
1570034.8635819273,5303444.658474611,11549.378877881185,0.07879891416921425,1569698.4691318108,5303042.233174927,11047.27544840809,1570126.9090620184,5303961.02557028,11047.27544840809,1570371.2580320437,5303847.083774296,12051.482307354281,1569942.8181018361,5302928.291378942,12051.482307354281
1570463.3035121346,5304363.450869964,11549.378877881185,0.533045476832922,1570126.9090620184,5303961.02557028,11047.27544840809,1570555.348992226,5304879.817965633,11047.27544840809,1570799.6979622513,5304765.876169648,12051.482307354281,1570371.2580320437,5303847.083774296,12051.482307354281
1570891.7434423424,5305282.243265318,11549.378877881185,1.238440738472669,1570555.348992226,5304879.817965633,11047.27544840809,1570983.7889224337,5305798.610360987,11047.27544840809,1571228.137892459,5305684.668565,12051.482307354281,1570799.6979622513,5304765.876169648,12051.482307354281
1571320.1833725502,5306201.03566067,11549.378877881185,2.061070848835928,1570983.7889224337,5305798.610360987,11047.27544840809,1571412.2288526413,5306717.402756339,11047.27544840809,1571656.5778226666,5306603.460960354,12051.482307354281,1571228.137892459,5305684.668565,12051.482307354281
1571748.6233027575,5307119.8280560225,11549.378877881185,2.3492279203629645,1571412.2288526413,5306717.402756339,11047.27544840809,1571840.6687828489,5307636.195151692,11047.27544840809,1572085.0177528742,5307522.253355707,12051.482307354281,1571656.5778226666,5306603.460960354,12051.482307354281
1572177.0632329653,5308038.620451376,11549.378877881185,3.4893557808028355,1571840.6687828489,5307636.195151692,11047.27544840809,1572269.1087130564,5308554.987547046,11047.27544840809,1572513.457683082,5308441.04575106,12051.482307354281,1572085.0177528742,5307522.253355707,12051.482307354281
1572605.503163173,5308957.412846729,11549.378877881185,4.599169811232852,1572269.1087130564,5308554.987547046,11047.27544840809,1572697.548643264,5309473.779942398,11047.27544840809,1572941.8976132895,5309359.838146413,12051.482307354281,1572513.457683082,5308441.04575106,12051.482307354281
1573033.9430933804,5309876.205242082,11549.378877881185,4.750266717794677,1572697.548643264,5309473.779942398,11047.27544840809,1573125.9885734715,5310392.57233775,11047.27544840809,1573370.337543497,5310278.630541766,12051.482307354281,1572941.8976132895,5309359.838146413,12051.482307354281
1573462.3830235882,5310794.997637435,11549.378877881185,3.606558028605279,1573125.9885734715,5310392.57233775,11047.27544840809,1573554.4285036793,5311311.364733104,11047.27544840809,1573798.777473705,5311197.422937119,12051.482307354281,1573370.337543497,5310278.630541766,12051.482307354281
1573890.822953796,5311713.790032788,11549.378877881185,3.1758022782437227,1573554.4285036793,5311311.364733104,11047.27544840809,1573982.868433887,5312230.157128457,11047.27544840809,1574227.2174039125,5312116.215332471,12051.482307354281,1573798.777473705,5311197.422937119,12051.482307354281
1574319.2628840036,5312632.582428141,11549.378877881185,2.6393865822430675,1573982.868433887,5312230.157128457,11047.27544840809,1574411.3083640947,5313148.94952381,11047.27544840809,1574655.6573341202,5313035.007727824,12051.482307354281,1574227.2174039125,5312116.215332471,12051.482307354281
1574747.7028142111,5313551.374823494,11549.378877881185,3.6427318454466593,1574411.3083640947,5313148.94952381,11047.27544840809,1574839.7482943023,5314067.741919163,11047.27544840809,1575084.0972643278,5313953.8001231775,12051.482307354281,1574655.6573341202,5313035.007727824,12051.482307354281
1575176.142744419,5314470.167218846,11549.378877881185,3.2342618606256863,1574839.7482943023,5314067.741919163,11047.27544840809,1575268.1882245098,5314986.534314516,11047.27544840809,1575512.5371945354,5314872.592518531,12051.482307354281,1575084.0972643278,5313953.8001231775,12051.482307354281
1575604.5826746263,5315388.959614199,11549.378877881185,2.6713570295362077,1575268.1882245098,5314986.534314516,11047.27544840809,1575696.6281547174,5315905.326709868,11047.27544840809,1575940.977124743,5315791.384913883,12051.482307354281,1575512.5371945354,5314872.592518531,12051.482307354281
1576033.022604834,5316307.752009552,11549.378877881185,0.6252814724060686,1575696.6281547174,5315905.326709868,11047.27544840809,1576125.0680849252,5316824.119105221,11047.27544840809,1576369.4170549507,5316710.1773092365,12051.482307354281,1575940.977124743,5315791.384913883,12051.482307354281
1576461.4625350419,5317226.544404905,11549.378877881185,0.3452827117690156,1576125.0680849252,5316824.119105221,11047.27544840809,1576553.5080151327,5317742.911500574,11047.27544840809,1576797.8569851583,5317628.96970459,12051.482307354281,1576369.4170549507,5316710.1773092365,12051.482307354281
1576889.9024652492,5318145.336800258,11549.378877881185,1.1027148137140717,1576553.5080151327,5317742.911500574,11047.27544840809,1576981.9479453403,5318661.703895927,11047.27544840809,1577226.2969153658,5318547.762099942,12051.482307354281,1576797.8569851583,5317628.96970459,12051.482307354281
1577318.342395457,5319064.129195611,11549.378877881185,0.67556269769897,1576981.9479453403,5318661.703895927,11047.27544840809,1577410.387875548,5319580.49629128,11047.27544840809,1577654.7368455736,5319466.554495295,12051.482307354281,1577226.2969153658,5318547.762099942,12051.482307354281
1569422.332691537,5301493.131887921,12553.585736827376,0.011156779399129827,1569085.9382414208,5301090.706588237,12051.482307354281,1569514.3781716283,5302009.498983589,12051.482307354281,1569758.727141653,5301895.557187605,13055.689166300472,1569330.2872114452,5300976.764792251,13055.689166300472
1569850.7726217448,5302411.924283273,12553.585736827376,0.0366569897966598,1569514.3781716283,5302009.498983589,12051.482307354281,1569942.8181018361,5302928.291378942,12051.482307354281,1570187.1670718605,5302814.349582957,13055.689166300472,1569758.727141653,5301895.557187605,13055.689166300472
1570279.2125519523,5303330.716678626,12553.585736827376,0.04103528604114413,1569942.8181018361,5302928.291378942,12051.482307354281,1570371.2580320437,5303847.083774296,12051.482307354281,1570615.607002068,5303733.14197831,13055.689166300472,1570187.1670718605,5302814.349582957,13055.689166300472
1570707.6524821597,5304249.509073979,12553.585736827376,0.15152182819806737,1570371.2580320437,5303847.083774296,12051.482307354281,1570799.6979622513,5304765.876169648,12051.482307354281,1571044.0469322759,5304651.934373664,13055.689166300472,1570615.607002068,5303733.14197831,13055.689166300472
1571136.0924123675,5305168.301469333,12553.585736827376,0.797897405858826,1570799.6979622513,5304765.876169648,12051.482307354281,1571228.137892459,5305684.668565,12051.482307354281,1571472.4868624834,5305570.726769016,13055.689166300472,1571044.0469322759,5304651.934373664,13055.689166300472
1571564.5323425753,5306087.093864685,12553.585736827376,2.152753863675098,1571228.137892459,5305684.668565,12051.482307354281,1571656.5778226666,5306603.460960354,12051.482307354281,1571900.926792691,5306489.519164369,13055.689166300472,1571472.4868624834,5305570.726769016,13055.689166300472
1571992.9722727828,5307005.886260038,12553.585736827376,2.283137637128701,1571656.5778226666,5306603.460960354,12051.482307354281,1572085.0177528742,5307522.253355707,12051.482307354281,1572329.3667228988,5307408.311559722,13055.689166300472,1571900.926792691,5306489.519164369,13055.689166300472
1572421.4122029904,5307924.678655392,12553.585736827376,3.280412645939595,1572085.0177528742,5307522.253355707,12051.482307354281,1572513.457683082,5308441.04575106,12051.482307354281,1572757.8066531064,5308327.103955075,13055.689166300472,1572329.3667228988,5307408.311559722,13055.689166300472
1572849.852133198,5308843.471050744,12553.585736827376,3.4206288810392165,1572513.457683082,5308441.04575106,12051.482307354281,1572941.8976132895,5309359.838146413,12051.482307354281,1573186.246583314,5309245.8963504275,13055.689166300472,1572757.8066531064,5308327.103955075,13055.689166300472
1573278.2920634053,5309762.263446096,12553.585736827376,4.214142619050309,1572941.8976132895,5309359.838146413,12051.482307354281,1573370.337543497,5310278.630541766,12051.482307354281,1573614.6865135217,5310164.688745781,13055.689166300472,1573186.246583314,5309245.8963504275,13055.689166300472
1573706.731993613,5310681.05584145,12553.585736827376,3.9387548577145135,1573370.337543497,5310278.630541766,12051.482307354281,1573798.777473705,5311197.422937119,12051.482307354281,1574043.1264437293,5311083.481141134,13055.689166300472,1573614.6865135217,5310164.688745781,13055.689166300472
1574135.1719238209,5311599.848236803,12553.585736827376,2.679594146604701,1573798.777473705,5311197.422937119,12051.482307354281,1574227.2174039125,5312116.215332471,12051.482307354281,1574471.566373937,5312002.2735364875,13055.689166300472,1574043.1264437293,5311083.481141134,13055.689166300472
1574563.6118540284,5312518.640632155,12553.585736827376,2.5276757190820645,1574227.2174039125,5312116.215332471,12051.482307354281,1574655.6573341202,5313035.007727824,12051.482307354281,1574900.0063041446,5312921.06593184,13055.689166300472,1574471.566373937,5312002.2735364875,13055.689166300472
1574992.0517842362,5313437.433027509,12553.585736827376,3.24622957704609,1574655.6573341202,5313035.007727824,12051.482307354281,1575084.0972643278,5313953.8001231775,12051.482307354281,1575328.4462343522,5313839.858327193,13055.689166300472,1574900.0063041446,5312921.06593184,13055.689166300472
1575420.4917144438,5314356.225422862,12553.585736827376,4.761064692387759,1575084.0972643278,5313953.8001231775,12051.482307354281,1575512.5371945354,5314872.592518531,12051.482307354281,1575756.88616456,5314758.650722546,13055.689166300472,1575328.4462343522,5313839.858327193,13055.689166300472
1575848.931644651,5315275.017818214,12553.585736827376,2.261079833109804,1575512.5371945354,5314872.592518531,12051.482307354281,1575940.977124743,5315791.384913883,12051.482307354281,1576185.3260947675,5315677.443117898,13055.689166300472,1575756.88616456,5314758.650722546,13055.689166300472
1576277.371574859,5316193.810213568,12553.585736827376,0.7778011891486114,1575940.977124743,5315791.384913883,12051.482307354281,1576369.4170549507,5316710.1773092365,12051.482307354281,1576613.766024975,5316596.235513251,13055.689166300472,1576185.3260947675,5315677.443117898,13055.689166300472
1576705.8115050667,5317112.60260892,12553.585736827376,0.3866419153565289,1576369.4170549507,5316710.1773092365,12051.482307354281,1576797.8569851583,5317628.96970459,12051.482307354281,1577042.2059551827,5317515.027908605,13055.689166300472,1576613.766024975,5316596.235513251,13055.689166300472
1577134.2514352743,5318031.395004272,12553.585736827376,0.4268412302153572,1576797.8569851583,5317628.96970459,12051.482307354281,1577226.2969153658,5318547.762099942,12051.482307354281,1577470.6458853905,5318433.820303957,13055.689166300472,1577042.2059551827,5317515.027908605,13055.689166300472
1577562.6913654818,5318950.187399626,12553.585736827376,0.41116432704587785,1577226.2969153658,5318547.762099942,12051.482307354281,1577654.7368455736,5319466.554495295,12051.482307354281,1577899.085815598,5319352.61269931,13055.689166300472,1577470.6458853905,5318433.820303957,13055.689166300472
1569666.6816615614,5301379.190091936,13557.792595773566,0.00331993905269582,1569330.2872114452,5300976.764792251,13055.689166300472,1569758.727141653,5301895.557187605,13055.689166300472,1570003.0761116776,5301781.61539162,14059.89602524666,1569574.63618147,5300862.822996267,14059.89602524666
1570095.121591769,5302297.982487288,13557.792595773566,0.029238227250297958,1569758.727141653,5301895.557187605,13055.689166300472,1570187.1670718605,5302814.349582957,13055.689166300472,1570431.5160418851,5302700.407786973,14059.89602524666,1570003.0761116776,5301781.61539162,14059.89602524666
1570523.5615219767,5303216.774882642,13557.792595773566,0.08321214359316703,1570187.1670718605,5302814.349582957,13055.689166300472,1570615.607002068,5303733.14197831,13055.689166300472,1570859.955972093,5303619.200182325,14059.89602524666,1570431.5160418851,5302700.407786973,14059.89602524666
1570952.0014521845,5304135.567277995,13557.792595773566,0.1041553782957743,1570615.607002068,5303733.14197831,13055.689166300472,1571044.0469322759,5304651.934373664,13055.689166300472,1571288.3959023005,5304537.9925776785,14059.89602524666,1570859.955972093,5303619.200182325,14059.89602524666
1571380.4413823918,5305054.359673347,13557.792595773566,0.2159176782845172,1571044.0469322759,5304651.934373664,13055.689166300472,1571472.4868624834,5305570.726769016,13055.689166300472,1571716.835832508,5305456.784973032,14059.89602524666,1571288.3959023005,5304537.9925776785,14059.89602524666
1571808.8813125996,5305973.1520687,13557.792595773566,1.1778894140230451,1571472.4868624834,5305570.726769016,13055.689166300472,1571900.926792691,5306489.519164369,13055.689166300472,1572145.2757627158,5306375.577368384,14059.89602524666,1571716.835832508,5305456.784973032,14059.89602524666
1572237.3212428072,5306891.944464053,13557.792595773566,2.180659593502286,1571900.926792691,5306489.519164369,13055.689166300472,1572329.3667228988,5307408.311559722,13055.689166300472,1572573.7156929234,5307294.369763738,14059.89602524666,1572145.2757627158,5306375.577368384,14059.89602524666
1572665.761173015,5307810.736859406,13557.792595773566,2.433009991346352,1572329.3667228988,5307408.311559722,13055.689166300472,1572757.8066531064,5308327.103955075,13055.689166300472,1573002.1556231312,5308213.162159091,14059.89602524666,1572573.7156929234,5307294.369763738,14059.89602524666
1573094.2011032226,5308729.52925476,13557.792595773566,1.8302571757707125,1572757.8066531064,5308327.103955075,13055.689166300472,1573186.246583314,5309245.8963504275,13055.689166300472,1573430.5955533388,5309131.954554443,14059.89602524666,1573002.1556231312,5308213.162159091,14059.89602524666
1573522.6410334304,5309648.321650112,13557.792595773566,2.7612173925399994,1573186.246583314,5309245.8963504275,13055.689166300472,1573614.6865135217,5310164.688745781,13055.689166300472,1573859.0354835463,5310050.746949797,14059.89602524666,1573430.5955533388,5309131.954554443,14059.89602524666
1573951.0809636377,5310567.114045465,13557.792595773566,3.33932801156267,1573614.6865135217,5310164.688745781,13055.689166300472,1574043.1264437293,5311083.481141134,13055.689166300472,1574287.4754137541,5310969.539345149,14059.89602524666,1573859.0354835463,5310050.746949797,14059.89602524666
1574379.5208938455,5311485.906440819,13557.792595773566,2.5846276707712925,1574043.1264437293,5311083.481141134,13055.689166300472,1574471.566373937,5312002.2735364875,13055.689166300472,1574715.9153439617,5311888.331740502,14059.89602524666,1574287.4754137541,5310969.539345149,14059.89602524666
1574807.9608240533,5312404.698836171,13557.792595773566,1.7168162188473521,1574471.566373937,5312002.2735364875,13055.689166300472,1574900.0063041446,5312921.06593184,13055.689166300472,1575144.3552741692,5312807.124135855,14059.89602524666,1574715.9153439617,5311888.331740502,14059.89602524666
1575236.4007542608,5313323.491231523,13557.792595773566,2.678029324374984,1574900.0063041446,5312921.06593184,13055.689166300472,1575328.4462343522,5313839.858327193,13055.689166300472,1575572.7952043768,5313725.916531208,14059.89602524666,1575144.3552741692,5312807.124135855,14059.89602524666
1575664.8406844686,5314242.283626877,13557.792595773566,2.2647711658374052,1575328.4462343522,5313839.858327193,13055.689166300472,1575756.88616456,5314758.650722546,13055.689166300472,1576001.2351345844,5314644.708926561,14059.89602524666,1575572.7952043768,5313725.916531208,14059.89602524666
1576093.2806146762,5315161.076022229,13557.792595773566,1.3116216458279049,1575756.88616456,5314758.650722546,13055.689166300472,1576185.3260947675,5315677.443117898,13055.689166300472,1576429.675064792,5315563.501321914,14059.89602524666,1576001.2351345844,5314644.708926561,14059.89602524666
1576521.7205448835,5316079.8684175825,13557.792595773566,0.4408672821215452,1576185.3260947675,5315677.443117898,13055.689166300472,1576613.766024975,5316596.235513251,13055.689166300472,1576858.1149949995,5316482.293717267,14059.89602524666,1576429.675064792,5315563.501321914,14059.89602524666
1576950.1604750913,5316998.660812936,13557.792595773566,0.3788420626929918,1576613.766024975,5316596.235513251,13055.689166300472,1577042.2059551827,5317515.027908605,13055.689166300472,1577286.5549252073,5317401.08611262,14059.89602524666,1576858.1149949995,5316482.293717267,14059.89602524666
1577378.6004052989,5317917.453208289,13557.792595773566,0.1604755380878887,1577042.2059551827,5317515.027908605,13055.689166300472,1577470.6458853905,5318433.820303957,13055.689166300472,1577714.9948554148,5318319.878507973,14059.89602524666,1577286.5549252073,5317401.08611262,14059.89602524666
1577807.0403355067,5318836.2456036415,13557.792595773566,0.3896215732663412,1577470.6458853905,5318433.820303957,13055.689166300472,1577899.085815598,5319352.61269931,13055.689166300472,1578143.4347856224,5319238.670903325,14059.89602524666,1577714.9948554148,5318319.878507973,14059.89602524666
1569911.030631586,5301265.248295951,14561.999454719757,0.03964692990572864,1569574.63618147,5300862.822996267,14059.89602524666,1570003.0761116776,5301781.61539162,14059.89602524666,1570247.425081702,5301667.673595635,15064.102884192853,1569818.9851514944,5300748.881200282,15064.102884192853
1570339.4705617935,5302184.040691303,14561.999454719757,0.04954354251260411,1570003.0761116776,5301781.61539162,14059.89602524666,1570431.5160418851,5302700.407786973,14059.89602524666,1570675.8650119097,5302586.465990988,15064.102884192853,1570247.425081702,5301667.673595635,15064.102884192853
1570767.910492001,5303102.833086656,14561.999454719757,0.1650273655447372,1570431.5160418851,5302700.407786973,14059.89602524666,1570859.955972093,5303619.200182325,14059.89602524666,1571104.3049421173,5303505.258386341,15064.102884192853,1570675.8650119097,5302586.465990988,15064.102884192853
1571196.350422209,5304021.62548201,14561.999454719757,0.15044948814089018,1570859.955972093,5303619.200182325,14059.89602524666,1571288.3959023005,5304537.9925776785,14059.89602524666,1571532.7448723249,5304424.050781694,15064.102884192853,1571104.3049421173,5303505.258386341,15064.102884192853
1571624.7903524162,5304940.417877363,14561.999454719757,0.1985211427652303,1571288.3959023005,5304537.9925776785,14059.89602524666,1571716.835832508,5305456.784973032,14059.89602524666,1571961.1848025327,5305342.843177048,15064.102884192853,1571532.7448723249,5304424.050781694,15064.102884192853
1572053.230282624,5305859.210272715,14561.999454719757,0.7011544286364173,1571716.835832508,5305456.784973032,14059.89602524666,1572145.2757627158,5306375.577368384,14059.89602524666,1572389.6247327402,5306261.635572399,15064.102884192853,1571961.1848025327,5305342.843177048,15064.102884192853
1572481.6702128318,5306778.002668069,14561.999454719757,1.4076299884510004,1572145.2757627158,5306375.577368384,14059.89602524666,1572573.7156929234,5307294.369763738,14059.89602524666,1572818.064662948,5307180.427967752,15064.102884192853,1572389.6247327402,5306261.635572399,15064.102884192853
1572910.1101430394,5307696.795063422,14561.999454719757,1.4372608692734092,1572573.7156929234,5307294.369763738,14059.89602524666,1573002.1556231312,5308213.162159091,14059.89602524666,1573246.5045931556,5308099.220363106,15064.102884192853,1572818.064662948,5307180.427967752,15064.102884192853
1573338.5500732472,5308615.587458774,14561.999454719757,1.5129355281844679,1573002.1556231312,5308213.162159091,14059.89602524666,1573430.5955533388,5309131.954554443,14059.89602524666,1573674.9445233631,5309018.012758459,15064.102884192853,1573246.5045931556,5308099.220363106,15064.102884192853
1573766.9900034547,5309534.379854127,14561.999454719757,1.410690941333066,1573430.5955533388,5309131.954554443,14059.89602524666,1573859.0354835463,5310050.746949797,14059.89602524666,1574103.384453571,5309936.805153811,15064.102884192853,1573674.9445233631,5309018.012758459,15064.102884192853
1574195.4299336625,5310453.17224948,14561.999454719757,1.7505342216726483,1573859.0354835463,5310050.746949797,14059.89602524666,1574287.4754137541,5310969.539345149,14059.89602524666,1574531.8243837785,5310855.597549165,15064.102884192853,1574103.384453571,5309936.805153811,15064.102884192853
1574623.8698638699,5311371.9646448335,14561.999454719757,1.5432599971666328,1574287.4754137541,5310969.539345149,14059.89602524666,1574715.9153439617,5311888.331740502,14059.89602524666,1574960.264313986,5311774.389944518,15064.102884192853,1574531.8243837785,5310855.597549165,15064.102884192853
1575052.3097940776,5312290.757040187,14561.999454719757,1.4645048705027963,1574715.9153439617,5311888.331740502,14059.89602524666,1575144.3552741692,5312807.124135855,14059.89602524666,1575388.7042441939,5312693.18233987,15064.102884192853,1574960.264313986,5311774.389944518,15064.102884192853
1575480.7497242852,5313209.549435539,14561.999454719757,2.1411858310478977,1575144.3552741692,5312807.124135855,14059.89602524666,1575572.7952043768,5313725.916531208,14059.89602524666,1575817.1441744014,5313611.974735223,15064.102884192853,1575388.7042441939,5312693.18233987,15064.102884192853
1575909.1896544928,5314128.3418308925,14561.999454719757,1.9465621473551953,1575572.7952043768,5313725.916531208,14059.89602524666,1576001.2351345844,5314644.708926561,14059.89602524666,1576245.584104609,5314530.767130576,15064.102884192853,1575817.1441744014,5313611.974735223,15064.102884192853
1576337.6295847006,5315047.134226246,14561.999454719757,1.7549744750027954,1576001.2351345844,5314644.708926561,14059.89602524666,1576429.675064792,5315563.501321914,14059.89602524666,1576674.0240348165,5315449.559525928,15064.102884192853,1576245.584104609,5314530.767130576,15064.102884192853
1576766.069514908,5315965.926621597,14561.999454719757,0.755067570827598,1576429.675064792,5315563.501321914,14059.89602524666,1576858.1149949995,5316482.293717267,14059.89602524666,1577102.4639650243,5316368.351921282,15064.102884192853,1576674.0240348165,5315449.559525928,15064.102884192853
1577194.5094451157,5316884.719016951,14561.999454719757,0.38153357764564433,1576858.1149949995,5316482.293717267,14059.89602524666,1577286.5549252073,5317401.08611262,14059.89602524666,1577530.903895232,5317287.144316635,15064.102884192853,1577102.4639650243,5316368.351921282,15064.102884192853
1577622.9493753235,5317803.511412304,14561.999454719757,0.2787000358225168,1577286.5549252073,5317401.08611262,14059.89602524666,1577714.9948554148,5318319.878507973,14059.89602524666,1577959.3438254395,5318205.936711988,15064.102884192853,1577530.903895232,5317287.144316635,15064.102884192853
1578051.389305531,5318722.303807656,14561.999454719757,0.22455524251522338,1577714.9948554148,5318319.878507973,14059.89602524666,1578143.4347856224,5319238.670903325,14059.89602524666,1578387.7837556473,5319124.729107341,15064.102884192853,1577959.3438254395,5318205.936711988,15064.102884192853
