clon,clat,cdep,slip,lon1,lat1,dep1,lon2,lat2,dep2,lon3,lat3,dep3,lon4,lat4,dep4
1566061.9592490478,5304271.105041774,6803.02134833003,0.060597285570712305,1565724.413270747,5303874.653653648,6286.606460690867,1566148.6882593376,5304784.514302879,6286.606460690867,1566399.5052273485,5304667.5564299,7319.436235969195,1565975.230238758,5303757.695780668,7319.436235969195
1566486.2342376385,5305180.965691006,6803.02134833003,0.05479819697014077,1566148.6882593376,5304784.514302879,6286.606460690867,1566572.9632479283,5305694.37495211,6286.606460690867,1566823.7802159393,5305577.417079132,7319.436235969195,1566399.5052273485,5304667.5564299,7319.436235969195
1566910.509226229,5306090.826340237,6803.02134833003,0.9011845162185007,1566572.9632479283,5305694.37495211,6286.606460690867,1566997.2382365188,5306604.235601342,6286.606460690867,1567248.0552045298,5306487.277728364,7319.436235969195,1566823.7802159393,5305577.417079132,7319.436235969195
1567334.7842148195,5307000.6869894685,6803.02134833003,1.7597008383451875,1566997.2382365188,5306604.235601342,6286.606460690867,1567421.5132251095,5307514.096250574,6286.606460690867,1567672.3301931203,5307397.138377595,7319.436235969195,1567248.0552045298,5306487.277728364,7319.436235969195
1567759.05920341,5307910.5476387,6803.02134833003,1.61411583342947,1567421.5132251095,5307514.096250574,6286.606460690867,1567845.7882137,5308423.956899806,6286.606460690867,1568096.6051817108,5308306.999026827,7319.436235969195,1567672.3301931203,5307397.138377595,7319.436235969195
1568183.3341920006,5308820.408287932,6803.02134833003,1.1288605040895416,1567845.7882137,5308423.956899806,6286.606460690867,1568270.0632022906,5309333.817549037,6286.606460690867,1568520.8801703015,5309216.859676058,7319.436235969195,1568096.6051817108,5308306.999026827,7319.436235969195
1568607.6091805913,5309730.268937164,6803.02134833003,1.6928967310742742,1568270.0632022906,5309333.817549037,6286.606460690867,1568694.3381908813,5310243.678198269,6286.606460690867,1568945.155158892,5310126.72032529,7319.436235969195,1568520.8801703015,5309216.859676058,7319.436235969195
1569031.8841691818,5310640.129586395,6803.02134833003,1.6886170009890002,1568694.3381908813,5310243.678198269,6286.606460690867,1569118.6131794718,5311153.5388475,6286.606460690867,1569369.4301474828,5311036.580974522,7319.436235969195,1568945.155158892,5310126.72032529,7319.436235969195
1569456.1591577725,5311549.990235627,6803.02134833003,1.1837506010059782,1569118.6131794718,5311153.5388475,6286.606460690867,1569542.8881680625,5312063.399496732,6286.606460690867,1569793.7051360735,5311946.441623753,7319.436235969195,1569369.4301474828,5311036.580974522,7319.436235969195
1569880.434146363,5312459.8508848585,6803.02134833003,0.943935744578169,1569542.8881680625,5312063.399496732,6286.606460690867,1569967.163156653,5312973.260145964,6286.606460690867,1570217.9801246638,5312856.302272985,7319.436235969195,1569793.7051360735,5311946.441623753,7319.436235969195
1570304.7091349538,5313369.71153409,6803.02134833003,1.2921772518017052,1569967.163156653,5312973.260145964,6286.606460690867,1570391.4381452438,5313883.120795195,6286.606460690867,1570642.2551132545,5313766.162922217,7319.436235969195,1570217.9801246638,5312856.302272985,7319.436235969195
1570728.9841235445,5314279.572183322,6803.02134833003,1.3451517029294526,1570391.4381452438,5313883.120795195,6286.606460690867,1570815.7131338343,5314792.981444427,6286.606460690867,1571066.530101845,5314676.023571448,7319.436235969195,1570642.2551132545,5313766.162922217,7319.436235969195
1571153.2591121353,5315189.432832553,6803.02134833003,2.6087831468872036,1570815.7131338343,5314792.981444427,6286.606460690867,1571239.9881224248,5315702.842093659,6286.606460690867,1571490.8050904358,5315585.88422068,7319.436235969195,1571066.530101845,5314676.023571448,7319.436235969195
1571577.5341007255,5316099.293481785,6803.02134833003,1.0259274284483544,1571239.9881224248,5315702.842093659,6286.606460690867,1571664.2631110155,5316612.70274289,6286.606460690867,1571915.0800790263,5316495.744869911,7319.436235969195,1571490.8050904358,5315585.88422068,7319.436235969195
1572001.8090893163,5317009.154131017,6803.02134833003,0.327540615716102,1571664.2631110155,5316612.70274289,6286.606460690867,1572088.538099606,5317522.563392121,6286.606460690867,1572339.3550676168,5317405.605519143,7319.436235969195,1571915.0800790263,5316495.744869911,7319.436235969195
1572426.084077907,5317919.0147802485,6803.02134833003,1.816844601525769,1572088.538099606,5317522.563392121,6286.606460690867,1572512.8130881968,5318432.424041353,6286.606460690867,1572763.6300562075,5318315.466168375,7319.436235969195,1572339.3550676168,5317405.605519143,7319.436235969195
1572850.3590664973,5318828.87542948,6803.02134833003,2.302768269369251,1572512.8130881968,5318432.424041353,6286.606460690867,1572937.088076787,5319342.284690585,6286.606460690867,1573187.905044798,5319225.326817607,7319.436235969195,1572763.6300562075,5318315.466168375,7319.436235969195
1573274.6340550878,5319738.736078711,6803.02134833003,3.5938922948279046,1572937.088076787,5319342.284690585,6286.606460690867,1573361.3630653778,5320252.145339817,6286.606460690867,1573612.1800333885,5320135.187466838,7319.436235969195,1573187.905044798,5319225.326817607,7319.436235969195
1566312.7762170588,5304154.147168796,7835.851123608359,0.547320797330761,1565975.230238758,5303757.695780668,7319.436235969195,1566399.5052273485,5304667.5564299,7319.436235969195,1566650.3221953602,5304550.598556922,8352.266011247524,1566226.0472067697,5303640.73790769,8352.266011247524
1566737.0512056495,5305064.0078180265,7835.851123608359,0.15133594090806565,1566399.5052273485,5304667.5564299,7319.436235969195,1566823.7802159393,5305577.417079132,7319.436235969195,1567074.5971839507,5305460.459206154,8352.266011247524,1566650.3221953602,5304550.598556922,8352.266011247524
1567161.3261942402,5305973.868467258,7835.851123608359,0.5147831858082511,1566823.7802159393,5305577.417079132,7319.436235969195,1567248.0552045298,5306487.277728364,7319.436235969195,1567498.8721725415,5306370.3198553845,8352.266011247524,1567074.5971839507,5305460.459206154,8352.266011247524
1567585.6011828308,5306883.72911649,7835.851123608359,1.3071466966069893,1567248.0552045298,5306487.277728364,7319.436235969195,1567672.3301931203,5307397.138377595,7319.436235969195,1567923.147161132,5307280.180504616,8352.266011247524,1567498.8721725415,5306370.3198553845,8352.266011247524
1568009.8761714215,5307793.589765722,7835.851123608359,1.3833185453747672,1567672.3301931203,5307397.138377595,7319.436235969195,1568096.6051817108,5308306.999026827,7319.436235969195,1568347.4221497227,5308190.041153848,8352.266011247524,1567923.147161132,5307280.180504616,8352.266011247524
1568434.151160012,5308703.450414954,7835.851123608359,1.152399485469863,1568096.6051817108,5308306.999026827,7319.436235969195,1568520.8801703015,5309216.859676058,7319.436235969195,1568771.6971383132,5309099.90180308,8352.266011247524,1568347.4221497227,5308190.041153848,8352.266011247524
1568858.4261486027,5309613.311064185,7835.851123608359,1.0582317421753145,1568520.8801703015,5309216.859676058,7319.436235969195,1568945.155158892,5310126.72032529,7319.436235969195,1569195.9721269037,5310009.762452312,8352.266011247524,1568771.6971383132,5309099.90180308,8352.266011247524
1569282.7011371932,5310523.171713416,7835.851123608359,1.9174355583875133,1568945.155158892,5310126.72032529,7319.436235969195,1569369.4301474828,5311036.580974522,7319.436235969195,1569620.2471154942,5310919.623101542,8352.266011247524,1569195.9721269037,5310009.762452312,8352.266011247524
1569706.976125784,5311433.032362648,7835.851123608359,2.8299113911501963,1569369.4301474828,5311036.580974522,7319.436235969195,1569793.7051360735,5311946.441623753,7319.436235969195,1570044.522104085,5311829.4837507745,8352.266011247524,1569620.2471154942,5310919.623101542,8352.266011247524
1570131.2511143743,5312342.89301188,7835.851123608359,2.2339300036791196,1569793.7051360735,5311946.441623753,7319.436235969195,1570217.9801246638,5312856.302272985,7319.436235969195,1570468.7970926757,5312739.344400006,8352.266011247524,1570044.522104085,5311829.4837507745,8352.266011247524
1570555.526102965,5313252.753661111,7835.851123608359,2.4209203042569793,1570217.9801246638,5312856.302272985,7319.436235969195,1570642.2551132545,5313766.162922217,7319.436235969195,1570893.0720812662,5313649.205049237,8352.266011247524,1570468.7970926757,5312739.344400006,8352.266011247524
1570979.8010915555,5314162.614310343,7835.851123608359,1.6929539303708787,1570642.2551132545,5313766.162922217,7319.436235969195,1571066.530101845,5314676.023571448,7319.436235969195,1571317.347069857,5314559.06569847,8352.266011247524,1570893.0720812662,5313649.205049237,8352.266011247524
1571404.0760801462,5315072.474959575,7835.851123608359,1.2558845981246387,1571066.530101845,5314676.023571448,7319.436235969195,1571490.8050904358,5315585.88422068,7319.436235969195,1571741.6220584472,5315468.926347701,8352.266011247524,1571317.347069857,5314559.06569847,8352.266011247524
1571828.3510687368,5315982.335608806,7835.851123608359,0.7047163157099062,1571490.8050904358,5315585.88422068,7319.436235969195,1571915.0800790263,5316495.744869911,7319.436235969195,1572165.897047038,5316378.786996932,8352.266011247524,1571741.6220584472,5315468.926347701,8352.266011247524
1572252.6260573275,5316892.196258038,7835.851123608359,0.3872127232157033,1571915.0800790263,5316495.744869911,7319.436235969195,1572339.3550676168,5317405.605519143,7319.436235969195,1572590.1720356285,5317288.647646164,8352.266011247524,1572165.897047038,5316378.786996932,8352.266011247524
1572676.9010459182,5317802.056907269,7835.851123608359,0.8254777869697132,1572339.3550676168,5317405.605519143,7319.436235969195,1572763.6300562075,5318315.466168375,7319.436235969195,1573014.4470242192,5318198.508295395,8352.266011247524,1572590.1720356285,5317288.647646164,8352.266011247524
1573101.1760345087,5318711.917556501,7835.851123608359,1.3156871271412383,1572763.6300562075,5318315.466168375,7319.436235969195,1573187.905044798,5319225.326817607,7319.436235969195,1573438.7220128097,5319108.368944627,8352.266011247524,1573014.4470242192,5318198.508295395,8352.266011247524
1573525.4510230992,5319621.778205733,7835.851123608359,2.902389249162971,1573187.905044798,5319225.326817607,7319.436235969195,1573612.1800333885,5320135.187466838,7319.436235969195,1573862.9970014005,5320018.229593858,8352.266011247524,1573438.7220128097,5319108.368944627,8352.266011247524
1566563.5931850704,5304037.189295816,8868.680898886687,0.8321071210532546,1566226.0472067697,5303640.73790769,8352.266011247524,1566650.3221953602,5304550.598556922,8352.266011247524,1566901.139163371,5304433.640683943,9385.095786525852,1566476.8641747804,5303523.780034712,9385.095786525852
1566987.868173661,5304947.049945048,8868.680898886687,1.3548874499741983,1566650.3221953602,5304550.598556922,8352.266011247524,1567074.5971839507,5305460.459206154,8352.266011247524,1567325.4141519617,5305343.501333174,9385.095786525852,1566901.139163371,5304433.640683943,9385.095786525852
1567412.1431622517,5305856.91059428,8868.680898886687,1.275577876364891,1567074.5971839507,5305460.459206154,8352.266011247524,1567498.8721725415,5306370.3198553845,8352.266011247524,1567749.6891405522,5306253.361982406,9385.095786525852,1567325.4141519617,5305343.501333174,9385.095786525852
1567836.4181508417,5306766.771243512,8868.680898886687,1.62526253056347,1567498.8721725415,5306370.3198553845,8352.266011247524,1567923.147161132,5307280.180504616,8352.266011247524,1568173.964129143,5307163.222631638,9385.095786525852,1567749.6891405522,5306253.361982406,9385.095786525852
1568260.6931394325,5307676.631892743,8868.680898886687,0.8982077684869891,1567923.147161132,5307280.180504616,8352.266011247524,1568347.4221497227,5308190.041153848,8352.266011247524,1568598.2391177334,5308073.08328087,9385.095786525852,1568173.964129143,5307163.222631638,9385.095786525852
1568684.9681280232,5308586.492541974,8868.680898886687,0.7293293020985618,1568347.4221497227,5308190.041153848,8352.266011247524,1568771.6971383132,5309099.90180308,8352.266011247524,1569022.514106324,5308982.943930101,9385.095786525852,1568598.2391177334,5308073.08328087,9385.095786525852
1569109.243116614,5309496.353191206,8868.680898886687,1.2802831955463814,1568771.6971383132,5309099.90180308,8352.266011247524,1569195.9721269037,5310009.762452312,8352.266011247524,1569446.7890949147,5309892.8045793325,9385.095786525852,1569022.514106324,5308982.943930101,9385.095786525852
1569533.5181052044,5310406.213840437,8868.680898886687,1.329135095247989,1569195.9721269037,5310009.762452312,8352.266011247524,1569620.2471154942,5310919.623101542,8352.266011247524,1569871.0640835052,5310802.665228563,9385.095786525852,1569446.7890949147,5309892.8045793325,9385.095786525852
1569957.7930937952,5311316.074489669,8868.680898886687,2.6225157510979016,1569620.2471154942,5310919.623101542,8352.266011247524,1570044.522104085,5311829.4837507745,8352.266011247524,1570295.339072096,5311712.525877796,9385.095786525852,1569871.0640835052,5310802.665228563,9385.095786525852
1570382.0680823857,5312225.935138901,8868.680898886687,2.34881835839406,1570044.522104085,5311829.4837507745,8352.266011247524,1570468.7970926757,5312739.344400006,8352.266011247524,1570719.6140606864,5312622.386527028,9385.095786525852,1570295.339072096,5311712.525877796,9385.095786525852
1570806.3430709764,5313135.795788133,8868.680898886687,0.2699241150279087,1570468.7970926757,5312739.344400006,8352.266011247524,1570893.0720812662,5313649.205049237,8352.266011247524,1571143.889049277,5313532.247176258,9385.095786525852,1570719.6140606864,5312622.386527028,9385.095786525852
1571230.618059567,5314045.6564373635,8868.680898886687,0.20727641805759464,1570893.0720812662,5313649.205049237,8352.266011247524,1571317.347069857,5314559.06569847,8352.266011247524,1571568.1640378677,5314442.107825491,9385.095786525852,1571143.889049277,5313532.247176258,9385.095786525852
1571654.8930481577,5314955.517086596,8868.680898886687,0.726542620751551,1571317.347069857,5314559.06569847,8352.266011247524,1571741.6220584472,5315468.926347701,8352.266011247524,1571992.4390264582,5315351.968474722,9385.095786525852,1571568.1640378677,5314442.107825491,9385.095786525852
1572079.168036748,5315865.377735827,8868.680898886687,0.5753409966825773,1571741.6220584472,5315468.926347701,8352.266011247524,1572165.897047038,5316378.786996932,8352.266011247524,1572416.7140150487,5316261.829123953,9385.095786525852,1571992.4390264582,5315351.968474722,9385.095786525852
1572503.4430253387,5316775.238385058,8868.680898886687,0.25149365557279074,1572165.897047038,5316378.786996932,8352.266011247524,1572590.1720356285,5317288.647646164,8352.266011247524,1572840.9890036394,5317171.689773185,9385.095786525852,1572416.7140150487,5316261.829123953,9385.095786525852
1572927.7180139292,5317685.09903429,8868.680898886687,0.21572266139917362,1572590.1720356285,5317288.647646164,8352.266011247524,1573014.4470242192,5318198.508295395,8352.266011247524,1573265.2639922302,5318081.550422416,9385.095786525852,1572840.9890036394,5317171.689773185,9385.095786525852
1573351.9930025197,5318594.959683522,8868.680898886687,0.7595308694368997,1573014.4470242192,5318198.508295395,8352.266011247524,1573438.7220128097,5319108.368944627,8352.266011247524,1573689.5389808204,5318991.411071648,9385.095786525852,1573265.2639922302,5318081.550422416,9385.095786525852
1573776.2679911104,5319504.8203327535,8868.680898886687,1.865204197556254,1573438.7220128097,5319108.368944627,8352.266011247524,1573862.9970014005,5320018.229593858,8352.266011247524,1574113.8139694112,5319901.27172088,9385.095786525852,1573689.5389808204,5318991.411071648,9385.095786525852
1566814.4101530812,5303920.231422838,9901.510674165018,0.6304171845721653,1566476.8641747804,5303523.780034712,9385.095786525852,1566901.139163371,5304433.640683943,9385.095786525852,1567151.956131382,5304316.682810964,10417.92556180418,1566727.6811427912,5303406.822161732,10417.92556180418
1567238.6851416717,5304830.09207207,9901.510674165018,1.1649286242243584,1566901.139163371,5304433.640683943,9385.095786525852,1567325.4141519617,5305343.501333174,9385.095786525852,1567576.2311199727,5305226.543460196,10417.92556180418,1567151.956131382,5304316.682810964,10417.92556180418
1567662.9601302622,5305739.9527213015,9901.510674165018,1.0607372569573128,1567325.4141519617,5305343.501333174,9385.095786525852,1567749.6891405522,5306253.361982406,9385.095786525852,1568000.5061085632,5306136.404109428,10417.92556180418,1567576.2311199727,5305226.543460196,10417.92556180418
1568087.235118853,5306649.813370532,9901.510674165018,0.24269478973703915,1567749.6891405522,5306253.361982406,9385.095786525852,1568173.964129143,5307163.222631638,9385.095786525852,1568424.7810971537,5307046.2647586595,10417.92556180418,1568000.5061085632,5306136.404109428,10417.92556180418
1568511.5101074437,5307559.674019764,9901.510674165018,0.1101815042414151,1568173.964129143,5307163.222631638,9385.095786525852,1568598.2391177334,5308073.08328087,9385.095786525852,1568849.0560857442,5307956.12540789,10417.92556180418,1568424.7810971537,5307046.2647586595,10417.92556180418
1568935.7850960342,5308469.534668996,9901.510674165018,0.807740530591644,1568598.2391177334,5308073.08328087,9385.095786525852,1569022.514106324,5308982.943930101,9385.095786525852,1569273.331074335,5308865.986057122,10417.92556180418,1568849.0560857442,5307956.12540789,10417.92556180418
1569360.060084625,5309379.395318228,9901.510674165018,1.5259074418477367,1569022.514106324,5308982.943930101,9385.095786525852,1569446.7890949147,5309892.8045793325,9385.095786525852,1569697.6060629254,5309775.846706354,10417.92556180418,1569273.331074335,5308865.986057122,10417.92556180418
1569784.3350732154,5310289.255967459,9901.510674165018,0.9984836650951879,1569446.7890949147,5309892.8045793325,9385.095786525852,1569871.0640835052,5310802.665228563,9385.095786525852,1570121.8810515162,5310685.707355585,10417.92556180418,1569697.6060629254,5309775.846706354,10417.92556180418
1570208.6100618062,5311199.11661669,9901.510674165018,0.6704728187764376,1569871.0640835052,5310802.665228563,9385.095786525852,1570295.339072096,5311712.525877796,9385.095786525852,1570546.1560401067,5311595.568004818,10417.92556180418,1570121.8810515162,5310685.707355585,10417.92556180418
1570632.8850503964,5312108.977265922,9901.510674165018,1.0846063184362724,1570295.339072096,5311712.525877796,9385.095786525852,1570719.6140606864,5312622.386527028,9385.095786525852,1570970.4310286972,5312505.428654049,10417.92556180418,1570546.1560401067,5311595.568004818,10417.92556180418
1571057.1600389872,5313018.837915154,9901.510674165018,0.7379104746668284,1570719.6140606864,5312622.386527028,9385.095786525852,1571143.889049277,5313532.247176258,9385.095786525852,1571394.706017288,5313415.2893032795,10417.92556180418,1570970.4310286972,5312505.428654049,10417.92556180418
1571481.4350275777,5313928.698564385,9901.510674165018,0.3307149930939701,1571143.889049277,5313532.247176258,9385.095786525852,1571568.1640378677,5314442.107825491,9385.095786525852,1571818.9810058784,5314325.149952512,10417.92556180418,1571394.706017288,5313415.2893032795,10417.92556180418
1571905.7100161684,5314838.559213618,9901.510674165018,0.5432230666321983,1571568.1640378677,5314442.107825491,9385.095786525852,1571992.4390264582,5315351.968474722,9385.095786525852,1572243.2559944692,5315235.010601743,10417.92556180418,1571818.9810058784,5314325.149952512,10417.92556180418
1572329.985004759,5315748.419862848,9901.510674165018,0.10947363304460042,1571992.4390264582,5315351.968474722,9385.095786525852,1572416.7140150487,5316261.829123953,9385.095786525852,1572667.5309830597,5316144.871250975,10417.92556180418,1572243.2559944692,5315235.010601743,10417.92556180418
1572754.2599933494,5316658.28051208,9901.510674165018,0.024899567877812893,1572416.7140150487,5316261.829123953,9385.095786525852,1572840.9890036394,5317171.689773185,9385.095786525852,1573091.8059716502,5317054.731900206,10417.92556180418,1572667.5309830597,5316144.871250975,10417.92556180418
1573178.5349819402,5317568.141161311,9901.510674165018,0.05382211881466517,1572840.9890036394,5317171.689773185,9385.095786525852,1573265.2639922302,5318081.550422416,9385.095786525852,1573516.080960241,5317964.592549438,10417.92556180418,1573091.8059716502,5317054.731900206,10417.92556180418
1573602.8099705307,5318478.001810543,9901.510674165018,0.45884587653172987,1573265.2639922302,5318081.550422416,9385.095786525852,1573689.5389808204,5318991.411071648,9385.095786525852,1573940.3559488314,5318874.4531986695,10417.92556180418,1573516.080960241,5317964.592549438,10417.92556180418
1574027.0849591212,5319387.862459775,9901.510674165018,1.1381462205688053,1573689.5389808204,5318991.411071648,9385.095786525852,1574113.8139694112,5319901.27172088,9385.095786525852,1574364.630937422,5319784.313847901,10417.92556180418,1573940.3559488314,5318874.4531986695,10417.92556180418
1567065.2271210924,5303803.273549859,10934.340449443343,1.553328134903052,1566727.6811427912,5303406.822161732,10417.92556180418,1567151.956131382,5304316.682810964,10417.92556180418,1567402.7730993936,5304199.724937985,11450.755337082508,1566978.498110803,5303289.864288753,11450.755337082508
1567489.5021096831,5304713.13419909,10934.340449443343,0.7748656444463822,1567151.956131382,5304316.682810964,10417.92556180418,1567576.2311199727,5305226.543460196,10417.92556180418,1567827.048087984,5305109.585587217,11450.755337082508,1567402.7730993936,5304199.724937985,11450.755337082508
1567913.7770982734,5305622.994848322,10934.340449443343,0.7950877526201877,1567576.2311199727,5305226.543460196,10417.92556180418,1568000.5061085632,5306136.404109428,10417.92556180418,1568251.3230765748,5306019.446236448,11450.755337082508,1567827.048087984,5305109.585587217,11450.755337082508
1568338.0520868641,5306532.855497554,10934.340449443343,0.16880494115795877,1568000.5061085632,5306136.404109428,10417.92556180418,1568424.7810971537,5307046.2647586595,10417.92556180418,1568675.5980651653,5306929.306885679,11450.755337082508,1568251.3230765748,5306019.446236448,11450.755337082508
1568762.3270754549,5307442.716146786,10934.340449443343,0.2735280000741771,1568424.7810971537,5307046.2647586595,10417.92556180418,1568849.0560857442,5307956.12540789,10417.92556180418,1569099.8730537558,5307839.167534911,11450.755337082508,1568675.5980651653,5306929.306885679,11450.755337082508
1569186.6020640454,5308352.576796018,10934.340449443343,0.48458899218159124,1568849.0560857442,5307956.12540789,10417.92556180418,1569273.331074335,5308865.986057122,10417.92556180418,1569524.1480423466,5308749.028184143,11450.755337082508,1569099.8730537558,5307839.167534911,11450.755337082508
1569610.877052636,5309262.4374452485,10934.340449443343,0.05968739682390867,1569273.331074335,5308865.986057122,10417.92556180418,1569697.6060629254,5309775.846706354,10417.92556180418,1569948.423030937,5309658.888833375,11450.755337082508,1569524.1480423466,5308749.028184143,11450.755337082508
1570035.1520412266,5310172.298094479,10934.340449443343,0.4401251620041453,1569697.6060629254,5309775.846706354,10417.92556180418,1570121.8810515162,5310685.707355585,10417.92556180418,1570372.6980195276,5310568.749482607,11450.755337082508,1569948.423030937,5309658.888833375,11450.755337082508
1570459.4270298174,5311082.158743711,10934.340449443343,0.6995404145311619,1570121.8810515162,5310685.707355585,10417.92556180418,1570546.1560401067,5311595.568004818,10417.92556180418,1570796.9730081183,5311478.610131837,11450.755337082508,1570372.6980195276,5310568.749482607,11450.755337082508
1570883.702018408,5311992.019392944,10934.340449443343,1.453092320603201,1570546.1560401067,5311595.568004818,10417.92556180418,1570970.4310286972,5312505.428654049,10417.92556180418,1571221.247996709,5312388.470781069,11450.755337082508,1570796.9730081183,5311478.610131837,11450.755337082508
1571307.9770069986,5312901.880042176,10934.340449443343,1.5936487627319587,1570970.4310286972,5312505.428654049,10417.92556180418,1571394.706017288,5313415.2893032795,10417.92556180418,1571645.5229852996,5313298.331430301,11450.755337082508,1571221.247996709,5312388.470781069,11450.755337082508
1571732.2519955891,5313811.740691406,10934.340449443343,0.604490732136661,1571394.706017288,5313415.2893032795,10417.92556180418,1571818.9810058784,5314325.149952512,10417.92556180418,1572069.7979738903,5314208.192079533,11450.755337082508,1571645.5229852996,5313298.331430301,11450.755337082508
1572156.5269841794,5314721.6013406385,10934.340449443343,0.10880767498158486,1571818.9810058784,5314325.149952512,10417.92556180418,1572243.2559944692,5315235.010601743,10417.92556180418,1572494.0729624806,5315118.052728765,11450.755337082508,1572069.7979738903,5314208.192079533,11450.755337082508
1572580.8019727701,5315631.461989869,10934.340449443343,0.010565177061391762,1572243.2559944692,5315235.010601743,10417.92556180418,1572667.5309830597,5316144.871250975,10417.92556180418,1572918.3479510713,5316027.913377996,11450.755337082508,1572494.0729624806,5315118.052728765,11450.755337082508
1573005.0769613606,5316541.322639101,10934.340449443343,0.00823998478225242,1572667.5309830597,5316144.871250975,10417.92556180418,1573091.8059716502,5317054.731900206,10417.92556180418,1573342.6229396618,5316937.774027227,11450.755337082508,1572918.3479510713,5316027.913377996,11450.755337082508
1573429.3519499514,5317451.183288333,10934.340449443343,0.052006478915699636,1573091.8059716502,5317054.731900206,10417.92556180418,1573516.080960241,5317964.592549438,10417.92556180418,1573766.8979282526,5317847.634676459,11450.755337082508,1573342.6229396618,5316937.774027227,11450.755337082508
1573853.626938542,5318361.043937564,10934.340449443343,0.08206488669546629,1573516.080960241,5317964.592549438,10417.92556180418,1573940.3559488314,5318874.4531986695,10417.92556180418,1574191.172916843,5318757.495325691,11450.755337082508,1573766.8979282526,5317847.634676459,11450.755337082508
1574277.9019271326,5319270.904586796,10934.340449443343,0.2275265863287005,1573940.3559488314,5318874.4531986695,10417.92556180418,1574364.630937422,5319784.313847901,10417.92556180418,1574615.4479054336,5319667.355974923,11450.755337082508,1574191.172916843,5318757.495325691,11450.755337082508
1567316.0440891036,5303686.315676879,11967.170224721674,1.0150730944411586,1566978.498110803,5303289.864288753,11450.755337082508,1567402.7730993936,5304199.724937985,11450.755337082508,1567653.5900674043,5304082.767065006,12483.585112360839,1567229.3150788138,5303172.9064157745,12483.585112360839
1567740.3190776943,5304596.176326111,11967.170224721674,0.873065568100585,1567402.7730993936,5304199.724937985,11450.755337082508,1567827.048087984,5305109.585587217,11450.755337082508,1568077.865055995,5304992.627714237,12483.585112360839,1567653.5900674043,5304082.767065006,12483.585112360839
1568164.594066285,5305506.036975343,11967.170224721674,1.2709308932903316,1567827.048087984,5305109.585587217,11450.755337082508,1568251.3230765748,5306019.446236448,11450.755337082508,1568502.1400445856,5305902.488363469,12483.585112360839,1568077.865055995,5304992.627714237,12483.585112360839
1568588.8690548756,5306415.897624575,11967.170224721674,1.213483571378033,1568251.3230765748,5306019.446236448,11450.755337082508,1568675.5980651653,5306929.306885679,11450.755337082508,1568926.4150331763,5306812.349012701,12483.585112360839,1568502.1400445856,5305902.488363469,12483.585112360839
1569013.144043466,5307325.758273806,11967.170224721674,2.0492845191446842,1568675.5980651653,5306929.306885679,11450.755337082508,1569099.8730537558,5307839.167534911,11450.755337082508,1569350.6900217666,5307722.209661933,12483.585112360839,1568926.4150331763,5306812.349012701,12483.585112360839
1569437.4190320568,5308235.618923037,11967.170224721674,1.9778475521455108,1569099.8730537558,5307839.167534911,11450.755337082508,1569524.1480423466,5308749.028184143,11450.755337082508,1569774.9650103573,5308632.0703111645,12483.585112360839,1569350.6900217666,5307722.209661933,12483.585112360839
1569861.6940206476,5309145.479572269,11967.170224721674,0.2739237411278607,1569524.1480423466,5308749.028184143,11450.755337082508,1569948.423030937,5309658.888833375,11450.755337082508,1570199.239998948,5309541.930960395,12483.585112360839,1569774.9650103573,5308632.0703111645,12483.585112360839
1570285.9690092378,5310055.340221501,11967.170224721674,0.8335088772180764,1569948.423030937,5309658.888833375,11450.755337082508,1570372.6980195276,5310568.749482607,11450.755337082508,1570623.5149875386,5310451.791609627,12483.585112360839,1570199.239998948,5309541.930960395,12483.585112360839
1570710.2439978286,5310965.200870733,11967.170224721674,2.1170686292533443,1570372.6980195276,5310568.749482607,11450.755337082508,1570796.9730081183,5311478.610131837,11450.755337082508,1571047.7899761293,5311361.652258859,12483.585112360839,1570623.5149875386,5310451.791609627,12483.585112360839
1571134.5189864188,5311875.061519965,11967.170224721674,0.779431701394827,1570796.9730081183,5311478.610131837,11450.755337082508,1571221.247996709,5312388.470781069,11450.755337082508,1571472.0649647198,5312271.512908091,12483.585112360839,1571047.7899761293,5311361.652258859,12483.585112360839
1571558.7939750096,5312784.9221691955,11967.170224721674,0.18723153606848042,1571221.247996709,5312388.470781069,11450.755337082508,1571645.5229852996,5313298.331430301,11450.755337082508,1571896.3399533103,5313181.373557323,12483.585112360839,1571472.0649647198,5312271.512908091,12483.585112360839
1571983.0689636003,5313694.782818427,11967.170224721674,0.21334040363762014,1571645.5229852996,5313298.331430301,11450.755337082508,1572069.7979738903,5314208.192079533,11450.755337082508,1572320.614941901,5314091.234206554,12483.585112360839,1571896.3399533103,5313181.373557323,12483.585112360839
1572407.343952191,5314604.643467659,11967.170224721674,0.018029240339645283,1572069.7979738903,5314208.192079533,11450.755337082508,1572494.0729624806,5315118.052728765,11450.755337082508,1572744.8899304916,5315001.094855785,12483.585112360839,1572320.614941901,5314091.234206554,12483.585112360839
1572831.6189407816,5315514.504116891,11967.170224721674,0.0027164200890481363,1572494.0729624806,5315118.052728765,11450.755337082508,1572918.3479510713,5316027.913377996,11450.755337082508,1573169.164919082,5315910.955505017,12483.585112360839,1572744.8899304916,5315001.094855785,12483.585112360839
1573255.8939293716,5316424.364766123,11967.170224721674,0.005455343750118911,1572918.3479510713,5316027.913377996,11450.755337082508,1573342.6229396618,5316937.774027227,11450.755337082508,1573593.4399076728,5316820.816154249,12483.585112360839,1573169.164919082,5315910.955505017,12483.585112360839
1573680.1689179623,5317334.225415354,11967.170224721674,0.014345076892206234,1573342.6229396618,5316937.774027227,11450.755337082508,1573766.8979282526,5317847.634676459,11450.755337082508,1574017.7148962636,5317730.676803481,12483.585112360839,1573593.4399076728,5316820.816154249,12483.585112360839
1574104.443906553,5318244.0860645855,11967.170224721674,0.04844518973719906,1573766.8979282526,5317847.634676459,11450.755337082508,1574191.172916843,5318757.495325691,11450.755337082508,1574441.9898848538,5318640.537452712,12483.585112360839,1574017.7148962636,5317730.676803481,12483.585112360839
1574528.7188951438,5319153.946713817,11967.170224721674,0.5656117951718699,1574191.172916843,5318757.495325691,11450.755337082508,1574615.4479054336,5319667.355974923,11450.755337082508,1574866.2648734446,5319550.398101944,12483.585112360839,1574441.9898848538,5318640.537452712,12483.585112360839
1567566.8610571148,5303569.357803901,13000.000000000002,0.177412892914857,1567229.3150788138,5303172.9064157745,12483.585112360839,1567653.5900674043,5304082.767065006,12483.585112360839,1567904.4070354162,5303965.809192027,13516.414887639165,1567480.1320468255,5303055.948542796,13516.414887639165
1567991.1360457053,5304479.218453133,13000.000000000002,0.8017150314952042,1567653.5900674043,5304082.767065006,12483.585112360839,1568077.865055995,5304992.627714237,12483.585112360839,1568328.6820240067,5304875.669841259,13516.414887639165,1567904.4070354162,5303965.809192027,13516.414887639165
1568415.411034296,5305389.079102364,13000.000000000002,1.2911986823980166,1568077.865055995,5304992.627714237,12483.585112360839,1568502.1400445856,5305902.488363469,12483.585112360839,1568752.9570125972,5305785.530490491,13516.414887639165,1568328.6820240067,5304875.669841259,13516.414887639165
1568839.6860228868,5306298.939751596,13000.000000000002,2.7531221114733837,1568502.1400445856,5305902.488363469,12483.585112360839,1568926.4150331763,5306812.349012701,12483.585112360839,1569177.2320011877,5306695.391139722,13516.414887639165,1568752.9570125972,5305785.530490491,13516.414887639165
1569263.9610114773,5307208.800400827,13000.000000000002,3.3255791611765213,1568926.4150331763,5306812.349012701,12483.585112360839,1569350.6900217666,5307722.209661933,12483.585112360839,1569601.5069897785,5307605.251788954,13516.414887639165,1569177.2320011877,5306695.391139722,13516.414887639165
1569688.236000068,5308118.661050059,13000.000000000002,3.2453757049946743,1569350.6900217666,5307722.209661933,12483.585112360839,1569774.9650103573,5308632.0703111645,12483.585112360839,1570025.7819783692,5308515.112438185,13516.414887639165,1569601.5069897785,5307605.251788954,13516.414887639165
1570112.5109886585,5309028.521699291,13000.000000000002,1.406565940369517,1569774.9650103573,5308632.0703111645,12483.585112360839,1570199.239998948,5309541.930960395,12483.585112360839,1570450.0569669597,5309424.973087417,13516.414887639165,1570025.7819783692,5308515.112438185,13516.414887639165
1570536.785977249,5309938.382348523,13000.000000000002,2.7425084793401067,1570199.239998948,5309541.930960395,12483.585112360839,1570623.5149875386,5310451.791609627,12483.585112360839,1570874.3319555502,5310334.833736649,13516.414887639165,1570450.0569669597,5309424.973087417,13516.414887639165
1570961.0609658398,5310848.242997754,13000.000000000002,2.6990486963800855,1570623.5149875386,5310451.791609627,12483.585112360839,1571047.7899761293,5311361.652258859,12483.585112360839,1571298.6069441407,5311244.694385881,13516.414887639165,1570874.3319555502,5310334.833736649,13516.414887639165
1571385.3359544305,5311758.103646985,13000.000000000002,0.6655775089717463,1571047.7899761293,5311361.652258859,12483.585112360839,1571472.0649647198,5312271.512908091,12483.585112360839,1571722.8819327315,5312154.555035112,13516.414887639165,1571298.6069441407,5311244.694385881,13516.414887639165
1571809.6109430208,5312667.964296217,13000.000000000002,0.46956938427037603,1571472.0649647198,5312271.512908091,12483.585112360839,1571896.3399533103,5313181.373557323,12483.585112360839,1572147.156921322,5313064.415684343,13516.414887639165,1571722.8819327315,5312154.555035112,13516.414887639165
1572233.8859316115,5313577.824945449,13000.000000000002,0.1975835378818345,1571896.3399533103,5313181.373557323,12483.585112360839,1572320.614941901,5314091.234206554,12483.585112360839,1572571.4319099127,5313974.276333575,13516.414887639165,1572147.156921322,5313064.415684343,13516.414887639165
1572658.160920202,5314487.685594681,13000.000000000002,0.08628963108168027,1572320.614941901,5314091.234206554,12483.585112360839,1572744.8899304916,5315001.094855785,12483.585112360839,1572995.7068985032,5314884.136982807,13516.414887639165,1572571.4319099127,5313974.276333575,13516.414887639165
1573082.4359087925,5315397.546243912,13000.000000000002,0.05380050575225482,1572744.8899304916,5315001.094855785,12483.585112360839,1573169.164919082,5315910.955505017,12483.585112360839,1573419.9818870937,5315793.997632039,13516.414887639165,1572995.7068985032,5314884.136982807,13516.414887639165
1573506.7108973833,5316307.406893143,13000.000000000002,0.08887226226988963,1573169.164919082,5315910.955505017,12483.585112360839,1573593.4399076728,5316820.816154249,12483.585112360839,1573844.2568756843,5316703.85828127,13516.414887639165,1573419.9818870937,5315793.997632039,13516.414887639165
1573930.985885974,5317217.267542374,13000.000000000002,0.04762127253170773,1573593.4399076728,5316820.816154249,12483.585112360839,1574017.7148962636,5317730.676803481,12483.585112360839,1574268.531864275,5317613.7189305015,13516.414887639165,1573844.2568756843,5316703.85828127,13516.414887639165
1574355.2608745648,5318127.128191607,13000.000000000002,0.08650415973256292,1574017.7148962636,5317730.676803481,12483.585112360839,1574441.9898848538,5318640.537452712,12483.585112360839,1574692.8068528657,5318523.579579732,13516.414887639165,1574268.531864275,5317613.7189305015,13516.414887639165
1574779.5358631553,5319036.988840838,13000.000000000002,0.9157260337193259,1574441.9898848538,5318640.537452712,12483.585112360839,1574866.2648734446,5319550.398101944,12483.585112360839,1575117.0818414562,5319433.440228964,13516.414887639165,1574692.8068528657,5318523.579579732,13516.414887639165
1567817.6780251262,5303452.399930922,14032.82977527833,0.15392759141078963,1567480.1320468255,5303055.948542796,13516.414887639165,1567904.4070354162,5303965.809192027,13516.414887639165,1568155.2240034267,5303848.851319049,14549.244662917496,1567730.9490148365,5302938.990669817,14549.244662917496
1568241.953013717,5304362.260580154,14032.82977527833,0.23692329585871952,1567904.4070354162,5303965.809192027,13516.414887639165,1568328.6820240067,5304875.669841259,13516.414887639165,1568579.4989920175,5304758.71196828,14549.244662917496,1568155.2240034267,5303848.851319049,14549.244662917496
1568666.2280023075,5305272.121229385,14032.82977527833,1.151586305048256,1568328.6820240067,5304875.669841259,13516.414887639165,1568752.9570125972,5305785.530490491,13516.414887639165,1569003.7739806082,5305668.572617512,14549.244662917496,1568579.4989920175,5304758.71196828,14549.244662917496
1569090.5029908982,5306181.981878617,14032.82977527833,3.740976582344732,1568752.9570125972,5305785.530490491,13516.414887639165,1569177.2320011877,5306695.391139722,13516.414887639165,1569428.0489691987,5306578.433266744,14549.244662917496,1569003.7739806082,5305668.572617512,14549.244662917496
1569514.7779794885,5307091.842527849,14032.82977527833,3.0643409541341486,1569177.2320011877,5306695.391139722,13516.414887639165,1569601.5069897785,5307605.251788954,13516.414887639165,1569852.3239577892,5307488.293915975,14549.244662917496,1569428.0489691987,5306578.433266744,14549.244662917496
1569939.052968079,5308001.7031770805,14032.82977527833,4.007528220528851,1569601.5069897785,5307605.251788954,13516.414887639165,1570025.7819783692,5308515.112438185,13516.414887639165,1570276.59894638,5308398.154565207,14549.244662917496,1569852.3239577892,5307488.293915975,14549.244662917496
1570363.3279566697,5308911.563826312,14032.82977527833,2.8585118517290597,1570025.7819783692,5308515.112438185,13516.414887639165,1570450.0569669597,5309424.973087417,13516.414887639165,1570700.8739349705,5309308.015214439,14549.244662917496,1570276.59894638,5308398.154565207,14549.244662917496
1570787.6029452602,5309821.424475543,14032.82977527833,1.9595449412556085,1570450.0569669597,5309424.973087417,13516.414887639165,1570874.3319555502,5310334.833736649,13516.414887639165,1571125.148923561,5310217.87586367,14549.244662917496,1570700.8739349705,5309308.015214439,14549.244662917496
1571211.877933851,5310731.285124775,14032.82977527833,1.8248677076984678,1570874.3319555502,5310334.833736649,13516.414887639165,1571298.6069441407,5311244.694385881,13516.414887639165,1571549.4239121517,5311127.736512901,14549.244662917496,1571125.148923561,5310217.87586367,14549.244662917496
1571636.1529224417,5311641.145774007,14032.82977527833,0.7913711481850659,1571298.6069441407,5311244.694385881,13516.414887639165,1571722.8819327315,5312154.555035112,13516.414887639165,1571973.6989007422,5312037.597162133,14549.244662917496,1571549.4239121517,5311127.736512901,14549.244662917496
1572060.4279110322,5312551.006423239,14032.82977527833,0.4896050197819952,1571722.8819327315,5312154.555035112,13516.414887639165,1572147.156921322,5313064.415684343,13516.414887639165,1572397.973889333,5312947.457811365,14549.244662917496,1571973.6989007422,5312037.597162133,14549.244662917496
1572484.7028996227,5313460.8670724705,14032.82977527833,0.33786608804401735,1572147.156921322,5313064.415684343,13516.414887639165,1572571.4319099127,5313974.276333575,13516.414887639165,1572822.2488779235,5313857.318460597,14549.244662917496,1572397.973889333,5312947.457811365,14549.244662917496
1572908.9778882132,5314370.727721701,14032.82977527833,0.2093653557344276,1572571.4319099127,5313974.276333575,13516.414887639165,1572995.7068985032,5314884.136982807,13516.414887639165,1573246.523866514,5314767.179109829,14549.244662917496,1572822.2488779235,5313857.318460597,14549.244662917496
1573333.2528768037,5315280.588370933,14032.82977527833,0.8277728804002483,1572995.7068985032,5314884.136982807,13516.414887639165,1573419.9818870937,5315793.997632039,13516.414887639165,1573670.7988551047,5315677.039759059,14549.244662917496,1573246.523866514,5314767.179109829,14549.244662917496
1573757.5278653945,5316190.449020165,14032.82977527833,0.23120220810387623,1573419.9818870937,5315793.997632039,13516.414887639165,1573844.2568756843,5316703.85828127,13516.414887639165,1574095.0738436952,5316586.90040829,14549.244662917496,1573670.7988551047,5315677.039759059,14549.244662917496
1574181.8028539852,5317100.309669396,14032.82977527833,0.5872855742357953,1573844.2568756843,5316703.85828127,13516.414887639165,1574268.531864275,5317613.7189305015,13516.414887639165,1574519.348832286,5317496.761057523,14549.244662917496,1574095.0738436952,5316586.90040829,14549.244662917496
1574606.0778425757,5318010.170318629,14032.82977527833,0.3587519362057502,1574268.531864275,5317613.7189305015,13516.414887639165,1574692.8068528657,5318523.579579732,13516.414887639165,1574943.6238208765,5318406.621706754,14549.244662917496,1574519.348832286,5317496.761057523,14549.244662917496
1575030.3528311662,5318920.030967859,14032.82977527833,1.8388665138691536,1574692.8068528657,5318523.579579732,13516.414887639165,1575117.0818414562,5319433.440228964,13516.414887639165,1575367.898809467,5319316.482355986,14549.244662917496,1574943.6238208765,5318406.621706754,14549.244662917496
1568068.494993137,5303335.442057944,15065.659550556657,0.5032745619989228,1567730.9490148365,5302938.990669817,14549.244662917496,1568155.2240034267,5303848.851319049,14549.244662917496,1568406.0409714377,5303731.89344607,15582.074438195821,1567981.7659828472,5302822.032796838,15582.074438195821
1568492.7699817277,5304245.302707175,15065.659550556657,0.16931436983200904,1568155.2240034267,5303848.851319049,14549.244662917496,1568579.4989920175,5304758.71196828,14549.244662917496,1568830.3159600284,5304641.754095302,15582.074438195821,1568406.0409714377,5303731.89344607,15582.074438195821
1568917.0449703182,5305155.163356407,15065.659550556657,1.1552978832856515,1568579.4989920175,5304758.71196828,14549.244662917496,1569003.7739806082,5305668.572617512,14549.244662917496,1569254.590948619,5305551.614744533,15582.074438195821,1568830.3159600284,5304641.754095302,15582.074438195821
1569341.3199589087,5306065.024005638,15065.659550556657,3.1694063108115667,1569003.7739806082,5305668.572617512,14549.244662917496,1569428.0489691987,5306578.433266744,14549.244662917496,1569678.8659372097,5306461.475393765,15582.074438195821,1569254.590948619,5305551.614744533,15582.074438195821
1569765.5949474995,5306974.88465487,15065.659550556657,2.4267197830029335,1569428.0489691987,5306578.433266744,14549.244662917496,1569852.3239577892,5307488.293915975,14549.244662917496,1570103.1409258,5307371.3360429965,15582.074438195821,1569678.8659372097,5306461.475393765,15582.074438195821
1570189.86993609,5307884.745304102,15065.659550556657,3.252165986601201,1569852.3239577892,5307488.293915975,14549.244662917496,1570276.59894638,5308398.154565207,14549.244662917496,1570527.4159143907,5308281.196692228,15582.074438195821,1570103.1409258,5307371.3360429965,15582.074438195821
1570614.1449246807,5308794.605953333,15065.659550556657,3.8389165719074065,1570276.59894638,5308398.154565207,14549.244662917496,1570700.8739349705,5309308.015214439,14549.244662917496,1570951.6909029814,5309191.05734146,15582.074438195821,1570527.4159143907,5308281.196692228,15582.074438195821
1571038.4199132712,5309704.466602565,15065.659550556657,2.208887031236143,1570700.8739349705,5309308.015214439,14549.244662917496,1571125.148923561,5310217.87586367,14549.244662917496,1571375.965891572,5310100.917990691,15582.074438195821,1570951.6909029814,5309191.05734146,15582.074438195821
1571462.6949018615,5310614.327251797,15065.659550556657,1.6854960690880865,1571125.148923561,5310217.87586367,14549.244662917496,1571549.4239121517,5311127.736512901,14549.244662917496,1571800.2408801627,5311010.778639923,15582.074438195821,1571375.965891572,5310100.917990691,15582.074438195821
1571886.9698904522,5311524.187901028,15065.659550556657,1.0514530282046177,1571549.4239121517,5311127.736512901,14549.244662917496,1571973.6989007422,5312037.597162133,14549.244662917496,1572224.5158687532,5311920.639289155,15582.074438195821,1571800.2408801627,5311010.778639923,15582.074438195821
1572311.244879043,5312434.04855026,15065.659550556657,0.6986539401739288,1571973.6989007422,5312037.597162133,14549.244662917496,1572397.973889333,5312947.457811365,14549.244662917496,1572648.7908573437,5312830.4999383865,15582.074438195821,1572224.5158687532,5311920.639289155,15582.074438195821
1572735.5198676337,5313343.909199491,15065.659550556657,0.6647373213631574,1572397.973889333,5312947.457811365,14549.244662917496,1572822.2488779235,5313857.318460597,14549.244662917496,1573073.0658459344,5313740.360587618,15582.074438195821,1572648.7908573437,5312830.4999383865,15582.074438195821
1573159.7948562242,5314253.769848723,15065.659550556657,0.4285641463352937,1572822.2488779235,5313857.318460597,14549.244662917496,1573246.523866514,5314767.179109829,14549.244662917496,1573497.340834525,5314650.221236849,15582.074438195821,1573073.0658459344,5313740.360587618,15582.074438195821
1573584.069844815,5315163.630497955,15065.659550556657,0.6408545909018286,1573246.523866514,5314767.179109829,14549.244662917496,1573670.7988551047,5315677.039759059,14549.244662917496,1573921.6158231155,5315560.081886081,15582.074438195821,1573497.340834525,5314650.221236849,15582.074438195821
1574008.3448334055,5316073.491147187,15065.659550556657,0.5194987073526799,1573670.7988551047,5315677.039759059,14549.244662917496,1574095.0738436952,5316586.90040829,14549.244662917496,1574345.8908117062,5316469.942535312,15582.074438195821,1573921.6158231155,5315560.081886081,15582.074438195821
1574432.619821996,5316983.3517964175,15065.659550556657,0.3903405966276533,1574095.0738436952,5316586.90040829,14549.244662917496,1574519.348832286,5317496.761057523,14549.244662917496,1574770.1658002967,5317379.803184545,15582.074438195821,1574345.8908117062,5316469.942535312,15582.074438195821
1574856.8948105867,5317893.212445649,15065.659550556657,0.3718677058238637,1574519.348832286,5317496.761057523,14549.244662917496,1574943.6238208765,5318406.621706754,14549.244662917496,1575194.4407888872,5318289.663833776,15582.074438195821,1574770.1658002967,5317379.803184545,15582.074438195821
1575281.1697991774,5318803.07309488,15065.659550556657,1.2381542452717573,1574943.6238208765,5318406.621706754,14549.244662917496,1575367.898809467,5319316.482355986,14549.244662917496,1575618.715777478,5319199.524483006,15582.074438195821,1575194.4407888872,5318289.663833776,15582.074438195821
1568319.3119611484,5303218.484184965,16098.489325834986,0.05590623888256049,1567981.7659828472,5302822.032796838,15582.074438195821,1568406.0409714377,5303731.89344607,15582.074438195821,1568656.8579394494,5303614.935573091,16614.90421347415,1568232.5829508589,5302705.074923859,16614.90421347415
1568743.586949739,5304128.344834195,16098.489325834986,0.1894684781108017,1568406.0409714377,5303731.89344607,15582.074438195821,1568830.3159600284,5304641.754095302,15582.074438195821,1569081.13292804,5304524.796222322,16614.90421347415,1568656.8579394494,5303614.935573091,16614.90421347415
1569167.8619383296,5305038.205483428,16098.489325834986,0.8643480398830141,1568830.3159600284,5304641.754095302,15582.074438195821,1569254.590948619,5305551.614744533,15582.074438195821,1569505.4079166306,5305434.6568715535,16614.90421347415,1569081.13292804,5304524.796222322,16614.90421347415
1569592.13692692,5305948.066132659,16098.489325834986,2.716818553187612,1569254.590948619,5305551.614744533,15582.074438195821,1569678.8659372097,5306461.475393765,15582.074438195821,1569929.6829052211,5306344.517520785,16614.90421347415,1569505.4079166306,5305434.6568715535,16614.90421347415
1570016.4119155107,5306857.926781891,16098.489325834986,3.3144398850559678,1569678.8659372097,5306461.475393765,15582.074438195821,1570103.1409258,5307371.3360429965,15582.074438195821,1570353.9578938119,5307254.378170017,16614.90421347415,1569929.6829052211,5306344.517520785,16614.90421347415
1570440.6869041012,5307767.787431122,16098.489325834986,3.9640644385223154,1570103.1409258,5307371.3360429965,15582.074438195821,1570527.4159143907,5308281.196692228,15582.074438195821,1570778.2328824024,5308164.238819249,16614.90421347415,1570353.9578938119,5307254.378170017,16614.90421347415
1570864.9618926917,5308677.648080355,16098.489325834986,3.1398237606539174,1570527.4159143907,5308281.196692228,15582.074438195821,1570951.6909029814,5309191.05734146,15582.074438195821,1571202.507870993,5309074.09946848,16614.90421347415,1570778.2328824024,5308164.238819249,16614.90421347415
1571289.2368812824,5309587.508729585,16098.489325834986,1.2004813430574486,1570951.6909029814,5309191.05734146,15582.074438195821,1571375.965891572,5310100.917990691,15582.074438195821,1571626.7828595834,5309983.960117712,16614.90421347415,1571202.507870993,5309074.09946848,16614.90421347415
1571713.5118698732,5310497.369378818,16098.489325834986,0.9113388285633002,1571375.965891572,5310100.917990691,15582.074438195821,1571800.2408801627,5311010.778639923,15582.074438195821,1572051.0578481741,5310893.8207669435,16614.90421347415,1571626.7828595834,5309983.960117712,16614.90421347415
1572137.786858464,5311407.230028048,16098.489325834986,0.8122255586587745,1571800.2408801627,5311010.778639923,15582.074438195821,1572224.5158687532,5311920.639289155,15582.074438195821,1572475.3328367649,5311803.681416175,16614.90421347415,1572051.0578481741,5310893.8207669435,16614.90421347415
1572562.0618470544,5312317.090677281,16098.489325834986,0.997078310960435,1572224.5158687532,5311920.639289155,15582.074438195821,1572648.7908573437,5312830.4999383865,15582.074438195821,1572899.6078253554,5312713.542065407,16614.90421347415,1572475.3328367649,5311803.681416175,16614.90421347415
1572986.3368356451,5313226.951326512,16098.489325834986,0.9580576360565998,1572648.7908573437,5312830.4999383865,15582.074438195821,1573073.0658459344,5313740.360587618,15582.074438195821,1573323.882813946,5313623.402714638,16614.90421347415,1572899.6078253554,5312713.542065407,16614.90421347415
1573410.6118242352,5314136.811975745,16098.489325834986,0.9812104714532369,1573073.0658459344,5313740.360587618,15582.074438195821,1573497.340834525,5314650.221236849,15582.074438195821,1573748.1578025366,5314533.26336387,16614.90421347415,1573323.882813946,5313623.402714638,16614.90421347415
1573834.886812826,5315046.672624975,16098.489325834986,0.7671741532760522,1573497.340834525,5314650.221236849,15582.074438195821,1573921.6158231155,5315560.081886081,15582.074438195821,1574172.4327911271,5315443.124013102,16614.90421347415,1573748.1578025366,5314533.26336387,16614.90421347415
1574259.1618014167,5315956.533274206,16098.489325834986,1.1300422047204528,1573921.6158231155,5315560.081886081,15582.074438195821,1574345.8908117062,5316469.942535312,15582.074438195821,1574596.7077797176,5316352.9846623335,16614.90421347415,1574172.4327911271,5315443.124013102,16614.90421347415
1574683.4367900074,5316866.393923438,16098.489325834986,0.6072268479535918,1574345.8908117062,5316469.942535312,15582.074438195821,1574770.1658002967,5317379.803184545,15582.074438195821,1575020.9827683084,5317262.845311565,16614.90421347415,1574596.7077797176,5316352.9846623335,16614.90421347415
1575107.711778598,5317776.25457267,16098.489325834986,0.2695859440644656,1574770.1658002967,5317379.803184545,15582.074438195821,1575194.4407888872,5318289.663833776,15582.074438195821,1575445.257756899,5318172.705960796,16614.90421347415,1575020.9827683084,5317262.845311565,16614.90421347415
1575531.9867671884,5318686.115221902,16098.489325834986,0.4329295558035742,1575194.4407888872,5318289.663833776,15582.074438195821,1575618.715777478,5319199.524483006,15582.074438195821,1575869.5327454896,5319082.566610028,16614.90421347415,1575445.257756899,5318172.705960796,16614.90421347415
1568570.1289291594,5303101.526311985,17131.319101113313,0.32455950190404204,1568232.5829508589,5302705.074923859,16614.90421347415,1568656.8579394494,5303614.935573091,16614.90421347415,1568907.67490746,5303497.977700111,17647.73398875248,1568483.3999188698,5302588.117050881,17647.73398875248
1568994.40391775,5304011.386961217,17131.319101113313,0.3667604938153277,1568656.8579394494,5303614.935573091,16614.90421347415,1569081.13292804,5304524.796222322,16614.90421347415,1569331.9498960508,5304407.838349343,17647.73398875248,1568907.67490746,5303497.977700111,17647.73398875248
1569418.6789063409,5304921.247610449,17131.319101113313,1.0936963974940759,1569081.13292804,5304524.796222322,16614.90421347415,1569505.4079166306,5305434.6568715535,16614.90421347415,1569756.2248846416,5305317.698998575,17647.73398875248,1569331.9498960508,5304407.838349343,17647.73398875248
1569842.9538949316,5305831.10825968,17131.319101113313,3.205144959516143,1569505.4079166306,5305434.6568715535,16614.90421347415,1569929.6829052211,5306344.517520785,16614.90421347415,1570180.499873232,5306227.559647807,17647.73398875248,1569756.2248846416,5305317.698998575,17647.73398875248
1570267.2288835219,5306740.968908912,17131.319101113313,2.8952973514269087,1569929.6829052211,5306344.517520785,16614.90421347415,1570353.9578938119,5307254.378170017,16614.90421347415,1570604.7748618226,5307137.420297038,17647.73398875248,1570180.499873232,5306227.559647807,17647.73398875248
1570691.5038721121,5307650.829558143,17131.319101113313,4.03260377387568,1570353.9578938119,5307254.378170017,16614.90421347415,1570778.2328824024,5308164.238819249,16614.90421347415,1571029.0498504133,5308047.28094627,17647.73398875248,1570604.7748618226,5307137.420297038,17647.73398875248
1571115.7788607029,5308560.690207375,17131.319101113313,3.438403742514385,1570778.2328824024,5308164.238819249,16614.90421347415,1571202.507870993,5309074.09946848,16614.90421347415,1571453.3248390038,5308957.141595501,17647.73398875248,1571029.0498504133,5308047.28094627,17647.73398875248
1571540.0538492936,5309470.550856607,17131.319101113313,0.9806812032193984,1571202.507870993,5309074.09946848,16614.90421347415,1571626.7828595834,5309983.960117712,16614.90421347415,1571877.5998275944,5309867.002244733,17647.73398875248,1571453.3248390038,5308957.141595501,17647.73398875248
1571964.3288378844,5310380.411505838,17131.319101113313,0.9339020301537284,1571626.7828595834,5309983.960117712,16614.90421347415,1572051.0578481741,5310893.8207669435,16614.90421347415,1572301.874816185,5310776.862893965,17647.73398875248,1571877.5998275944,5309867.002244733,17647.73398875248
1572388.603826475,5311290.27215507,17131.319101113313,1.9567375819241608,1572051.0578481741,5310893.8207669435,16614.90421347415,1572475.3328367649,5311803.681416175,16614.90421347415,1572726.1498047756,5311686.723543196,17647.73398875248,1572301.874816185,5310776.862893965,17647.73398875248
1572812.8788150654,5312200.132804302,17131.319101113313,3.4052011646290765,1572475.3328367649,5311803.681416175,16614.90421347415,1572899.6078253554,5312713.542065407,16614.90421347415,1573150.4247933663,5312596.584192428,17647.73398875248,1572726.1498047756,5311686.723543196,17647.73398875248
1573237.153803656,5313109.993453533,17131.319101113313,1.8141283143214024,1572899.6078253554,5312713.542065407,16614.90421347415,1573323.882813946,5313623.402714638,16614.90421347415,1573574.6997819568,5313506.44484166,17647.73398875248,1573150.4247933663,5312596.584192428,17647.73398875248
1573661.4287922469,5314019.854102765,17131.319101113313,0.9320204500167104,1573323.882813946,5313623.402714638,16614.90421347415,1573748.1578025366,5314533.26336387,16614.90421347415,1573998.9747705474,5314416.305490891,17647.73398875248,1573574.6997819568,5313506.44484166,17647.73398875248
1574085.7037808374,5314929.714751996,17131.319101113313,0.6199707853331246,1573748.1578025366,5314533.26336387,16614.90421347415,1574172.4327911271,5315443.124013102,16614.90421347415,1574423.249759138,5315326.166140123,17647.73398875248,1573998.9747705474,5314416.305490891,17647.73398875248
1574509.978769428,5315839.575401228,17131.319101113313,0.4342419521589532,1574172.4327911271,5315443.124013102,16614.90421347415,1574596.7077797176,5316352.9846623335,16614.90421347415,1574847.5247477286,5316236.026789354,17647.73398875248,1574423.249759138,5315326.166140123,17647.73398875248
1574934.2537580186,5316749.43605046,17131.319101113313,0.4030241244767226,1574596.7077797176,5316352.9846623335,16614.90421347415,1575020.9827683084,5317262.845311565,16614.90421347415,1575271.7997363193,5317145.887438586,17647.73398875248,1574847.5247477286,5316236.026789354,17647.73398875248
1575358.5287466089,5317659.296699692,17131.319101113313,0.6766020362740947,1575020.9827683084,5317262.845311565,16614.90421347415,1575445.257756899,5318172.705960796,16614.90421347415,1575696.0747249098,5318055.748087818,17647.73398875248,1575271.7997363193,5317145.887438586,17647.73398875248
1575782.8037351996,5318569.157348923,17131.319101113313,0.13494320244903787,1575445.257756899,5318172.705960796,16614.90421347415,1575869.5327454896,5319082.566610028,16614.90421347415,1576120.3497135004,5318965.60873705,17647.73398875248,1575696.0747249098,5318055.748087818,17647.73398875248
1568820.945897171,5302984.568439007,18164.148876391642,0.6115197138404521,1568483.3999188698,5302588.117050881,17647.73398875248,1568907.67490746,5303497.977700111,17647.73398875248,1569158.491875472,5303381.019827133,18680.56376403081,1568734.2168868813,5302471.159177901,18680.56376403081
1569245.2208857618,5303894.429088239,18164.148876391642,0.06373284717530606,1568907.67490746,5303497.977700111,17647.73398875248,1569331.9498960508,5304407.838349343,17647.73398875248,1569582.7668640628,5304290.880476365,18680.56376403081,1569158.491875472,5303381.019827133,18680.56376403081
1569669.4958743518,5304804.2897374695,18164.148876391642,0.8003571328295218,1569331.9498960508,5304407.838349343,17647.73398875248,1569756.2248846416,5305317.698998575,17647.73398875248,1570007.0418526533,5305200.741125597,18680.56376403081,1569582.7668640628,5304290.880476365,18680.56376403081
1570093.7708629426,5305714.150386701,18164.148876391642,1.4447996095211895,1569756.2248846416,5305317.698998575,17647.73398875248,1570180.499873232,5306227.559647807,17647.73398875248,1570431.3168412435,5306110.601774828,18680.56376403081,1570007.0418526533,5305200.741125597,18680.56376403081
1570518.045851533,5306624.011035933,18164.148876391642,2.6445514404290784,1570180.499873232,5306227.559647807,17647.73398875248,1570604.7748618226,5307137.420297038,17647.73398875248,1570855.5918298343,5307020.462424059,18680.56376403081,1570431.3168412435,5306110.601774828,18680.56376403081
1570942.3208401238,5307533.871685165,18164.148876391642,2.8446350604892077,1570604.7748618226,5307137.420297038,17647.73398875248,1571029.0498504133,5308047.28094627,17647.73398875248,1571279.866818425,5307930.323073291,18680.56376403081,1570855.5918298343,5307020.462424059,18680.56376403081
1571366.5958287145,5308443.732334397,18164.148876391642,2.102419613258827,1571029.0498504133,5308047.28094627,17647.73398875248,1571453.3248390038,5308957.141595501,17647.73398875248,1571704.1418070155,5308840.183722523,18680.56376403081,1571279.866818425,5307930.323073291,18680.56376403081
1571790.8708173053,5309353.592983628,18164.148876391642,0.5183741649128356,1571453.3248390038,5308957.141595501,17647.73398875248,1571877.5998275944,5309867.002244733,17647.73398875248,1572128.4167956063,5309750.044371755,18680.56376403081,1571704.1418070155,5308840.183722523,18680.56376403081
1572215.1458058956,5310263.4536328595,18164.148876391642,0.9986144138157843,1571877.5998275944,5309867.002244733,17647.73398875248,1572301.874816185,5310776.862893965,17647.73398875248,1572552.6917841968,5310659.905020986,18680.56376403081,1572128.4167956063,5309750.044371755,18680.56376403081
1572639.4207944858,5311173.314282091,18164.148876391642,1.455035329567193,1572301.874816185,5310776.862893965,17647.73398875248,1572726.1498047756,5311686.723543196,17647.73398875248,1572976.9667727873,5311569.765670218,18680.56376403081,1572552.6917841968,5310659.905020986,18680.56376403081
1573063.6957830766,5312083.174931323,18164.148876391642,3.4071357419751513,1572726.1498047756,5311686.723543196,17647.73398875248,1573150.4247933663,5312596.584192428,17647.73398875248,1573401.2417613778,5312479.626319449,18680.56376403081,1572976.9667727873,5311569.765670218,18680.56376403081
1573487.9707716673,5312993.035580555,18164.148876391642,2.866680770848676,1573150.4247933663,5312596.584192428,17647.73398875248,1573574.6997819568,5313506.44484166,17647.73398875248,1573825.5167499685,5313389.486968681,18680.56376403081,1573401.2417613778,5312479.626319449,18680.56376403081
1573912.245760258,5313902.896229786,18164.148876391642,2.2649910376560594,1573574.6997819568,5313506.44484166,17647.73398875248,1573998.9747705474,5314416.305490891,17647.73398875248,1574249.7917385593,5314299.347617913,18680.56376403081,1573825.5167499685,5313389.486968681,18680.56376403081
1574336.5207488486,5314812.756879018,18164.148876391642,1.1728111868730957,1573998.9747705474,5314416.305490891,17647.73398875248,1574423.249759138,5315326.166140123,17647.73398875248,1574674.0667271498,5315209.208267144,18680.56376403081,1574249.7917385593,5314299.347617913,18680.56376403081
1574760.795737439,5315722.6175282495,18164.148876391642,0.8444436176240719,1574423.249759138,5315326.166140123,17647.73398875248,1574847.5247477286,5316236.026789354,17647.73398875248,1575098.3417157403,5316119.068916376,18680.56376403081,1574674.0667271498,5315209.208267144,18680.56376403081
1575185.0707260298,5316632.478177481,18164.148876391642,0.6727683869429496,1574847.5247477286,5316236.026789354,17647.73398875248,1575271.7997363193,5317145.887438586,17647.73398875248,1575522.6167043308,5317028.929565608,18680.56376403081,1575098.3417157403,5316119.068916376,18680.56376403081
1575609.3457146205,5317542.338826713,18164.148876391642,0.7099930668625845,1575271.7997363193,5317145.887438586,17647.73398875248,1575696.0747249098,5318055.748087818,17647.73398875248,1575946.8916929215,5317938.790214839,18680.56376403081,1575522.6167043308,5317028.929565608,18680.56376403081
1576033.620703211,5318452.199475944,18164.148876391642,0.4763709525942144,1575696.0747249098,5318055.748087818,17647.73398875248,1576120.3497135004,5318965.60873705,17647.73398875248,1576371.166681512,5318848.650864071,18680.56376403081,1575946.8916929215,5317938.790214839,18680.56376403081
1569071.762865182,5302867.610566027,19196.97865166997,0.062230961970224936,1568734.2168868813,5302471.159177901,18680.56376403081,1569158.491875472,5303381.019827133,18680.56376403081,1569409.3088434828,5303264.061954155,19713.393539309134,1568985.0338548922,5302354.201304923,19713.393539309134
1569496.0378537728,5303777.471215259,19196.97865166997,0.06223928287615589,1569158.491875472,5303381.019827133,18680.56376403081,1569582.7668640628,5304290.880476365,18680.56376403081,1569833.5838320733,5304173.922603386,19713.393539309134,1569409.3088434828,5303264.061954155,19713.393539309134
1569920.3128423635,5304687.331864491,19196.97865166997,0.8986185086306094,1569582.7668640628,5304290.880476365,18680.56376403081,1570007.0418526533,5305200.741125597,18680.56376403081,1570257.858820664,5305083.783252617,19713.393539309134,1569833.5838320733,5304173.922603386,19713.393539309134
1570344.5878309538,5305597.192513723,19196.97865166997,1.8511745650035245,1570007.0418526533,5305200.741125597,18680.56376403081,1570431.3168412435,5306110.601774828,18680.56376403081,1570682.1338092545,5305993.643901849,19713.393539309134,1570257.858820664,5305083.783252617,19713.393539309134
1570768.8628195443,5306507.053162955,19196.97865166997,3.101394495136342,1570431.3168412435,5306110.601774828,18680.56376403081,1570855.5918298343,5307020.462424059,18680.56376403081,1571106.4087978452,5306903.504551081,19713.393539309134,1570682.1338092545,5305993.643901849,19713.393539309134
1571193.137808135,5307416.913812186,19196.97865166997,1.4981185176728566,1570855.5918298343,5307020.462424059,18680.56376403081,1571279.866818425,5307930.323073291,18680.56376403081,1571530.6837864358,5307813.365200313,19713.393539309134,1571106.4087978452,5306903.504551081,19713.393539309134
1571617.4127967255,5308326.774461417,19196.97865166997,0.9209312729905639,1571279.866818425,5307930.323073291,18680.56376403081,1571704.1418070155,5308840.183722523,18680.56376403081,1571954.9587750265,5308723.225849545,19713.393539309134,1571530.6837864358,5307813.365200313,19713.393539309134
1572041.6877853163,5309236.635110649,19196.97865166997,0.33910581403602086,1571704.1418070155,5308840.183722523,18680.56376403081,1572128.4167956063,5309750.044371755,18680.56376403081,1572379.2337636168,5309633.0864987755,19713.393539309134,1571954.9587750265,5308723.225849545,19713.393539309134
1572465.9627739068,5310146.495759881,19196.97865166997,0.4781008156684135,1572128.4167956063,5309750.044371755,18680.56376403081,1572552.6917841968,5310659.905020986,18680.56376403081,1572803.5087522075,5310542.947148007,19713.393539309134,1572379.2337636168,5309633.0864987755,19713.393539309134
1572890.2377624975,5311056.356409113,19196.97865166997,1.0629127585055875,1572552.6917841968,5310659.905020986,18680.56376403081,1572976.9667727873,5311569.765670218,18680.56376403081,1573227.7837407982,5311452.807797239,19713.393539309134,1572803.5087522075,5310542.947148007,19713.393539309134
1573314.5127510882,5311966.217058344,19196.97865166997,2.5498751380631965,1572976.9667727873,5311569.765670218,18680.56376403081,1573401.2417613778,5312479.626319449,18680.56376403081,1573652.0587293888,5312362.668446471,19713.393539309134,1573227.7837407982,5311452.807797239,19713.393539309134
1573738.7877396785,5312876.077707576,19196.97865166997,2.389049134347835,1573401.2417613778,5312479.626319449,18680.56376403081,1573825.5167499685,5313389.486968681,18680.56376403081,1574076.3337179795,5313272.529095702,19713.393539309134,1573652.0587293888,5312362.668446471,19713.393539309134
1574163.0627282693,5313785.938356807,19196.97865166997,1.9995705057174287,1573825.5167499685,5313389.486968681,18680.56376403081,1574249.7917385593,5314299.347617913,18680.56376403081,1574500.60870657,5314182.389744934,19713.393539309134,1574076.3337179795,5313272.529095702,19713.393539309134
1574587.33771686,5314695.799006039,19196.97865166997,1.7276818612313225,1574249.7917385593,5314299.347617913,18680.56376403081,1574674.0667271498,5315209.208267144,18680.56376403081,1574924.8836951605,5315092.2503941655,19713.393539309134,1574500.60870657,5314182.389744934,19713.393539309134
1575011.6127054503,5315605.659655271,19196.97865166997,1.2013235600041414,1574674.0667271498,5315209.208267144,18680.56376403081,1575098.3417157403,5316119.068916376,18680.56376403081,1575349.158683751,5316002.111043397,19713.393539309134,1574924.8836951605,5315092.2503941655,19713.393539309134
1575435.887694041,5316515.520304502,19196.97865166997,1.2744625148256064,1575098.3417157403,5316119.068916376,18680.56376403081,1575522.6167043308,5317028.929565608,18680.56376403081,1575773.4336723418,5316911.971692629,19713.393539309134,1575349.158683751,5316002.111043397,19713.393539309134
1575860.1626826318,5317425.380953734,19196.97865166997,2.3858361327922126,1575522.6167043308,5317028.929565608,18680.56376403081,1575946.8916929215,5317938.790214839,18680.56376403081,1576197.7086609325,5317821.83234186,19713.393539309134,1575773.4336723418,5316911.971692629,19713.393539309134
1576284.437671222,5318335.241602966,19196.97865166997,2.3072720989512794,1575946.8916929215,5317938.790214839,18680.56376403081,1576371.166681512,5318848.650864071,18680.56376403081,1576621.983649523,5318731.692991092,19713.393539309134,1576197.7086609325,5317821.83234186,19713.393539309134
